name	count	identity	evolved_interaction	ancestral_interaction	stability
R135M_A	1	0.993506493506	-10.4946	-10.5196	-25.7762
M1060H_C	9	0.972602739726	-10.5023	-10.3585	-7.08976
Q7C_A	18	0.948051948052	-10.4815	-10.5149	-25.1015
F1036L_C	27	0.917808219178	-10.6946	-10.5482	-9.94034
L1026A_C	33	0.876712328767	-10.9537	-10.2308	-9.67993
E117V_A	40	0.909090909091	-10.9728	-10.5733	-26.9725
K1038M_C	46	0.86301369863	-10.9501	-10.2989	-9.42274
F24D_A	60	0.863636363636	-10.5505	-10.1581	-24.0971
A1053N_C	65	0.835616438356	-10.6531	-11.1746	-6.26487
N1086W_C	79	0.808219178082	-11.1371	-11.6394	-7.45482
K74N_A	99	0.805194805195	-10.373	-10.0478	-24.2001
S138H_A	109	0.792207792208	-10.7559	-10.5061	-24.2787
Y58F_A	121	0.772727272727	-10.7436	-10.4887	-23.797
E131K_A	139	0.75974025974	-10.4807	-10.4133	-23.8298
K131C_A	159	0.74025974026	-10.8382	-10.4131	-24.1393
K15F_A	174	0.733766233766	-10.6697	-10.5367	-24.7994
C40I_A	186	0.714285714286	-10.7951	-10.4236	-29.8884
V117Y_A	194	0.701298701299	-10.8358	-10.4656	-25.9625
G113M_A	201	0.675324675325	-10.8421	-10.4888	-30.3464
Y140S_A	207	0.655844155844	-10.8385	-10.4803	-27.6964
Y1024C_C	217	0.643835616438	-11.8615	-12.3011	-6.67743
R93I_A	227	0.62987012987	-11.8074	-10.3811	-25.0543
K1027M_C	233	0.575342465753	-10.8705	-11.2892	-8.92835
M135F_A	244	0.61038961039	-10.8871	-10.0227	-23.5191
K147Y_A	257	0.584415584416	-10.8885	-9.77963	-24.2314
A1026V_C	264	0.561643835616	-11.2016	-11.2157	-9.6425
V5P_A	271	0.571428571429	-11.2016	-10.1177	-25.9917
P3C_A	285	0.571428571429	-11.0999	-10.1177	-24.4528
H46P_A	300	0.577922077922	-11.1148	-10.1537	-25.7281
K31L_A	315	0.571428571429	-11.0781	-10.1679	-23.9486
I107M_A	321	0.558441558442	-11.0873	-10.1744	-25.835
S89Q_A	328	0.538961038961	-11.0853	-10.185	-24.0814
V57E_A	340	0.519480519481	-10.509	-9.71171	-25.0369
Q130C_A	349	0.512987012987	-10.5738	-9.74909	-23.8869
N1071Y_C	367	0.479452054795	-10.6669	-10.9747	-9.91509
R122N_A	379	0.519480519481	-10.6732	-9.79438	-25.2542
L1025N_C	395	0.493150684932	-10.6607	-10.9742	-7.3103
N122R_A	408	0.506493506494	-10.5624	-9.53875	-24.7568
C10V_A	419	0.5	-10.5814	-9.58084	-24.7131
R1093F_C	425	0.452054794521	-10.9716	-11.1945	-5.9667
R131L_A	443	0.487012987013	-11.2823	-9.73905	-23.8969
Q150R_A	461	0.487012987013	-11.2867	-9.73905	-25.7236
K18M_A	467	0.474025974026	-10.5696	-9.54613	-29.1618
V29Y_A	474	0.467532467532	-10.5485	-9.5514	-28.8568
P88W_A	480	0.448051948052	-10.6097	-9.55359	-23.9824
W88G_A	496	0.454545454545	-10.5731	-9.56374	-23.9112
N1080R_C	504	0.397260273973	-10.5868	-11.0746	-6.32336
V1061H_C	523	0.397260273973	-10.5903	-11.0743	-6.48424
P123M_A	543	0.448051948052	-10.6148	-9.56564	-24.1261
V1028L_C	556	0.383561643836	-10.5459	-11.0517	-7.20944
D19Y_A	569	0.441558441558	-10.8849	-9.70665	-25.6306
G24Y_A	577	0.435064935065	-10.9381	-9.66662	-24.738
L109I_A	586	0.435064935065	-11.1578	-10.0199	-25.7022
Y82T_A	591	0.415584415584	-11.0268	-9.73938	-28.4247
P1077Y_C	597	0.356164383562	-10.8945	-11.077	-8.15276
P59M_A	603	0.402597402597	-10.899	-9.65654	-26.9591
M61A_A	608	0.402597402597	-10.9099	-9.71029	-24.0733
W1075T_C	620	0.356164383562	-10.7299	-10.8938	-5.97664
E143M_A	637	0.396103896104	-10.7888	-9.47865	-23.7279
M1063K_C	649	0.369863013699	-10.8343	-11.0021	-9.25794
D37H_A	664	0.396103896104	-10.7695	-9.41327	-24.4637
D1066G_C	672	0.342465753425	-10.8459	-11.0079	-6.49421
H149W_A	684	0.38961038961	-10.7801	-9.3957	-24.3537
Y1071R_C	690	0.369863013699	-11.0709	-11.0318	-8.44207
K1041A_C	696	0.356164383562	-11.2794	-11.1874	-6.18826
P21R_A	702	0.376623376623	-11.4275	-9.86046	-24.7695
K82S_A	709	0.376623376623	-11.7518	-9.85759	-24.0281
W106H_A	716	0.376623376623	-10.7138	-9.8102	-24.6607
L131Q_A	732	0.37012987013	-10.7909	-9.73006	-24.0863
G1066Q_C	752	0.342465753425	-10.8166	-10.2076	-10.2594
L44Q_A	761	0.37012987013	-10.6778	-9.46446	-23.9118
T122L_A	772	0.37012987013	-10.6535	-9.42471	-25.4288
R1062G_C	777	0.328767123288	-10.6333	-10.178	-9.3892
L154K_A	793	0.363636363636	-11.5654	-9.45603	-24.0661
T49R_A	808	0.363636363636	-11.7228	-9.59175	-25.1929
K1052V_C	820	0.328767123288	-11.6002	-11.0715	-8.39629
A152N_A	830	0.357142857143	-11.4847	-9.44087	-24.5143
S82T_A	843	0.350649350649	-11.4982	-9.45118	-25.7312
M21S_A	858	0.337662337662	-11.4959	-9.44815	-24.8405
R51Q_A	865	0.337662337662	-12.4058	-10.6191	-25.3841
F95M_A	874	0.337662337662	-12.3926	-10.5887	-24.0449
Y24S_A	884	0.337662337662	-11.7703	-10.0325	-24.1867
C156M_A	907	0.331168831169	-12.4189	-10.6482	-23.8207
E1082W_C	915	0.315068493151	-11.6435	-10.546	-7.52263
M131P_A	921	0.324675324675	-11.9876	-10.5985	-25.4616
V107L_A	930	0.318181818182	-11.7021	-10.5951	-24.4148
L6T_A	941	0.305194805195	-11.6698	-10.6134	-24.9337
W115L_A	950	0.305194805195	-12.171	-11.0583	-24.7124
I109C_A	964	0.305194805195	-12.1691	-11.073	-24.0998
H65A_A	979	0.311688311688	-11.6745	-11.0744	-24.0084
K1039F_C	987	0.315068493151	-11.7831	-10.7796	-10.0716
K146Q_A	998	0.305194805195	-11.6633	-10.8935	-24.1495
