name	count	identity	evolved_interaction	ancestral_interaction	stability
Q1095K_C	1	0.986301369863	-10.8795	-10.7595	-8.19286
F24M_A	8	0.974025974026	-10.8396	-10.371	-24.6388
Q154V_A	14	0.954545454545	-10.8876	-10.4968	-24.3418
R1047W_C	27	0.917808219178	-10.8881	-11.0553	-7.23594
E63W_A	36	0.922077922078	-11.1167	-10.6394	-25.4805
D1073I_C	51	0.904109589041	-11.1302	-11.1255	-7.61505
K74C_A	63	0.88961038961	-11.1572	-10.5714	-24.5151
Q130R_A	74	0.863636363636	-11.0581	-10.6327	-24.6683
D1068N_C	80	0.849315068493	-10.8874	-10.7659	-8.29601
L109Y_A	91	0.824675324675	-10.589	-9.98062	-23.9441
A1060F_C	101	0.835616438356	-10.5656	-10.5581	-10.8395
H1023V_C	115	0.808219178082	-10.5692	-10.101	-11.8804
N52S_A	127	0.772727272727	-10.6925	-10.3173	-24.6911
Q1056F_C	138	0.767123287671	-10.3968	-9.96382	-10.114
R139M_A	152	0.74025974026	-10.4434	-10.2936	-23.5585
D1050E_C	171	0.739726027397	-10.3846	-9.86467	-12.338
C93Q_A	193	0.733766233766	-10.582	-10.3041	-24.2287
D37R_A	201	0.720779220779	-10.6704	-10.2247	-24.3675
I1035S_C	219	0.643835616438	-10.7084	-10.0391	-6.6294
K147S_A	227	0.694805194805	-10.6731	-10.2237	-24.6875
L94I_A	236	0.681818181818	-10.6668	-10.2438	-25.0113
I96K_A	245	0.662337662338	-10.6822	-10.231	-24.85
S127K_A	263	0.636363636364	-10.7828	-10.3	-26.1422
K15I_A	275	0.62987012987	-10.6031	-10.2786	-24.3234
K48C_A	287	0.61038961039	-10.5535	-10.2101	-24.4807
F1056C_C	299	0.58904109589	-10.5679	-10.047	-7.55198
E49G_A	313	0.597402597403	-10.7834	-10.2529	-23.6696
D1082E_C	326	0.547945205479	-10.869	-9.59368	-6.90641
E1094M_C	334	0.520547945205	-10.9432	-9.67436	-7.85548
A154V_A	340	0.584415584416	-11.1455	-9.4179	-24.0475
S147C_A	351	0.584415584416	-11.042	-9.41095	-24.6154
A32Q_A	368	0.577922077922	-11.0432	-9.40556	-23.9487
E143I_A	379	0.564935064935	-10.8881	-9.77359	-24.6072
I93F_A	400	0.558441558442	-10.7985	-9.09039	-24.7863
N140M_A	411	0.551948051948	-10.5975	-9.08371	-26.0586
F136Y_A	420	0.551948051948	-10.6363	-9.05252	-24.0094
R1093P_C	431	0.452054794521	-10.6461	-9.47632	-6.19336
F1075L_C	459	0.452054794521	-10.6344	-9.4761	-5.98499
K1040L_C	473	0.438356164384	-10.5025	-9.50105	-6.48684
Q7E_A	482	0.532467532468	-10.5079	-8.89191	-27.0743
V148I_A	492	0.519480519481	-10.5531	-8.60035	-25.0328
R3C_A	503	0.525974025974	-10.5532	-8.59767	-26.9406
E99L_A	511	0.519480519481	-10.5531	-8.59847	-27.9518
F48P_A	529	0.506493506494	-10.606	-8.98949	-25.6816
Q117L_A	549	0.506493506494	-10.622	-9.09965	-26.1417
I1081F_C	563	0.452054794521	-10.5969	-9.47476	-7.09583
H118L_A	570	0.506493506494	-10.9428	-9.41711	-24.6345
A149M_A	576	0.506493506494	-10.8753	-8.25675	-25.1155
F66Y_A	585	0.506493506494	-10.8405	-8.03553	-24.5584
M1094K_C	597	0.41095890411	-10.8299	-9.52377	-6.44754
Q32V_A	603	0.493506493506	-10.5929	-8.11071	-25.7031
R1086Y_C	617	0.397260273973	-10.6478	-9.41879	-6.63104
Q105K_A	625	0.487012987013	-10.6677	-6.95313	-27.1322
F1052K_C	634	0.369863013699	-11.2213	-9.37718	-6.12667
L40W_A	642	0.474025974026	-11.4848	-7.98434	-24.2674
L118Q_A	648	0.467532467532	-11.5749	-7.95867	-26.5234
R1064F_C	658	0.397260273973	-11.3024	-9.05434	-6.4555
E1062H_C	677	0.397260273973	-11.3165	-9.17216	-6.70182
L1025W_C	689	0.383561643836	-10.8897	-9.16426	-7.38422
R37L_A	704	0.454545454545	-10.8916	-8.06956	-25.6169
S138N_A	711	0.435064935065	-10.8713	-8.65319	-24.7659
T1030F_C	719	0.383561643836	-10.7846	-9.15645	-7.43632
C107N_A	727	0.441558441558	-10.6829	-8.53826	-25.039
L1066C_C	733	0.356164383562	-10.5906	-8.5901	-6.61442
M149L_A	741	0.448051948052	-10.5892	-8.26281	-24.3893
F1064V_C	748	0.356164383562	-10.8089	-8.83713	-8.49912
N127H_A	761	0.454545454545	-10.9822	-8.5023	-25.668
H127Y_A	775	0.454545454545	-11.3072	-8.52438	-27.1228
N138W_A	782	0.441558441558	-11.1619	-8.18979	-24.8747
H98N_A	789	0.448051948052	-11.3363	-8.2977	-24.7007
Y1050N_C	798	0.356164383562	-11.5322	-9.74655	-7.94757
C46L_A	805	0.441558441558	-11.2093	-7.79458	-26.0526
W1066L_C	813	0.356164383562	-10.8648	-9.10572	-10.9322
S1039C_C	824	0.328767123288	-10.9325	-9.04836	-10.9373
A1077I_C	832	0.328767123288	-10.8847	-9.01062	-8.80839
C110N_A	840	0.422077922078	-10.6588	-7.97258	-23.8503
Q118H_A	847	0.415584415584	-10.6703	-7.92921	-23.884
M36I_A	859	0.409090909091	-10.4001	-7.58558	-24.1207
A1071N_C	878	0.328767123288	-10.4044	-8.98034	-6.47725
N1071I_C	891	0.328767123288	-10.4222	-8.98625	-8.99225
L93V_A	904	0.402597402597	-10.5156	-8.93995	-23.7098
N118R_A	912	0.402597402597	-10.5463	-8.96576	-24.283
R1062Q_C	928	0.342465753425	-10.562	-9.02173	-7.82356
K63H_A	937	0.396103896104	-10.6267	-8.64824	-23.9825
N145Y_A	960	0.396103896104	-10.6323	-8.29174	-25.3631
N1050D_C	969	0.328767123288	-10.6305	-9.00075	-7.75158
T9N_A	997	0.396103896104	-10.5388	-8.20045	-25.4136
