name	count	identity	evolved_interaction	ancestral_interaction	stability
M36D_A	1	0.993506493506	-10.1345	-10.1632	-25.052
E1059M_C	35	0.972602739726	-10.3912	-10.7214	-11.6871
I96N_A	43	0.948051948052	-10.3874	-10.2226	-26.2758
F1037G_C	50	0.931506849315	-10.4052	-10.6953	-7.89669
W103M_A	60	0.909090909091	-10.3895	-10.2165	-26.0202
V29C_A	73	0.883116883117	-10.4729	-10.2932	-24.2489
P59F_A	97	0.87012987013	-10.4797	-10.2977	-24.0695
P33C_A	108	0.857142857143	-10.4462	-10.229	-24.7841
S1033C_C	116	0.849315068493	-10.7844	-10.7002	-6.49596
D1080Q_C	124	0.821917808219	-10.7045	-10.6186	-6.17953
G95S_A	132	0.824675324675	-10.5288	-10.7138	-25.0858
Q130V_A	143	0.805194805195	-10.5292	-10.711	-24.2202
D19G_A	155	0.792207792208	-10.847	-10.9768	-24.525
R1071L_C	173	0.739726027397	-10.7567	-10.3294	-6.87048
C93I_A	182	0.74025974026	-10.7346	-10.7777	-26.1794
E1094T_C	190	0.72602739726	-10.4201	-10.5119	-6.31083
C1033R_C	198	0.72602739726	-10.4349	-10.5292	-7.51137
K153F_A	218	0.694805194805	-10.437	-10.7275	-24.0907
A1055I_C	227	0.684931506849	-11.0005	-9.93645	-7.43699
T1094I_C	247	0.643835616438	-10.7435	-9.67298	-7.54492
C29A_A	258	0.675324675325	-11.0483	-11.3513	-24.1164
I79N_A	271	0.662337662338	-11.207	-11.3105	-26.873
M61L_A	277	0.655844155844	-11.2234	-11.2989	-28.1012
Q10N_A	284	0.62987012987	-11.295	-11.3243	-24.2686
M1060S_C	294	0.575342465753	-11.2071	-9.95461	-9.07399
A1062W_C	309	0.575342465753	-11.9913	-11.1289	-7.33622
C33N_A	318	0.61038961039	-11.756	-11.3323	-24.8557
M1079L_C	347	0.561643835616	-12.5465	-11.5296	-9.06675
L1081N_C	357	0.520547945205	-11.7487	-7.19134	-6.65016
S1060E_C	364	0.520547945205	-11.748	-7.09107	-8.62253
E131D_A	375	0.571428571429	-11.7369	-10.3309	-24.7769
M105A_A	385	0.571428571429	-11.512	-10.3431	-24.5475
F1070A_C	393	0.520547945205	-11.5186	-7.37291	-8.76443
K1054E_C	402	0.506849315068	-11.5226	-7.37549	-7.37612
H1046Y_C	415	0.506849315068	-12.0577	-7.11309	-8.14188
Q115M_A	424	0.564935064935	-12.122	-10.3865	-24.8794
D118T_A	462	0.551948051948	-12.122	-10.3902	-24.4328
G23A_A	468	0.545454545455	-11.5978	-9.87255	-23.8529
S98M_A	479	0.545454545455	-10.7454	-9.86927	-24.6658
G27V_A	496	0.532467532468	-11.0358	-10.44	-25.4365
K76L_A	503	0.519480519481	-11.04	-10.44	-25.7678
R139K_A	512	0.506493506494	-11.0409	-10.4359	-24.2022
I1049Y_C	528	0.452054794521	-10.7916	-7.37547	-7.29317
M147F_A	537	0.493506493506	-10.8828	-10.3956	-24.7776
K1041C_C	559	0.424657534247	-11.0565	-7.20153	-7.20774
Y1046A_C	570	0.424657534247	-10.8958	-7.11345	-8.24627
Y151W_A	582	0.474025974026	-10.9353	-9.70496	-25.5292
Y40V_A	590	0.467532467532	-10.7066	-9.29229	-25.6301
V154Q_A	606	0.467532467532	-10.7184	-9.30275	-25.9891
S142M_A	619	0.461038961039	-10.8408	-9.43162	-27.9861
V19R_A	626	0.461038961039	-10.8362	-9.63085	-31.9304
S89T_A	635	0.454545454545	-10.8798	-9.82129	-29.6241
K31M_A	645	0.435064935065	-10.8802	-9.72181	-26.012
F126Q_A	658	0.435064935065	-10.8883	-9.73433	-25.0456
Y25G_A	676	0.422077922078	-10.5171	-9.24348	-24.0624
N1025L_C	689	0.383561643836	-10.9687	-7.30091	-9.28641
E1040G_C	701	0.383561643836	-11.1896	-7.13837	-9.37014
C3P_A	710	0.415584415584	-11.1602	-8.66323	-24.5689
I68M_A	731	0.415584415584	-10.6084	-9.13179	-24.5227
W1094L_C	740	0.356164383562	-10.5931	-6.91078	-8.08292
L1071Y_C	759	0.356164383562	-10.5917	-6.89923	-8.10365
W1079N_C	777	0.356164383562	-12.6854	-5.39089	-8.40716
H1088T_C	790	0.356164383562	-11.2966	-12.3122	-7.59609
K122Q_A	799	0.402597402597	-11.0751	-8.93292	-25.2375
M18R_A	812	0.402597402597	-12.5925	-11.9971	-24.7251
G1055T_C	818	0.342465753425	-12.501	-10.799	-8.01593
T1088G_C	827	0.356164383562	-11.4297	-11.117	-6.11895
T63K_A	848	0.38961038961	-11.5803	-11.6877	-25.6165
A1085I_C	860	0.369863013699	-11.4694	-11.0816	-6.38486
N1025H_C	873	0.342465753425	-11.4051	-11.0219	-7.87845
R19C_A	884	0.383116883117	-11.83	-11.3524	-24.5241
M1029F_C	893	0.315068493151	-11.4594	-11.1472	-6.42435
S39A_A	900	0.383116883117	-12.0159	-11.968	-24.2718
K33W_A	907	0.383116883117	-12.0225	-11.9451	-24.3565
P3T_A	917	0.383116883117	-12.0029	-11.9451	-24.2975
C52H_A	929	0.383116883117	-11.0655	-11.8592	-23.7349
K134Q_A	946	0.376623376623	-11.0576	-11.8589	-24.1698
I1039F_C	957	0.315068493151	-11.0193	-10.2826	-7.0113
T108E_A	965	0.37012987013	-10.8737	-11.5212	-24.9422
P143W_A	971	0.37012987013	-10.8968	-11.6003	-27.6427
H1047G_C	977	0.301369863014	-10.7055	-10.2795	-6.09617
A4M_A	990	0.350649350649	-10.7073	-11.4054	-26.2228
