name	count	identity	evolved_interaction	ancestral_interaction	stability
V29S_A	1	0.993506493506	-10.489	-10.5044	-26.1489
V116E_A	12	0.974025974026	-10.5142	-10.5046	-24.5028
E67G_A	18	0.948051948052	-11.7059	-11.6232	-24.7782
I1055C_C	25	0.945205479452	-11.1803	-10.24	-6.40106
C5T_A	33	0.909090909091	-11.0227	-11.7167	-26.4212
A152G_A	40	0.883116883117	-11.0245	-11.5557	-27.0029
A32Y_A	46	0.863636363636	-10.7008	-11.5406	-28.4628
N124H_A	52	0.850649350649	-10.7135	-11.553	-27.2152
T1043H_C	63	0.86301369863	-10.6695	-9.77208	-8.62032
E99I_A	71	0.837662337662	-10.6024	-11.542	-25.3712
L109S_A	79	0.824675324675	-10.5513	-11.5946	-24.3892
D1075S_C	89	0.808219178082	-10.4025	-9.68579	-7.00202
C1055Y_C	99	0.794520547945	-10.4336	-9.70066	-7.63662
M1049C_C	107	0.780821917808	-10.4025	-9.69427	-7.23675
G50A_A	115	0.75974025974	-10.4892	-11.4277	-23.9509
R1071T_C	136	0.753424657534	-10.4311	-9.70567	-5.85902
A1051N_C	165	0.712328767123	-10.607	-9.80864	-7.38071
S1070Q_C	175	0.698630136986	-11.2233	-10.4173	-10.5757
E1033V_C	183	0.698630136986	-11.1569	-10.3141	-11.8672
I99V_A	197	0.727272727273	-11.0779	-11.4703	-25.2053
S109G_A	205	0.714285714286	-11.1642	-11.4397	-24.0743
P1078E_C	215	0.643835616438	-11.2504	-10.504	-6.45986
Q154W_A	232	0.694805194805	-10.5636	-10.7646	-26.4639
L149F_A	240	0.668831168831	-10.5321	-10.7281	-25.4889
N126F_A	246	0.655844155844	-10.4814	-10.7235	-29.5996
F149Q_A	259	0.655844155844	-10.8105	-11.0444	-24.4086
E109W_A	269	0.649350649351	-11.0453	-11.5374	-24.6684
D118R_A	280	0.62987012987	-11.0552	-11.5384	-26.1029
N66M_A	300	0.61038961039	-11.6354	-11.537	-24.6098
Q64A_A	309	0.61038961039	-11.6809	-11.5422	-27.2452
E49C_A	318	0.584415584416	-11.7959	-11.6616	-24.2029
E1079I_C	333	0.561643835616	-10.8887	-9.81279	-6.66613
C136W_A	346	0.577922077922	-10.8223	-11.4341	-26.0796
L76V_A	360	0.577922077922	-10.8111	-11.4237	-24.5289
A134H_A	365	0.584415584416	-10.8041	-11.4298	-24.4241
Q78Y_A	377	0.577922077922	-10.8211	-11.4294	-24.0829
C33M_A	385	0.571428571429	-11.0245	-11.6594	-28.3684
C1091V_C	392	0.520547945205	-11.0488	-9.56705	-7.3514
V1061H_C	399	0.520547945205	-11.0487	-9.56922	-8.14167
H134C_A	408	0.545454545455	-11.0496	-11.6591	-26.1564
C134W_A	417	0.538961038961	-10.9968	-11.6535	-28.1286
V76F_A	427	0.532467532468	-11.0464	-12.0386	-26.1218
S156K_A	436	0.512987012987	-10.8207	-11.5189	-25.7445
N122E_A	445	0.512987012987	-11.1416	-11.524	-27.315
R1060S_C	456	0.465753424658	-11.141	-9.65852	-7.1001
G118E_A	465	0.487012987013	-11.1991	-11.5477	-24.9822
K1073T_C	473	0.465753424658	-10.8568	-9.6259	-8.23989
E1062G_C	488	0.465753424658	-11.7755	-9.70763	-7.71729
H40Q_A	493	0.480519480519	-11.6611	-12.4058	-24.2186
M1056V_C	502	0.465753424658	-11.5602	-9.33492	-6.40251
I107T_A	513	0.461038961039	-11.6547	-13.0464	-26.4037
Q40S_A	526	0.454545454545	-11.6744	-13.0397	-24.8592
E12R_A	531	0.448051948052	-11.2665	-12.821	-25.5294
Q39I_A	537	0.441558441558	-11.2761	-12.8256	-23.9579
F63L_A	545	0.454545454545	-11.2437	-12.8299	-24.1885
L1026K_C	551	0.41095890411	-11.0601	-9.01717	-6.61309
V29Y_A	561	0.467532467532	-11.0351	-12.9668	-24.011
Y78P_A	576	0.474025974026	-11.1349	-12.969	-25.3746
L63N_A	587	0.467532467532	-11.1485	-12.9618	-24.3735
L1054Y_C	597	0.383561643836	-10.9944	-9.01958	-6.64229
E149Y_A	603	0.454545454545	-11.1509	-12.8586	-24.5271
A54D_A	612	0.448051948052	-11.3887	-13.1596	-24.1346
S1029Q_C	624	0.342465753425	-11.6114	-9.43762	-7.46732
T1076V_C	632	0.328767123288	-12.2495	-8.94531	-9.15161
K126N_A	637	0.454545454545	-12.7227	-13.1929	-24.2467
E122W_A	642	0.448051948052	-12.7272	-13.1844	-27.7778
A114C_A	649	0.448051948052	-12.3293	-13.2543	-28.6542
M101L_A	656	0.441558441558	-11.9539	-13.0759	-25.6787
G1060K_C	665	0.315068493151	-11.1282	-8.33012	-8.31697
L106A_A	671	0.448051948052	-11.0768	-12.6611	-26.9489
L1046A_C	681	0.315068493151	-10.9658	-8.33029	-7.67964
H104R_A	694	0.428571428571	-11.4374	-12.2831	-26.0151
E1047T_C	702	0.315068493151	-11.2816	-8.82896	-7.87635
W1051D_C	713	0.301369863014	-10.8685	-8.7542	-7.49852
I52C_A	724	0.415584415584	-10.8639	-11.7123	-25.2702
D42K_A	743	0.409090909091	-10.9481	-11.9345	-25.3526
H1042L_C	755	0.287671232877	-10.938	-8.77677	-7.79306
A114R_A	766	0.402597402597	-10.8997	-12.0024	-24.4885
A1047R_C	785	0.287671232877	-10.8813	-8.66329	-8.89851
A106F_A	798	0.38961038961	-11.1687	-11.8596	-25.5746
H1071F_C	807	0.287671232877	-11.7265	-8.58867	-7.31417
K42E_A	815	0.396103896104	-11.6324	-12.3923	-26.6902
D1051H_C	822	0.301369863014	-11.6796	-8.88073	-7.21326
H1047V_C	857	0.287671232877	-11.7264	-8.75926	-7.33128
C1029T_C	864	0.287671232877	-11.883	-8.92077	-8.42032
V109P_A	886	0.38961038961	-11.8119	-12.6348	-25.1126
K1060G_C	904	0.27397260274	-11.8021	-8.83178	-8.01622
R114N_A	915	0.396103896104	-11.6568	-12.5078	-24.8131
V113L_A	927	0.38961038961	-11.6129	-12.3712	-25.6594
P111W_A	936	0.383116883117	-11.5724	-12.2688	-24.2391
M36H_A	951	0.376623376623	-10.8921	-12.2649	-25.2818
S1034K_C	958	0.27397260274	-10.5999	-8.41494	-11.0481
Y1037W_C	970	0.27397260274	-10.6126	-8.41905	-9.73808
S79M_A	980	0.37012987013	-10.7479	-11.6249	-23.2124
F11M_A	988	0.37012987013	-11.216	-11.8166	-24.784
T1038N_C	998	0.27397260274	-11.2334	-8.67095	-6.29065
