name	count	identity	evolved_interaction	ancestral_interaction	stability
Q10N_A	1	0.993506493506	-10.4893	-10.5271	-25.7567
V113F_A	14	0.961038961039	-10.4427	-10.4356	-25.2177
K146F_A	21	0.948051948052	-10.4261	-10.4451	-24.7515
N98W_A	38	0.935064935065	-10.4078	-10.4349	-24.8291
F1047K_C	48	0.917808219178	-10.3844	-10.3334	-7.00105
K1047D_C	58	0.890410958904	-11.7071	-10.1701	-8.42799
T1043A_C	65	0.849315068493	-11.4892	-9.97936	-8.61282
C99A_A	71	0.863636363636	-11.0455	-11.356	-25.9754
Q1095P_C	80	0.835616438356	-11.2271	-10.0755	-10.2421
G1057Y_C	96	0.821917808219	-10.8976	-9.73643	-6.47052
K1040D_C	104	0.808219178082	-10.6939	-9.73952	-6.91985
E122Y_A	114	0.811688311688	-10.6923	-11.1701	-26.3202
D145I_A	123	0.792207792208	-10.5977	-11.1468	-24.5879
S153K_A	131	0.792207792208	-10.6383	-10.2919	-26.3273
L119F_A	144	0.779220779221	-10.6511	-10.295	-22.8604
N1025C_C	162	0.739726027397	-10.6356	-9.57232	-9.46642
S136Q_A	167	0.746753246753	-10.614	-10.3286	-22.5113
Q1033C_C	180	0.698630136986	-10.5828	-9.51099	-6.11322
A1053V_C	199	0.684931506849	-12.0072	-10.1648	-5.9991
L108M_A	214	0.707792207792	-12.0001	-10.7604	-23.7262
H52S_A	225	0.688311688312	-12.0152	-10.7712	-22.3258
K1059V_C	235	0.671232876712	-12.0769	-10.1986	-5.86466
F74L_A	250	0.668831168831	-12.0144	-10.7296	-22.3936
I36E_A	261	0.649350649351	-11.5972	-10.3394	-22.6236
K30N_A	281	0.642857142857	-11.858	-10.3956	-22.9103
Y1023G_C	289	0.630136986301	-11.9269	-10.1726	-6.94559
S35E_A	296	0.623376623377	-11.4994	-10.2535	-24.2399
M91V_A	316	0.61038961039	-11.5134	-10.0919	-22.9373
R1071M_C	325	0.58904109589	-11.6827	-10.2729	-5.9273
D121C_A	334	0.590909090909	-11.9815	-10.4715	-23.8036
K18M_A	352	0.584415584416	-11.7802	-11.2574	-24.2195
Q1077S_C	362	0.58904109589	-11.884	-9.9876	-6.39812
S138R_A	389	0.558441558442	-11.9336	-11.2969	-24.8227
F67W_A	404	0.564935064935	-11.9566	-11.1837	-25.9723
V1059L_C	428	0.602739726027	-11.0077	-9.04317	-7.54968
K110R_A	433	0.545454545455	-12.0167	-11.7487	-25.3333
E1094F_C	443	0.561643835616	-11.8748	-9.98765	-9.25948
V62M_A	450	0.519480519481	-12.0108	-11.6402	-25.6401
R1054A_C	457	0.547945205479	-12.0513	-10.3028	-10.667
L114C_A	464	0.493506493506	-11.6984	-11.7871	-24.1761
F29I_A	490	0.493506493506	-11.6393	-11.4572	-25.8389
S127D_A	498	0.474025974026	-11.6748	-11.3844	-24.2191
L74Q_A	509	0.474025974026	-11.554	-11.3648	-24.1171
K124Y_A	523	0.480519480519	-11.7548	-11.3604	-25.8599
E131K_A	532	0.467532467532	-11.6084	-11.2679	-23.8567
N143D_A	545	0.467532467532	-11.6997	-11.3141	-24.7226
N1086S_C	553	0.465753424658	-11.3014	-8.87522	-7.1204
R39E_A	562	0.461038961039	-11.2997	-11.2167	-24.0798
D1035G_C	578	0.465753424658	-10.8937	-8.26156	-6.75598
C1057A_C	589	0.465753424658	-10.8943	-8.25973	-5.95357
F71G_A	599	0.441558441558	-10.526	-11.4664	-24.701
R110K_A	613	0.448051948052	-10.7799	-11.0163	-24.6585
A156K_A	634	0.441558441558	-10.8134	-10.8555	-24.35
F1084A_C	654	0.41095890411	-10.3989	-7.99936	-5.87396
L132G_A	665	0.422077922078	-10.9086	-11.3865	-25.4053
E1043F_C	675	0.397260273973	-10.9083	-7.99686	-7.18299
D143I_A	683	0.415584415584	-11.5215	-11.4046	-25.4073
V149Q_A	692	0.402597402597	-11.4764	-11.3731	-24.1304
K156S_A	703	0.415584415584	-11.5553	-11.5145	-25.1182
Y122V_A	714	0.415584415584	-11.8578	-11.5136	-24.5739
P59T_A	722	0.402597402597	-11.861	-11.5088	-23.984
S1085M_C	755	0.383561643836	-11.3126	-8.89401	-7.59016
G128W_A	775	0.402597402597	-11.3092	-10.6351	-23.8552
M102R_A	792	0.396103896104	-11.1323	-10.6562	-24.5786
V1025E_C	804	0.369863013699	-11.0428	-8.58387	-8.35703
C100I_A	819	0.396103896104	-11.0454	-10.8141	-24.7241
E1025V_C	829	0.356164383562	-11.0269	-8.35221	-6.26864
C1040K_C	854	0.356164383562	-11.7287	-8.81992	-7.2294
F1027Y_C	868	0.356164383562	-11.0533	-8.21549	-9.35095
F48A_A	877	0.396103896104	-11.1681	-11.3901	-24.0216
K14N_A	884	0.38961038961	-11.0824	-11.1658	-24.0284
W99L_A	892	0.38961038961	-10.9935	-11.159	-25.109
I45V_A	900	0.383116883117	-10.9794	-11.1707	-24.3252
E33Y_A	909	0.376623376623	-11.0165	-10.5165	-26.4997
W101R_A	919	0.376623376623	-11.0296	-10.4841	-25.4942
G132A_A	926	0.376623376623	-11.0458	-10.5076	-24.4662
R1054W_C	932	0.342465753425	-10.6814	-7.84568	-8.07299
C67E_A	942	0.383116883117	-10.7113	-10.5161	-25.314
A1062I_C	948	0.328767123288	-11.2206	-7.86774	-7.52016
W82Y_A	956	0.383116883117	-10.9079	-9.6228	-25.9615
Y114M_A	967	0.376623376623	-10.7916	-9.46048	-27.2252
W1023T_C	981	0.315068493151	-10.7927	-7.87303	-7.35105
I1072L_C	997	0.301369863014	-10.7798	-7.83176	-7.01155
