name	count	identity	evolved_interaction	ancestral_interaction	stability
T91E_A	1	0.993506493506	-10.4467	-10.5169	-26.9883
Q39G_A	9	0.974025974026	-10.5338	-10.4936	-25.0087
R1046D_C	15	0.958904109589	-10.529	-10.4928	-6.76281
E42M_A	25	0.928571428571	-10.5845	-10.4568	-24.4544
P125E_A	35	0.909090909091	-10.5664	-10.4771	-24.3238
A1053L_C	48	0.876712328767	-10.5422	-10.5464	-7.99745
Q1073I_C	60	0.86301369863	-10.5288	-10.5469	-8.94019
S1033N_C	66	0.821917808219	-10.7499	-10.7451	-6.49617
D102Q_A	75	0.844155844156	-10.8169	-10.5161	-25.5803
T108V_A	85	0.824675324675	-10.8033	-10.4908	-23.9121
G44V_A	96	0.792207792208	-11.4451	-11.5028	-24.8992
R1071S_C	104	0.780821917808	-11.6933	-9.12372	-6.48539
D121W_A	115	0.753246753247	-11.2794	-10.922	-26.0759
I1089C_C	121	0.753424657534	-11.4512	-8.94876	-6.78378
S1029L_C	130	0.72602739726	-12.2023	-9.7314	-8.85855
T83G_A	141	0.707792207792	-12.2748	-11.0104	-25.0533
G1051Q_C	155	0.698630136986	-12.2783	-9.72778	-8.15081
D118Q_A	160	0.688311688312	-12.3955	-11.1814	-25.4489
E61I_A	168	0.681818181818	-10.9813	-11.332	-27.693
T79F_A	177	0.675324675325	-10.7495	-11.4456	-27.2316
R15V_A	182	0.662337662338	-10.7346	-11.3938	-27.4732
A1043V_C	190	0.671232876712	-10.8684	-8.3023	-9.25263
G121C_A	200	0.62987012987	-10.8604	-11.2737	-24.9619
K147H_A	211	0.62987012987	-10.8717	-11.3216	-26.9046
W135A_A	218	0.623376623377	-11.3144	-12.086	-26.2131
F155R_A	226	0.623376623377	-11.3831	-12.1703	-25.0842
Q16C_A	244	0.616883116883	-12.3129	-11.9274	-24.9244
L1029M_C	253	0.575342465753	-12.9703	-10.9543	-7.20406
T1032R_C	261	0.575342465753	-11.4257	-10.1251	-7.19596
Q1095C_C	277	0.561643835616	-11.1235	-8.87413	-7.71571
I96W_A	285	0.590909090909	-11.1333	-12.2482	-25.6594
D99L_A	304	0.577922077922	-11.1405	-12.2515	-25.1303
H1023G_C	311	0.520547945205	-11.075	-8.83068	-7.50998
I1070A_C	325	0.493150684932	-11.0317	-8.74178	-6.45236
D1061R_C	334	0.493150684932	-11.0524	-8.73324	-6.24631
R1055Y_C	342	0.479452054795	-11.0331	-8.75272	-5.93989
R1064Q_C	355	0.452054794521	-11.0249	-8.46572	-6.01413
Q1064K_C	362	0.452054794521	-11.2484	-8.57391	-7.01048
V1034N_C	373	0.438356164384	-11.1644	-8.46391	-7.16446
A121W_A	384	0.538961038961	-11.1034	-12.3056	-24.5634
I1039V_C	400	0.397260273973	-11.0502	-8.30777	-8.25685
V86H_A	410	0.538961038961	-10.903	-12.2913	-24.6501
R1042E_C	420	0.356164383562	-10.7958	-7.85499	-6.6867
N1050M_C	435	0.356164383562	-10.9338	-7.86197	-6.87885
E67F_A	449	0.532467532468	-10.7905	-12.3631	-26.0388
H1055K_C	456	0.356164383562	-10.7912	-7.75283	-10.2438
M1072R_C	464	0.342465753425	-11.684	-8.99074	-8.83993
I1088E_C	471	0.328767123288	-10.761	-8.11396	-7.68866
C1089L_C	480	0.315068493151	-10.642	-7.58196	-12.5127
Y144I_A	489	0.493506493506	-10.6064	-11.1439	-23.9289
V1043R_C	494	0.301369863014	-10.4778	-7.46663	-13.6423
F1052N_C	501	0.287671232877	-10.9021	-7.68022	-7.63269
I44L_A	515	0.487012987013	-10.7086	-11.0537	-25.5082
S43D_A	524	0.487012987013	-10.5576	-10.9678	-24.2447
F65P_A	534	0.493506493506	-10.6799	-10.968	-27.3409
S60L_A	542	0.480519480519	-10.5733	-10.6911	-31.1697
F24T_A	548	0.461038961039	-10.5142	-10.1831	-26.3501
L82H_A	553	0.448051948052	-10.6924	-10.1337	-24.4265
E1023K_C	573	0.27397260274	-10.6328	-7.73192	-7.0857
T74L_A	588	0.448051948052	-10.6708	-10.1154	-24.8497
V104F_A	599	0.441558441558	-10.438	-9.98421	-25.613
W53L_A	609	0.428571428571	-10.4184	-9.98421	-24.5856
N126P_A	628	0.422077922078	-10.3459	-9.983	-25.2909
P1062N_C	637	0.287671232877	-10.8266	-7.64832	-8.35946
C1032R_C	644	0.27397260274	-10.9493	-7.89244	-7.82834
V1024M_C	657	0.27397260274	-10.9288	-7.96665	-6.80048
R60G_A	674	0.422077922078	-10.8468	-10.7529	-23.8951
T24M_A	699	0.415584415584	-11.0427	-11.2475	-26.2039
H82I_A	709	0.415584415584	-11.0934	-11.2473	-26.1794
V10G_A	716	0.402597402597	-10.8196	-10.9255	-25.1485
Y16W_A	740	0.396103896104	-10.6803	-10.5922	-24.2676
K96F_A	753	0.38961038961	-11.167	-10.6326	-26.2062
G35I_A	766	0.38961038961	-11.2612	-10.6184	-24.058
W1095A_C	783	0.27397260274	-11.4428	-8.67087	-7.22783
Q1023M_C	789	0.27397260274	-11.4691	-8.70449	-7.4849
C14D_A	795	0.38961038961	-11.4999	-10.5122	-25.7555
N124V_A	802	0.37012987013	-10.9204	-8.67443	-26.2712
A93R_A	807	0.357142857143	-10.9018	-8.87382	-24.4775
G60D_A	818	0.363636363636	-10.7102	-8.24627	-25.9649
A133N_A	825	0.357142857143	-10.6915	-8.20522	-24.7339
K1055A_C	840	0.27397260274	-10.6832	-8.02796	-6.44573
L9V_A	848	0.337662337662	-10.7983	-8.31128	-25.4558
L1047W_C	860	0.27397260274	-10.8215	-8.09718	-10.2889
N1073K_C	870	0.27397260274	-10.8051	-8.12138	-10.5812
L99G_A	880	0.331168831169	-10.7991	-8.28103	-24.5187
R10S_A	885	0.331168831169	-11.1005	-8.2177	-24.4408
D3M_A	895	0.331168831169	-11.3911	-8.29323	-24.5824
L102C_A	900	0.331168831169	-11.4267	-8.2976	-23.9754
A1055Y_C	906	0.287671232877	-11.602	-9.22735	-8.09229
P65C_A	913	0.311688311688	-10.5213	-6.9341	-23.6982
S49W_A	942	0.311688311688	-10.517	-6.80401	-24.7853
K27M_A	961	0.311688311688	-10.4737	-6.48966	-24.8123
E91K_A	969	0.318181818182	-10.5948	-6.28477	-25.6328
M1071Q_C	977	0.260273972603	-10.5596	-7.45153	-6.04009
L131K_A	991	0.298701298701	-10.5728	-6.61129	-25.508
