name	count	evolved_interaction	ancestral_interaction	stability
A1091E.pdb_C	1	-10.4625	-10.3302	-7.22339
V1028C.pdb_C	7	-10.2991	-9.51507	-8.22787
K146Y.pdb_A	14	-10.3069	-10.3503	-24.9846
K18R.pdb_A	32	-10.4018	-10.4533	-24.5583
Q1076N.pdb_C	48	-10.3835	-9.42951	-7.30972
T1042W.pdb_C	64	-10.3821	-10.3761	-8.74895
Q151R.pdb_A	76	-10.3825	-10.4834	-24.9768
H1023T.pdb_C	88	-10.3849	-10.3827	-7.72183
K1058Y.pdb_C	99	-10.3522	-10.3849	-6.90365
A106C.pdb_A	110	-10.3773	-10.4823	-25.8384
Y1058S.pdb_C	123	-10.372	-10.3844	-6.44137
Y68I.pdb_A	138	-10.3765	-10.4589	-23.9492
A48S.pdb_A	154	-10.3436	-11.9323	-25.6668
L1045I.pdb_C	163	-10.3385	-10.3572	-6.68795
N149F.pdb_A	172	-10.3282	-10.4496	-27.9418
N1025S.pdb_C	184	-10.6477	-10.3186	-6.14777
F149Y.pdb_A	192	-10.6554	-10.634	-29.3839
L109I.pdb_A	200	-10.8731	-10.8471	-26.2479
K1040E.pdb_C	212	-10.9757	-10.3058	-6.47828
I106F.pdb_A	227	-10.9309	-10.9254	-24.2549
Q59S.pdb_A	233	-10.8356	-10.8273	-24.3921
K1041M.pdb_C	244	-10.5912	-10.3531	-8.52724
P78N.pdb_A	254	-10.5862	-10.2789	-24.1593
I112L.pdb_A	270	-10.5157	-10.273	-28.0596
L118C.pdb_A	277	-10.4792	-10.2316	-24.5744
A115M.pdb_A	306	-10.4901	-10.3417	-25.2608
Y82L.pdb_A	316	-10.4528	-10.2905	-24.2232
N108L.pdb_A	330	-10.4549	-10.1578	-24.0137
D121Y.pdb_A	344	-10.4989	-10.3964	-27.0093
V86C.pdb_A	349	-11.4161	-11.951	-26.3394
L1081S.pdb_C	355	-11.7421	-9.60096	-10.6845
H35Y.pdb_A	374	-11.7559	-12.0655	-25.3341
H127I.pdb_A	382	-11.3539	-12.0216	-25.9928
A15F.pdb_A	389	-11.667	-12.5888	-24.6241
H63Y.pdb_A	408	-11.5267	-12.4215	-24.6923
A1074E.pdb_C	424	-10.8272	-9.17353	-8.00091
I1072H.pdb_C	431	-10.6608	-9.18152	-5.88954
N1055W.pdb_C	443	-11.4044	-9.664	-8.50332
Y1039M.pdb_C	457	-11.6328	-9.71004	-6.91028
V57M.pdb_A	474	-12.0727	-12.5167	-25.1859
F95T.pdb_A	494	-12.0236	-12.4677	-24.719
A1032R.pdb_C	504	-12.2098	-10.4534	-9.23054
V1073M.pdb_C	518	-12.1492	-10.5939	-7.75315
Y35G.pdb_A	532	-12.7056	-12.3417	-24.1616
F1036K.pdb_C	539	-12.5181	-10.1987	-6.66675
G123I.pdb_A	551	-12.6717	-12.5999	-27.8168
S1062F.pdb_C	560	-12.4865	-10.1189	-6.42066
E1094A.pdb_C	576	-12.5213	-10.1498	-7.03321
Q44V.pdb_A	587	-12.7106	-12.3691	-26.0745
E11H.pdb_A	594	-12.3895	-12.2526	-24.7546
A98S.pdb_A	604	-12.4798	-12.222	-24.6703
V148M.pdb_A	616	-12.226	-12.246	-26.9199
A48S.pdb_A	626	-10.8098	-11.9323	-25.6668
W74L.pdb_A	632	-10.5571	-12.2982	-25.8377
R1032K.pdb_C	640	-10.8078	-7.39134	-5.78435
I127M.pdb_A	651	-10.7964	-10.9733	-26.7158
S27R.pdb_A	665	-11.4536	-13.3748	-25.5031
A70L.pdb_A	675	-11.4055	-13.2792	-24.1236
Y1076I.pdb_C	685	-10.7573	-6.0047	-6.04196
S156K.pdb_A	706	-10.4277	-13.3469	-23.8237
L70R.pdb_A	716	-10.9778	-13.3918	-23.5302
Q1075W.pdb_C	735	-10.7602	-5.85467	-6.15233
P1025I.pdb_C	743	-10.7401	-5.87512	-7.00015
P126Y.pdb_A	752	-10.7481	-13.3317	-24.1914
R110Q.pdb_A	768	-10.6324	-13.5767	-24.1856
E1044L.pdb_C	777	-10.6471	-5.50452	-7.65066
N124L.pdb_A	785	-10.5746	-13.5638	-24.3003
G93V.pdb_A	791	-10.5871	-13.0541	-23.5263
F111K.pdb_A	809	-10.8411	-13.4816	-23.9734
T1030N.pdb_C	823	-10.8631	-5.73049	-10.2915
S21N.pdb_A	830	-10.926	-13.3116	-27.3262
C30Y.pdb_A	836	-10.8263	-13.1021	-26.6599
S136I.pdb_A	842	-11.2231	-13.1453	-25.2187
P1036T.pdb_C	849	-11.0269	-5.7654	-6.87945
Y1034Q.pdb_C	916	-10.9273	-5.88466	-7.00888
S101F.pdb_A	927	-10.7276	-12.8198	-25.4688
A156Y.pdb_A	935	-10.7296	-12.1619	-24.007
M1051K.pdb_C	941	-10.797	-5.88465	-6.5678
V93G.pdb_A	957	-10.7894	-12.1357	-25.5393
A67I.pdb_A	966	-10.9511	-12.1497	-26.5207
Y64W.pdb_A	972	-10.9405	-12.0679	-27.9777
C51Y.pdb_A	981	-11.0471	-12.1227	-26.6497
Y135D.pdb_A	987	-11.0554	-12.1161	-23.8211
K155R.pdb_A	1000	-11.1532	-12.1386	-25.554
