name	count	evolved_interaction	ancestral_interaction	stability
S1062F.pdb_C	1	-10.4449	-10.472	-8.31834
P105Q.pdb_A	11	-10.4912	-10.5079	-26.8919
L1066K.pdb_C	18	-10.7693	-10.74	-7.77354
M1060H.pdb_C	31	-10.8461	-10.7603	-7.04423
N66F.pdb_A	45	-10.9088	-10.4732	-24.5457
V75L.pdb_A	54	-11.4216	-10.9249	-28.6993
K15L.pdb_A	67	-11.3663	-10.7985	-25.9848
P128V.pdb_A	75	-12.1477	-10.799	-23.9184
R135W.pdb_A	82	-11.9727	-10.7797	-24.7098
T136E.pdb_A	95	-11.9917	-10.6241	-27.6319
E67D.pdb_A	104	-12.0291	-10.6375	-24.7336
K27M.pdb_A	113	-11.5293	-10.2665	-27.882
S122P.pdb_A	121	-11.6326	-10.4207	-24.5514
L11F.pdb_A	128	-11.6689	-10.6632	-24.5261
K1027E.pdb_C	134	-11.6751	-10.9733	-6.77909
Q101V.pdb_A	143	-11.9895	-10.6455	-23.9189
R1095C.pdb_C	151	-10.6732	-10.4537	-7.23656
S156C.pdb_A	171	-10.7324	-10.5335	-24.0501
I107M.pdb_A	184	-10.6486	-10.5345	-24.1645
G1024Q.pdb_C	196	-10.8141	-10.4523	-9.07667
S96Y.pdb_A	203	-10.5631	-10.7016	-27.1822
W1073N.pdb_C	214	-10.574	-10.43	-8.89459
G131S.pdb_A	221	-10.6468	-9.94106	-25.2097
R1071V.pdb_C	227	-10.8834	-10.457	-7.51449
H1060D.pdb_C	239	-11.092	-10.4664	-6.93732
C93A.pdb_A	252	-11.1009	-10.6571	-24.9281
S35M.pdb_A	265	-10.7606	-10.651	-24.6812
Q117L.pdb_A	279	-10.5949	-10.5088	-25.9954
V128K.pdb_A	287	-10.654	-10.5744	-25.5158
S138T.pdb_A	293	-10.662	-10.6331	-25.8294
A79R.pdb_A	298	-10.682	-10.6109	-23.8847
A66M.pdb_A	314	-10.7592	-10.8851	-25.0833
D33G.pdb_A	326	-10.8769	-11.146	-28.4468
F32A.pdb_A	334	-10.909	-11.1771	-26.7991
Q10Y.pdb_A	344	-10.8544	-11.1105	-24.2945
I1039F.pdb_C	361	-10.8829	-9.45468	-6.48385
E1025Q.pdb_C	374	-10.7264	-9.40172	-7.81624
K76M.pdb_A	384	-11.2052	-11.5639	-24.4375
N126L.pdb_A	394	-10.9797	-11.704	-25.2667
L1032V.pdb_C	400	-10.548	-8.88132	-9.23067
Y96R.pdb_A	411	-10.4609	-11.7251	-24.8118
G33K.pdb_A	425	-10.4643	-11.738	-24.7752
V49L.pdb_A	449	-10.4783	-11.7317	-26.542
C127G.pdb_A	461	-10.3773	-11.7622	-24.5421
T121Y.pdb_A	473	-10.3779	-11.6931	-24.9011
E127A.pdb_A	482	-10.4458	-11.6948	-26.107
V62I.pdb_A	489	-10.5295	-11.6948	-25.6009
P38W.pdb_A	503	-10.6071	-11.6827	-23.9138
A87C.pdb_A	510	-11.0062	-11.5071	-25.651
S48Y.pdb_A	522	-10.9945	-11.5491	-24.6181
F129S.pdb_A	533	-10.9313	-11.6408	-24.016
A143K.pdb_A	544	-10.9277	-11.5244	-25.2562
C3H.pdb_A	550	-10.94	-11.5267	-26.3192
K128S.pdb_A	560	-10.7746	-11.2974	-24.4971
H1050K.pdb_C	575	-11.3846	-9.4953	-8.9177
R78I.pdb_A	683	-11.3841	-10.9588	-25.8306
H141S.pdb_A	689	-11.6943	-11.0589	-26.1043
A1054Q.pdb_C	695	-11.6943	-9.46653	-8.73423
W11Y.pdb_A	705	-11.8852	-11.128	-25.4354
T9V.pdb_A	713	-11.7828	-10.8574	-28.406
K1040V.pdb_C	723	-11.3614	-9.59119	-6.62945
A93L.pdb_A	730	-11.658	-11.6325	-27.756
L114F.pdb_A	737	-11.7091	-11.6389	-24.3331
R1064V.pdb_C	750	-11.0677	-9.15315	-8.98856
W7M.pdb_A	763	-10.9931	-11.7607	-25.0386
Y1070T.pdb_C	769	-10.9418	-9.31436	-8.79697
E79D.pdb_A	782	-10.9648	-11.5721	-25.6318
A1025H.pdb_C	789	-10.9325	-9.38382	-7.94039
R29F.pdb_A	795	-12.2493	-12.7312	-24.2546
N1038V.pdb_C	808	-11.7779	-8.67179	-6.37648
Y1055F.pdb_C	816	-12.1244	-8.74822	-7.19044
M95R.pdb_A	827	-12.058	-12.8333	-24.1849
D1033S.pdb_C	840	-12.0754	-8.58461	-6.99034
A1061L.pdb_C	851	-12.0651	-8.55582	-6.39453
Q39I.pdb_A	857	-12.3885	-12.7588	-23.9566
T37V.pdb_A	866	-12.4189	-12.7735	-25.3433
V99C.pdb_A	876	-12.3598	-12.8117	-24.3508
H1025K.pdb_C	885	-12.3187	-8.67214	-9.06626
W54A.pdb_A	895	-12.3097	-12.5913	-24.2471
V104R.pdb_A	903	-12.012	-12.298	-25.3413
D79K.pdb_A	911	-12.3853	-12.3857	-25.0618
Q1023R.pdb_C	919	-12.3881	-8.72458	-6.68377
G1040T.pdb_C	938	-12.3207	-8.5748	-6.26523
F114K.pdb_A	955	-12.1302	-11.3243	-24.6746
H3Q.pdb_A	965	-12.1896	-11.3009	-25.2452
D1082A.pdb_C	972	-11.9904	-8.09827	-8.37348
L1081S.pdb_C	982	-11.8302	-8.13647	-7.51895
S125T.pdb_A	992	-11.8079	-12.423	-25.0988
