name	count	evolved_interaction	ancestral_interaction	stability
H1092L.pdb_C	1	-9.4772	-9.66842	-8.73865
A1074F.pdb_C	22	-9.95272	-9.65357	-10.8887
D1061A.pdb_C	41	-10.1261	-9.68034	-11.5931
W29C.pdb_A	51	-10.8497	-11.0159	-27.0661
E42K.pdb_A	58	-10.9945	-11.2715	-26.6224
P78E.pdb_A	65	-11.0809	-11.3074	-25.049
L1026G.pdb_C	70	-11.1123	-9.96366	-6.69621
A26I.pdb_A	79	-11.0479	-11.3724	-24.5458
K1054F.pdb_C	90	-11.0036	-9.87749	-5.7372
E11L.pdb_A	113	-11.3265	-11.681	-24.7566
L119R.pdb_A	128	-11.0213	-11.3294	-26.1633
A152T.pdb_A	135	-10.8294	-10.7956	-24.5465
Q1076K.pdb_C	141	-10.7892	-9.5633	-8.49703
S138A.pdb_A	154	-10.733	-10.7334	-25.3303
R1046F.pdb_C	163	-10.4744	-9.47637	-14.2948
V7A.pdb_A	174	-10.7263	-11.4071	-25.2745
L1092W.pdb_C	184	-11.5338	-9.30904	-12.4787
R135I.pdb_A	192	-11.7446	-11.4539	-27.8957
W1092K.pdb_C	199	-10.6192	-9.0305	-10.8944
I152C.pdb_A	208	-10.6108	-11.4646	-28.9179
N35M.pdb_A	216	-10.5763	-11.4124	-24.0904
K42L.pdb_A	226	-11.2895	-12.3479	-26.0912
D127S.pdb_A	233	-11.4785	-12.3661	-25.0467
C29T.pdb_A	243	-11.4626	-12.3539	-25.4836
R15H.pdb_A	258	-11.1772	-11.9972	-24.2377
Q1095N.pdb_C	274	-10.4877	-9.45014	-6.81907
F14K.pdb_A	279	-10.8392	-11.7474	-24.6586
K1041P.pdb_C	291	-11.6515	-10.2393	-8.3386
F70R.pdb_A	298	-11.5469	-11.7873	-24.2891
R1046C.pdb_C	306	-11.0193	-9.8244	-6.74758
C5M.pdb_A	318	-10.7069	-11.6514	-26.9716
D33M.pdb_A	325	-10.6136	-8.94853	-23.2995
W156T.pdb_A	355	-10.7034	-10.5302	-23.2251
L115S.pdb_A	365	-10.7284	-10.5518	-22.6521
M1060P.pdb_C	375	-10.9316	-9.56278	-7.89689
T1042I.pdb_C	388	-10.9491	-9.5035	-8.16276
S1029V.pdb_C	394	-11.7667	-10.7358	-8.47455
P110S.pdb_A	400	-11.7057	-10.1777	-22.8692
L1066I.pdb_C	410	-11.8224	-10.8438	-15.152
I1063T.pdb_C	420	-11.5898	-10.6549	-7.25254
N79D.pdb_A	427	-11.6532	-10.3166	-22.5438
M36I.pdb_A	441	-11.5996	-10.2609	-24.081
F125I.pdb_A	450	-11.4646	-10.2901	-23.3226
Y104T.pdb_A	458	-11.3715	-10.2693	-24.0584
K40F.pdb_A	471	-11.389	-10.295	-24.9211
A74Y.pdb_A	481	-11.3889	-10.2483	-24.123
F40L.pdb_A	489	-11.4171	-10.248	-23.6969
A54Y.pdb_A	495	-11.4009	-10.2181	-23.8977
Y82M.pdb_A	511	-11.4619	-10.291	-22.5126
N1095T.pdb_C	518	-11.4863	-10.4392	-7.94228
Y115K.pdb_A	536	-11.5444	-10.3246	-23.8925
S126A.pdb_A	544	-11.5357	-10.323	-24.1211
R1032K.pdb_C	552	-11.4491	-10.4153	-6.82554
T156L.pdb_A	561	-11.2733	-10.311	-23.1508
E1025N.pdb_C	574	-11.2351	-10.2388	-7.81322
S3C.pdb_A	593	-11.2483	-10.3254	-24.2934
M5P.pdb_A	599	-10.7292	-8.8742	-23.4068
T1077R.pdb_C	612	-10.6505	-9.44663	-8.3531
I11V.pdb_A	623	-10.5428	-8.60931	-22.8153
M42R.pdb_A	634	-10.5936	-8.67352	-23.3247
I1079K.pdb_C	650	-10.5094	-10.0237	-7.4641
L156R.pdb_A	667	-10.4869	-8.75664	-23.9949
R70M.pdb_A	681	-10.502	-8.91857	-23.146
E151Q.pdb_A	696	-10.8596	-8.99387	-23.8845
M153Y.pdb_A	702	-11.1319	-8.84345	-23.7727
Q29M.pdb_A	707	-11.1308	-8.83824	-26.2951
T104A.pdb_A	713	-10.7446	-8.38221	-24.6315
N27K.pdb_A	723	-11.7597	-10.3814	-24.7321
L1027A.pdb_C	731	-12.0312	-10.0177	-10.756
D1051L.pdb_C	737	-11.5439	-9.20098	-9.0316
G4L.pdb_A	743	-11.4854	-10.0071	-25.6123
K1092E.pdb_C	752	-11.3473	-8.45765	-10.6887
M1026L.pdb_C	763	-11.046	-9.00003	-11.1359
A113E.pdb_A	768	-11.0997	-10.2113	-24.9558
I42F.pdb_A	782	-11.1379	-10.3629	-25.6907
W53R.pdb_A	793	-11.1763	-10.3461	-24.974
R1074D.pdb_C	801	-11.173	-8.91305	-9.2187
K1054G.pdb_C	807	-11.0381	-8.83727	-6.98437
M1076F.pdb_C	816	-11.0384	-8.88224	-6.62304
T1063Q.pdb_C	829	-10.9714	-8.77212	-6.85518
C149F.pdb_A	840	-11.4178	-10.6015	-25.744
F1040K.pdb_C	853	-11.2895	-8.89061	-6.05807
K30I.pdb_A	863	-10.9605	-10.3326	-25.474
D1024E.pdb_C	873	-11.1115	-9.26612	-7.05952
H101G.pdb_A	884	-11.1205	-10.4213	-26.1828
I128V.pdb_A	906	-11.1205	-10.4158	-27.4185
M70G.pdb_A	921	-11.0506	-9.9913	-25.1407
N152K.pdb_A	937	-10.8918	-10.4029	-26.2834
Q151I.pdb_A	943	-10.8374	-10.3355	-25.9669
K93Q.pdb_A	959	-10.4993	-9.98132	-25.2226
G70T.pdb_A	969	-10.4923	-9.27108	-25.8154
P1023Q.pdb_C	978	-10.4926	-8.91431	-6.36442
W38L.pdb_A	985	-10.6835	-9.31157	-28.4171
G1054S.pdb_C	995	-10.5175	-8.92753	-6.51082
