name	count	evolved_interaction	ancestral_interaction	stability
A1091N.pdb_C	1	-10.4686	-10.3516	-9.31247
E11F.pdb_A	7	-10.5355	-10.5823	-26.7614
Q7D.pdb_A	16	-10.595	-10.5922	-23.7923
Q111M.pdb_A	33	-10.5843	-10.5861	-24.5473
N140T.pdb_A	47	-10.5987	-10.7301	-23.979
A106T.pdb_A	75	-10.6238	-10.5765	-23.7655
N1086I.pdb_C	100	-10.7039	-10.6667	-6.57792
W1066C.pdb_C	116	-10.6078	-10.5631	-7.31484
G1094C.pdb_C	126	-10.944	-11.3813	-7.43297
K146W.pdb_A	138	-10.8355	-10.4312	-25.6946
S1062P.pdb_C	147	-10.7815	-11.0028	-6.794
F1040T.pdb_C	155	-10.7826	-10.998	-7.36345
S70R.pdb_A	162	-10.9359	-10.2213	-25.2609
T1077S.pdb_C	174	-11.0723	-11.0792	-7.55469
K131H.pdb_A	184	-11.0732	-10.3661	-24.1666
N91P.pdb_A	193	-11.1876	-10.4483	-25.2008
G101F.pdb_A	201	-11.2259	-10.4441	-25.6974
K1070N.pdb_C	211	-11.0873	-11.0104	-7.50617
G115R.pdb_A	225	-11.0937	-10.4953	-27.1469
