name	count	evolved_interaction	ancestral_interaction	stability
S1032R.pdb_C	1	-10.5477	-10.416	-9.48185
D1030C.pdb_C	8	-10.5844	-10.4421	-6.57563
E99C.pdb_A	15	-10.5796	-10.5105	-26.1806
N52L.pdb_A	31	-10.6361	-10.5508	-25.0389
K71Q.pdb_A	43	-10.5137	-10.5574	-27.4278
L114A.pdb_A	51	-10.4617	-10.5071	-26.2002
Q39N.pdb_A	63	-10.4471	-10.4829	-25.311
T91L.pdb_A	72	-10.483	-10.5237	-26.4543
R139N.pdb_A	80	-10.4791	-10.5263	-25.7346
D1080T.pdb_C	88	-10.5741	-10.5776	-8.28038
A114W.pdb_A	97	-10.6354	-10.4574	-26.7604
K40R.pdb_A	112	-10.6701	-10.4415	-24.0216
Q71K.pdb_A	121	-10.6147	-10.4459	-25.349
S61C.pdb_A	128	-10.6218	-9.64398	-22.9903
S127G.pdb_A	136	-10.7915	-9.79243	-26.4605
P131I.pdb_A	143	-12.0686	-11.241	-26.4851
H74F.pdb_A	152	-12.2194	-11.0995	-29.642
M36S.pdb_A	158	-12.7673	-12.7244	-25.9075
D1061P.pdb_C	166	-12.0822	-10.0985	-8.9589
S122Q.pdb_A	172	-12.0328	-11.95	-25.2437
I1056A.pdb_C	181	-12.0045	-10.189	-5.97585
N1047T.pdb_C	195	-11.975	-10.2251	-6.30057
F74W.pdb_A	211	-11.917	-11.8609	-24.2513
E11W.pdb_A	224	-11.8982	-11.7692	-24.9402
R153S.pdb_A	231	-11.8879	-11.7603	-23.9489
D100Y.pdb_A	241	-11.3046	-11.7348	-25.0002
T1056C.pdb_C	248	-11.7434	-9.91202	-7.82097
Q10N.pdb_A	259	-11.1001	-11.6787	-25.0143
N10F.pdb_A	270	-11.1042	-11.6792	-27.7035
Q154K.pdb_A	277	-10.8077	-11.3808	-27.1286
L1063M.pdb_C	283	-10.8141	-9.20104	-9.31497
F1037Y.pdb_C	290	-10.8015	-9.15872	-6.67619
L1073G.pdb_C	315	-10.8009	-9.15844	-5.82356
F77Y.pdb_A	322	-10.7988	-11.4053	-25.5164
L41Q.pdb_A	330	-10.8265	-11.3019	-23.8407
R1064I.pdb_C	344	-10.8836	-9.19348	-7.78894
G23N.pdb_A	351	-10.8001	-11.1882	-24.3039
S138F.pdb_A	357	-10.7943	-11.1862	-24.7709
I1070G.pdb_C	374	-10.8508	-8.20141	-6.45803
F63V.pdb_A	387	-10.7966	-11.3169	-24.6867
Q136C.pdb_A	405	-10.5792	-11.011	-24.4211
L1033M.pdb_C	424	-10.5168	-8.06471	-7.09682
E147Q.pdb_A	450	-10.5178	-11.0859	-26.768
L126Y.pdb_A	461	-10.5178	-11.0859	-25.3233
W143Q.pdb_A	474	-10.5928	-11.0881	-25.0063
T51C.pdb_A	489	-10.5645	-11.068	-25.7795
S1039M.pdb_C	500	-10.6237	-8.09847	-8.99602
K146M.pdb_A	509	-10.5901	-11.1015	-25.8468
K124D.pdb_A	521	-10.5858	-11.1015	-24.3644
K141R.pdb_A	527	-10.8732	-11.0969	-24.5328
C1080L.pdb_C	536	-10.8611	-8.2752	-8.88973
D1064K.pdb_C	543	-11.1121	-8.15775	-7.87405
S70R.pdb_A	556	-11.7116	-11.8732	-25.9273
Q122R.pdb_A	563	-11.2298	-11.8504	-24.0873
Y100C.pdb_A	575	-11.2298	-11.8563	-24.1049
F1078P.pdb_C	584	-10.9786	-8.81138	-5.72028
N95P.pdb_A	597	-10.8894	-11.368	-25.1409
M1063I.pdb_C	615	-10.9588	-8.73432	-6.0004
C66D.pdb_A	628	-10.9765	-11.517	-24.0485
K27I.pdb_A	643	-10.8373	-11.142	-24.4498
A100I.pdb_A	657	-11.1103	-11.4787	-25.7706
F102V.pdb_A	664	-10.858	-11.4064	-24.5869
A140E.pdb_A	676	-10.7587	-11.4277	-29.4717
Q143M.pdb_A	681	-10.7589	-11.4257	-25.575
R52P.pdb_A	699	-10.7395	-11.4244	-25.3409
V1042W.pdb_C	707	-10.6671	-8.7105	-8.1239
Q1030T.pdb_C	716	-10.6785	-8.78931	-8.19507
A1074Q.pdb_C	723	-10.744	-8.78937	-6.72357
G1059L.pdb_C	735	-10.8641	-8.90161	-7.60456
H1032M.pdb_C	743	-11.1133	-8.74583	-8.1086
N11E.pdb_A	751	-11.2443	-13.2968	-26.9839
M133A.pdb_A	759	-11.7448	-13.2804	-25.6024
R48C.pdb_A	769	-11.6675	-13.1249	-26.8635
S1075M.pdb_C	778	-11.66	-8.65722	-7.10266
S1029I.pdb_C	787	-11.6273	-9.07641	-7.93833
V128I.pdb_A	797	-11.0806	-11.8826	-24.7405
M38F.pdb_A	802	-10.8918	-11.754	-25.1427
M1039F.pdb_C	820	-10.892	-9.05776	-6.79255
K33N.pdb_A	837	-10.6363	-11.9289	-24.3294
T114C.pdb_A	849	-10.6053	-11.9183	-24.0174
F58Y.pdb_A	868	-10.59	-11.9231	-24.431
P146D.pdb_A	880	-10.6538	-11.9623	-24.2118
Y29W.pdb_A	896	-11.0187	-11.9722	-23.8623
Y1093Q.pdb_C	902	-10.6345	-7.19771	-6.43664
R147K.pdb_A	918	-11.0965	-10.4251	-25.5705
I112T.pdb_A	929	-10.6967	-11.4407	-23.347
G1034A.pdb_C	935	-10.8305	-6.69646	-7.73254
E67D.pdb_A	944	-11.5862	-11.8345	-24.2158
Q1093C.pdb_C	955	-11.9019	-6.86589	-7.43815
F149G.pdb_A	971	-11.8975	-11.3909	-24.3793
C3M.pdb_A	981	-11.3943	-10.8276	-23.9311
V1079D.pdb_C	991	-11.3166	-6.84909	-6.41565
F137M.pdb_A	999	-11.1715	-10.6004	-26.2022
