name	count	evolved_interaction	ancestral_interaction	stability
W16Y.pdb_A	1	-10.2527	-10.2881	-24.9536
F1065L.pdb_C	8	-10.3363	-10.3771	-6.36703
V93K.pdb_A	19	-10.3169	-10.3066	-28.0265
I1039F.pdb_C	42	-10.2936	-10.4578	-5.81398
V29L.pdb_A	55	-10.274	-10.3397	-27.4233
K40I.pdb_A	62	-10.2634	-10.3211	-27.699
D118S.pdb_A	68	-10.5488	-10.2891	-27.5012
M93R.pdb_A	76	-10.5441	-10.226	-24.9879
L1045V.pdb_C	88	-10.5595	-10.7646	-6.33653
V1045T.pdb_C	94	-10.6036	-10.8117	-5.97826
A1054M.pdb_C	115	-10.6266	-10.8117	-7.11037
C1035N.pdb_C	142	-10.436	-10.6144	-7.39787
K1038F.pdb_C	160	-10.5203	-10.6982	-7.77373
L119F.pdb_A	167	-11.9477	-10.3677	-25.0837
T1042P.pdb_C	176	-11.9649	-11.7445	-7.58804
M1050W.pdb_C	190	-13.0428	-11.7382	-7.93048
E42V.pdb_A	196	-11.4138	-11.4054	-24.0455
R1071L.pdb_C	205	-11.3651	-11.0895	-6.69619
N52H.pdb_A	226	-11.5897	-11.3617	-24.5572
S127Q.pdb_A	239	-11.7761	-10.4148	-24.2942
H20R.pdb_A	247	-10.8881	-11.758	-26.4581
A1074H.pdb_C	254	-10.656	-10.9801	-7.07488
N140L.pdb_A	265	-10.6704	-11.6388	-24.6616
M1054H.pdb_C	271	-10.5192	-10.8171	-6.79844
L1061F.pdb_C	281	-10.5596	-10.8121	-7.03598
Y144M.pdb_A	299	-10.5076	-11.2458	-26.5808
K1040T.pdb_C	306	-10.6916	-9.88173	-7.87837
H1074L.pdb_C	313	-13.0093	-9.89485	-10.0049
H1023L.pdb_C	318	-12.8421	-9.9977	-11.1622
P132N.pdb_A	330	-12.2419	-12.5806	-23.6806
K71E.pdb_A	340	-12.6234	-13.3205	-25.9213
I104C.pdb_A	348	-12.6313	-13.4063	-24.6826
Y25T.pdb_A	355	-10.6084	-11.4748	-24.0659
S1034W.pdb_C	373	-10.8164	-10.2286	-8.73088
Q127I.pdb_A	389	-10.7273	-11.4625	-23.8925
W134V.pdb_A	396	-10.8518	-11.4625	-24.1736
P30Q.pdb_A	406	-11.287	-11.8421	-23.1716
W66L.pdb_A	414	-11.2875	-11.8309	-23.532
R1064Q.pdb_C	426	-11.027	-9.35304	-6.07996
S122D.pdb_A	432	-11.1425	-12.155	-23.4832
R95M.pdb_A	439	-11.1527	-12.1591	-25.1714
C104Q.pdb_A	453	-11.3044	-12.2674	-24.7007
V63W.pdb_A	469	-10.8937	-12.2604	-23.9807
L1063I.pdb_C	485	-10.8998	-9.34277	-5.78374
C1085E.pdb_C	500	-11.3953	-9.69743	-7.72356
K1058V.pdb_C	508	-11.3986	-9.67479	-6.03671
I122R.pdb_A	515	-11.4243	-12.3628	-24.6141
V126M.pdb_A	534	-11.3815	-12.3644	-25.5416
Y37F.pdb_A	540	-12.2492	-12.9447	-25.0576
H3T.pdb_A	551	-11.6633	-12.2955	-24.1143
K76R.pdb_A	566	-10.9873	-12.2298	-25.8469
P79G.pdb_A	578	-10.9337	-12.2298	-23.4773
Q1046F.pdb_C	590	-10.737	-9.40287	-7.20262
C149M.pdb_A	601	-10.7159	-11.6644	-26.7708
F37D.pdb_A	609	-10.5553	-11.7302	-24.9753
C4N.pdb_A	623	-10.5593	-11.7428	-24.4402
F119Y.pdb_A	633	-10.5524	-11.7647	-24.5976
E11W.pdb_A	640	-10.5199	-11.7072	-25.6155
F1052M.pdb_C	650	-10.5189	-8.70261	-5.88415
L29A.pdb_A	661	-10.5581	-11.8049	-24.1184
A1029R.pdb_C	678	-13.5635	-10.8756	-6.05286
A121L.pdb_A	686	-11.516	-10.5123	-26.2358
I40V.pdb_A	696	-12.7586	-10.4636	-27.365
L110A.pdb_A	702	-12.2852	-9.75132	-26.5441
Y127S.pdb_A	711	-13.0722	-9.69194	-23.9619
W155M.pdb_A	719	-13.0503	-9.95285	-25.7507
K1080A.pdb_C	727	-13.0551	-11.2039	-5.92343
S30D.pdb_A	737	-12.2227	-9.58171	-23.9546
T4R.pdb_A	752	-12.2227	-9.58174	-24.9375
A110Q.pdb_A	764	-11.9522	-9.4322	-25.8076
H62L.pdb_A	771	-11.8657	-9.1048	-28.1581
W136R.pdb_A	779	-11.7509	-8.86993	-26.0189
T25C.pdb_A	786	-12.2763	-9.42405	-31.5231
Q110I.pdb_A	793	-12.6997	-10.1255	-30.7367
P1075D.pdb_C	800	-12.6285	-10.1683	-6.38622
K15D.pdb_A	805	-11.8108	-9.53653	-24.4992
D37Y.pdb_A	816	-10.5807	-7.92696	-24.6896
K118C.pdb_A	834	-10.5295	-7.75507	-24.1568
L1023C.pdb_C	843	-10.5303	-9.87827	-5.91543
H1071Q.pdb_C	851	-10.9973	-9.89125	-7.36645
Q70F.pdb_A	872	-10.8033	-8.27854	-23.9444
C138S.pdb_A	882	-10.8688	-8.39229	-25.3277
Q4S.pdb_A	896	-10.8537	-8.23096	-23.7416
G1033C.pdb_C	910	-10.6443	-9.91359	-7.37758
R1036H.pdb_C	919	-10.7009	-10.0263	-6.73799
Y1035M.pdb_C	925	-10.6814	-10.0504	-6.40011
P1044M.pdb_C	946	-10.7045	-10.0432	-5.74249
Q36L.pdb_A	957	-10.7415	-8.2941	-27.0661
C25A.pdb_A	966	-10.8736	-8.48866	-24.1045
G1078Y.pdb_C	974	-10.6837	-9.87065	-10.1965
G140H.pdb_A	982	-10.6976	-8.45194	-25.5992
C1047W.pdb_C	996	-10.6929	-9.85994	-6.51593
