name	count	evolved_interaction	ancestral_interaction	stability
I1089R.pdb_C	1	-10.2777	-10.2597	-5.15279
Q111M.pdb_A	18	-10.2234	-9.5041	-23.7603
K76R.pdb_A	29	-10.386	-9.67438	-25.8683
E67L.pdb_A	43	-10.3882	-9.67425	-22.9468
R122K.pdb_A	61	-10.4223	-9.5995	-22.539
R1055F.pdb_C	70	-10.4361	-10.226	-6.07343
L4D.pdb_A	83	-11.1062	-9.65186	-22.5021
Q10F.pdb_A	94	-10.8876	-9.65054	-23.2363
K1054E.pdb_C	114	-10.753	-10.7808	-7.29323
C93Y.pdb_A	124	-10.9188	-10.5544	-27.34
M91I.pdb_A	138	-10.9427	-10.5651	-25.0996
L94M.pdb_A	155	-10.9427	-10.5651	-27.7508
A26I.pdb_A	162	-10.5587	-10.5973	-23.8464
M101E.pdb_A	174	-10.5587	-10.6011	-24.135
D145R.pdb_A	184	-10.5444	-10.6029	-24.7308
E1043F.pdb_C	196	-10.554	-10.3185	-6.17993
E11G.pdb_A	215	-10.7101	-10.786	-25.1115
Y68N.pdb_A	231	-10.6496	-10.7738	-25.579
G28A.pdb_A	240	-10.6072	-10.7251	-29.5243
F137L.pdb_A	251	-11.3587	-11.0406	-23.9691
K122F.pdb_A	265	-11.3605	-11.0486	-24.2888
Q7M.pdb_A	272	-11.359	-11.0509	-24.7423
L115Q.pdb_A	286	-11.6741	-11.64	-24.0462
L60V.pdb_A	313	-11.8609	-11.9039	-25.1288
N66P.pdb_A	326	-11.4832	-11.4293	-27.7161
H106I.pdb_A	333	-11.073	-10.9222	-25.0043
E1071I.pdb_C	348	-11.3734	-10.0144	-6.03326
L6I.pdb_A	360	-11.2941	-10.4281	-25.4598
T89S.pdb_A	371	-11.2955	-10.4464	-26.3311
E1094Y.pdb_C	381	-12.1008	-10.2082	-7.08971
E1051S.pdb_C	399	-10.6527	-10.5368	-11.2798
S70P.pdb_A	407	-10.7797	-9.49833	-25.778
Q154R.pdb_A	424	-10.7125	-9.35028	-23.8953
N128R.pdb_A	436	-10.7867	-9.2693	-24.9796
I92F.pdb_A	448	-10.743	-9.20066	-24.0422
T1062C.pdb_C	460	-10.7463	-10.592	-6.62133
M1047L.pdb_C	470	-10.8154	-10.6497	-6.00407
A50Q.pdb_A	476	-11.2248	-9.97752	-25.343
F49H.pdb_A	483	-11.2587	-10.3341	-26.5254
K122S.pdb_A	488	-10.7737	-10.2848	-24.1015
R8F.pdb_A	499	-10.7729	-9.9917	-25.3862
V139D.pdb_A	507	-10.884	-10.0202	-25.0144
H49E.pdb_A	517	-11.2538	-10.1828	-26.7197
K150N.pdb_A	523	-11.3142	-10.1828	-26.6625
D19T.pdb_A	531	-11.1085	-9.40481	-24.8874
K1043G.pdb_C	545	-11.2122	-10.4928	-6.12899
F95A.pdb_A	557	-11.2576	-9.53006	-24.8987
E37Q.pdb_A	571	-11.2814	-9.61001	-25.2058
T19L.pdb_A	583	-11.5858	-9.98871	-26.1356
D1080A.pdb_C	589	-11.2678	-10.464	-6.12581
P3W.pdb_A	599	-10.846	-9.5268	-25.3152
A140L.pdb_A	610	-10.7187	-9.10706	-25.0277
E54L.pdb_A	630	-10.7083	-9.26367	-24.9033
K1032M.pdb_C	645	-10.4985	-10.3958	-6.23894
R98W.pdb_A	656	-10.683	-8.64049	-25.5172
Q142P.pdb_A	665	-10.6798	-8.61082	-26.3905
T79C.pdb_A	674	-10.6543	-8.56735	-25.2343
R1095C.pdb_C	690	-10.4271	-10.1642	-7.03613
A1086Y.pdb_C	698	-10.6994	-10.0994	-10.6036
A1080R.pdb_C	704	-10.3638	-10.0151	-6.2097
I91F.pdb_A	737	-10.4763	-8.81435	-26.4002
Y124C.pdb_A	750	-10.5912	-8.84336	-25.9293
T1093Q.pdb_C	771	-10.5628	-10.3927	-6.75555
E21W.pdb_A	786	-10.6535	-9.08697	-24.0348
C40A.pdb_A	792	-10.7646	-9.39592	-23.6325
I1071M.pdb_C	806	-10.7618	-10.3053	-6.32871
E105L.pdb_A	819	-10.6263	-9.53023	-25.38
K1041V.pdb_C	830	-11.0139	-10.5646	-6.45575
K138R.pdb_A	846	-11.0094	-9.39454	-24.9707
D118Y.pdb_A	861	-10.837	-9.01278	-25.472
K71W.pdb_A	870	-10.816	-9.22999	-24.3846
Q37L.pdb_A	892	-10.6098	-9.17523	-24.8325
K110P.pdb_A	908	-10.7672	-9.40584	-27.3395
R49F.pdb_A	916	-10.6745	-9.30706	-24.0074
W98M.pdb_A	942	-10.6746	-9.30714	-25.0325
L137F.pdb_A	961	-10.6746	-9.20609	-24.2564
V99Q.pdb_A	971	-10.721	-9.06319	-25.7434
S15R.pdb_A	980	-11.0163	-9.33131	-25.0521
S1076W.pdb_C	991	-11.0267	-10.0956	-6.53281
C130N.pdb_A	1000	-11.1271	-9.39547	-25.8352
