name	count	evolved_interaction	ancestral_interaction	stability
E12G.pdb_A	1	-10.6316	-10.6672	-22.2409
A1091D.pdb_C	7	-10.4477	-10.4364	-6.50717
D118G.pdb_A	20	-10.3641	-10.4861	-26.0259
S1033H.pdb_C	31	-10.4325	-10.464	-6.68674
R1046T.pdb_C	37	-10.5982	-10.2517	-6.66716
V150R.pdb_A	48	-10.7016	-10.9474	-25.5117
F122M.pdb_A	57	-10.7017	-10.96	-28.1678
L1094I.pdb_C	63	-10.7114	-10.3401	-7.2092
H1023Q.pdb_C	68	-10.7087	-10.3346	-7.4823
Q39V.pdb_A	75	-10.629	-10.7429	-26.0976
I1050R.pdb_C	82	-10.6395	-10.3227	-8.3041
V98N.pdb_A	90	-10.6554	-10.6152	-24.2278
R104K.pdb_A	104	-12.5315	-10.4731	-24.9234
N126S.pdb_A	114	-11.7977	-10.061	-24.7638
I1094W.pdb_C	126	-12.946	-12.3988	-6.55526
D1075P.pdb_C	135	-11.2752	-12.0538	-6.18453
T91R.pdb_A	142	-10.5293	-8.73506	-25.8146
N124S.pdb_A	158	-11.1752	-9.43129	-25.7362
K1041Q.pdb_C	172	-11.3008	-12.0504	-6.1864
F93M.pdb_A	183	-10.7167	-8.9061	-24.1771
C12W.pdb_A	212	-10.7657	-8.95612	-24.3301
S1062N.pdb_C	218	-10.7962	-12.0655	-6.75103
M146I.pdb_A	227	-10.788	-9.05726	-27.6619
L149M.pdb_A	236	-11.171	-9.3479	-25.8528
F31I.pdb_A	243	-10.7822	-9.24941	-23.9721
R1032Q.pdb_C	254	-10.6038	-12.1885	-6.98811
H134E.pdb_A	270	-10.6052	-9.38256	-23.7207
Q1070D.pdb_C	281	-10.8201	-12.3537	-7.66218
Y144A.pdb_A	299	-10.6393	-9.20881	-24.1151
I1046T.pdb_C	310	-10.5084	-11.9521	-6.56145
F1047E.pdb_C	324	-10.5177	-11.9521	-7.88481
P46N.pdb_A	333	-10.9414	-9.65663	-23.9736
N66V.pdb_A	346	-10.7034	-9.67681	-24.702
E61M.pdb_A	357	-10.6942	-9.65864	-25.9233
Q152Y.pdb_A	367	-10.6834	-9.66651	-25.1358
C1042D.pdb_C	373	-10.7103	-10.9673	-6.80474
D102N.pdb_A	383	-10.6538	-9.79072	-25.333
A142R.pdb_A	391	-10.6678	-9.78747	-24.361
M149T.pdb_A	401	-10.7004	-9.84589	-23.8007
M51Y.pdb_A	416	-10.3929	-9.85386	-23.8399
A1063F.pdb_C	428	-10.527	-10.4956	-8.93242
L1053I.pdb_C	440	-10.5126	-10.5144	-8.00139
Y87H.pdb_A	449	-10.513	-9.78724	-25.1684
K123Y.pdb_A	458	-10.459	-9.76885	-25.7891
E79L.pdb_A	465	-10.7335	-9.58047	-24.1475
S89Q.pdb_A	471	-10.7137	-9.57612	-25.1816
E1047Q.pdb_C	486	-10.6133	-10.4522	-7.02704
Q1081I.pdb_C	497	-10.5323	-10.3481	-6.50348
Y3E.pdb_A	511	-10.9636	-10.5747	-24.0902
P5A.pdb_A	545	-10.8416	-10.4415	-23.9022
L123Y.pdb_A	575	-10.76	-10.1313	-23.9662
M91Q.pdb_A	602	-10.8496	-10.4542	-25.5933
Y51G.pdb_A	609	-10.891	-10.4578	-23.7036
H25I.pdb_A	619	-11.4475	-10.3416	-28.7224
E131S.pdb_A	628	-11.5817	-10.3407	-24.525
Q100E.pdb_A	639	-10.5364	-10.3644	-24.839
G50K.pdb_A	654	-10.4989	-10.3598	-24.103
H1082F.pdb_C	667	-10.5866	-9.73118	-7.16267
Y1040V.pdb_C	675	-10.5952	-9.70402	-5.85441
E143P.pdb_A	690	-10.9966	-10.3503	-24.6684
Y30R.pdb_A	706	-11.3501	-10.9016	-25.1834
F1082Y.pdb_C	716	-11.4647	-9.77691	-8.5787
W145F.pdb_A	726	-11.452	-10.8662	-24.4414
F137C.pdb_A	734	-11.4542	-10.8678	-24.8681
R1076Q.pdb_C	748	-11.4901	-9.78987	-8.245
I1061M.pdb_C	760	-11.5008	-9.48263	-8.41192
M36P.pdb_A	769	-11.4103	-10.8152	-24.745
S1094V.pdb_C	780	-11.4136	-9.49278	-8.57587
Q7G.pdb_A	790	-10.5162	-10.5936	-24.2474
I149L.pdb_A	802	-10.5238	-10.5942	-24.4201
H87Y.pdb_A	811	-10.5266	-10.6784	-26.3646
S138L.pdb_A	818	-10.5181	-10.6359	-26.4323
I106P.pdb_A	849	-10.5151	-10.6359	-24.5528
F1037Y.pdb_C	855	-10.5212	-8.64623	-7.43635
G1071Q.pdb_C	861	-10.4739	-8.61373	-7.60646
A14V.pdb_A	870	-10.4977	-10.7926	-24.3169
N140W.pdb_A	882	-10.4948	-10.7856	-25.1921
W129Y.pdb_A	893	-10.5238	-10.7776	-27.014
D1080F.pdb_C	902	-10.4933	-8.60106	-6.62145
L1074Y.pdb_C	909	-10.4965	-8.59918	-6.94372
W1062E.pdb_C	916	-10.9282	-9.00861	-5.98572
R11C.pdb_A	930	-10.8647	-10.6298	-25.4118
V1054K.pdb_C	940	-10.8697	-9.00818	-6.50097
F1040W.pdb_C	953	-10.7899	-9.04049	-6.28203
M153A.pdb_A	967	-10.778	-10.3	-24.2133
N49D.pdb_A	983	-10.6685	-10.265	-24.8789
E10S.pdb_A	998	-11.0149	-10.5087	-24.3696
