name	count	evolved_interaction	ancestral_interaction	stability
P59H.pdb_A	1	-10.4971	-10.5219	-23.9537
Q7H.pdb_A	8	-10.4305	-10.4935	-24.7326
Q1095C.pdb_C	41	-10.3068	-10.266	-7.12334
Q39A.pdb_A	50	-11.4662	-10.5145	-24.6425
E1034P.pdb_C	66	-11.2682	-11.4677	-6.53751
E1070H.pdb_C	72	-11.0735	-11.2573	-6.14125
N98I.pdb_A	88	-11.2053	-10.3974	-24.9185
E42T.pdb_A	103	-11.1414	-10.5254	-25.0785
Q101E.pdb_A	114	-10.9749	-10.6821	-23.9657
A4F.pdb_A	129	-10.5669	-10.4343	-24.8682
N124Y.pdb_A	141	-10.4892	-10.3759	-25.4048
L1081Q.pdb_C	150	-10.6008	-10.514	-6.22111
G1047L.pdb_C	161	-10.5067	-10.514	-7.22515
W41Y.pdb_A	174	-10.5431	-10.2785	-23.9158
N61E.pdb_A	192	-10.5372	-10.3145	-23.6547
E99M.pdb_A	208	-10.7468	-10.312	-25.0632
K1058V.pdb_C	219	-10.5688	-9.84599	-9.66546
Q93W.pdb_A	230	-10.9445	-10.2257	-24.2161
L15A.pdb_A	237	-10.7722	-10.232	-23.9895
S136A.pdb_A	250	-11.421	-10.8779	-23.6397
M6K.pdb_A	259	-11.315	-10.792	-23.9476
W134L.pdb_A	269	-11.9523	-8.97638	-24.4145
Y1060I.pdb_C	280	-11.3877	-10.1916	-5.90466
M36V.pdb_A	291	-11.2911	-9.58309	-24.5178
K1047Y.pdb_C	299	-11.2696	-10.1302	-6.44698
I106D.pdb_A	318	-11.1856	-9.50181	-24.857
H130Y.pdb_A	334	-11.2721	-9.70917	-26.5145
K153L.pdb_A	346	-11.0983	-9.77101	-28.3819
L134V.pdb_A	352	-10.8283	-9.69131	-28.4496
T100H.pdb_A	358	-10.8311	-9.65861	-25.3184
H100A.pdb_A	366	-12.6081	-9.39872	-25.6764
E101L.pdb_A	377	-13.5275	-9.6389	-25.3532
K1041Y.pdb_C	385	-13.4883	-13.0325	-6.69349
E1081M.pdb_C	393	-14.0117	-12.1189	-14.7734
C118T.pdb_A	402	-13.3942	-10.031	-25.0032
S89V.pdb_A	410	-13.4278	-9.97841	-23.9535
Y91N.pdb_A	421	-13.3822	-9.95573	-25.4843
K107Y.pdb_A	427	-13.3758	-9.9683	-25.2781
A1045I.pdb_C	433	-12.8914	-11.6783	-11.345
F1054T.pdb_C	439	-12.4528	-11.6592	-6.78233
L1032T.pdb_C	448	-12.4386	-11.6484	-7.17008
Q66C.pdb_A	457	-11.9223	-9.5349	-24.4632
R1055D.pdb_C	473	-12.3328	-11.5006	-6.42898
H15Y.pdb_A	483	-11.8614	-9.39087	-25.9776
H109C.pdb_A	489	-11.7837	-9.23015	-24.7265
K14Q.pdb_A	501	-11.5239	-8.93647	-24.9639
A1061F.pdb_C	516	-10.7406	-10.7557	-5.92147
C1066N.pdb_C	525	-10.7971	-10.9054	-6.44198
N59M.pdb_A	547	-10.7977	-8.43827	-24.5128
D149I.pdb_A	576	-10.791	-8.44767	-24.6476
M59P.pdb_A	586	-10.885	-8.34027	-24.7243
Q1042H.pdb_C	593	-11.123	-11.175	-8.70919
N122Q.pdb_A	603	-11.1165	-8.46691	-24.6736
H52P.pdb_A	610	-10.9829	-8.46657	-26.3822
L38E.pdb_A	616	-10.8865	-8.43083	-24.6515
N91P.pdb_A	628	-10.9377	-8.09732	-28.1483
Q14L.pdb_A	633	-10.9707	-9.41393	-28.0558
G35P.pdb_A	644	-10.9837	-9.32056	-25.3422
P35I.pdb_A	661	-10.9874	-10.0195	-24.248
C109N.pdb_A	675	-11.0035	-8.67358	-26.4963
A64H.pdb_A	691	-11.0096	-8.61472	-30.0405
C1074Y.pdb_C	698	-11.0125	-10.71	-8.09233
Q74R.pdb_A	706	-11.0155	-8.60675	-26.1264
T1093L.pdb_C	713	-11.0229	-10.7346	-9.17293
R1040L.pdb_C	720	-11.077	-10.6056	-8.32401
W89R.pdb_A	726	-11.0832	-8.4139	-24.9461
Y27W.pdb_A	741	-10.8937	-8.5327	-26.1046
Y154I.pdb_A	748	-10.9541	-8.58184	-24.994
R1064V.pdb_C	759	-10.7235	-10.2929	-7.53984
A66W.pdb_A	778	-10.7121	-8.30757	-26.7843
D1080L.pdb_C	784	-10.6891	-10.2685	-6.74488
L4P.pdb_A	795	-10.6703	-9.24674	-26.3395
Q31K.pdb_A	800	-10.6691	-8.32975	-27.9505
V147Y.pdb_A	807	-10.6624	-8.29595	-24.9419
F61N.pdb_A	822	-10.7288	-9.54015	-24.8572
I1045M.pdb_C	832	-10.7664	-10.429	-7.00368
A135C.pdb_A	839	-10.7789	-9.60554	-24.289
W93T.pdb_A	849	-10.8116	-9.60551	-24.4569
P1033E.pdb_C	860	-10.6195	-10.475	-10.2133
L1046H.pdb_C	866	-10.6003	-10.4719	-9.01673
F1049L.pdb_C	873	-10.9886	-10.4814	-9.54711
E1033I.pdb_C	887	-11.1195	-10.5821	-7.46499
F132E.pdb_A	903	-11.0859	-8.96035	-24.8557
E40K.pdb_A	917	-11.0266	-8.93522	-26.5064
G1051Q.pdb_C	946	-11.1058	-10.574	-7.16441
T93E.pdb_A	952	-11.1067	-9.06614	-26.3204
Q59L.pdb_A	960	-11.145	-9.05236	-25.7828
F146Y.pdb_A	973	-11.176	-8.995	-25.8067
T140H.pdb_A	980	-10.6843	-8.9748	-24.39
I10L.pdb_A	992	-10.6755	-8.98685	-25.1026
Q1051R.pdb_C	1000	-10.6973	-9.9591	-6.62669
