name	count	evolved_interaction	ancestral_interaction	stability
W16S.pdb_A	1	-9.80247	-9.84612	-22.3676
N66R.pdb_A	10	-10.0908	-9.81109	-23.8808
A106S.pdb_A	33	-10.0963	-9.80427	-23.8312
L150E.pdb_A	45	-12.0528	-10.2148	-25.3537
L114Y.pdb_A	59	-11.9238	-10.2178	-24.5182
M1047W.pdb_C	69	-10.6262	-10.4964	-8.79921
E150L.pdb_A	76	-10.9652	-10.3094	-24.6455
R66C.pdb_A	84	-10.9825	-10.3102	-26.4358
D1030K.pdb_C	90	-11.0135	-11.3163	-6.0385
K1058H.pdb_C	101	-11.18	-10.1364	-8.07034
T61I.pdb_A	116	-11.5818	-10.5965	-25.4056
V1054F.pdb_C	126	-11.5785	-10.152	-7.66268
S1029A.pdb_C	133	-11.9562	-10.2189	-8.05683
N1084P.pdb_C	142	-13.3478	-8.58538	-7.43445
S127T.pdb_A	151	-13.4027	-10.4367	-24.8761
Q1095S.pdb_C	167	-12.5974	-8.83983	-8.39159
E63Y.pdb_A	175	-12.7563	-9.41412	-26.2492
A54D.pdb_A	181	-10.7978	-8.39803	-25.3481
C93A.pdb_A	196	-10.845	-8.567	-25.6753
P1056Q.pdb_C	204	-11.2043	-8.92216	-7.3875
K18A.pdb_A	220	-10.4406	-8.37224	-26.4477
A32Q.pdb_A	232	-10.4225	-8.12094	-24.9902
F89W.pdb_A	249	-10.39	-8.07369	-24.4933
D37H.pdb_A	262	-10.5676	-8.06806	-25.1164
Q32R.pdb_A	269	-10.5792	-8.12155	-27.2924
E1060Q.pdb_C	276	-10.5461	-8.82982	-8.50626
G115W.pdb_A	292	-10.5459	-8.3017	-27.0031
A1040Y.pdb_C	300	-10.7472	-9.12281	-7.41231
S138V.pdb_A	329	-10.7206	-8.26048	-25.096
L135R.pdb_A	344	-10.9825	-8.24163	-26.8542
V138R.pdb_A	352	-10.9946	-8.24145	-28.0404
N1085A.pdb_C	361	-13.1005	-9.62598	-7.49217
P1071G.pdb_C	370	-11.3601	-7.90623	-6.88715
W16F.pdb_A	378	-11.3093	-8.645	-27.5322
Y144A.pdb_A	386	-11.2812	-9.06068	-25.8448
Q1056L.pdb_C	396	-10.8769	-7.4475	-10.1433
A1082Y.pdb_C	406	-10.8197	-6.77019	-9.87701
C66W.pdb_A	426	-11.263	-9.22229	-25.7849
L99R.pdb_A	433	-10.6278	-9.2223	-26.7012
E91R.pdb_A	444	-10.7875	-9.56865	-27.6526
D136W.pdb_A	450	-11.6561	-9.24841	-30.8586
V62A.pdb_A	455	-11.6524	-9.65557	-24.409
G1071I.pdb_C	469	-11.6292	-4.92788	-8.16049
A89R.pdb_A	485	-11.6639	-9.31862	-27.5472
L57I.pdb_A	492	-11.6591	-8.82633	-27.356
G1042W.pdb_C	501	-11.6883	-4.92628	-8.66756
Y1082H.pdb_C	515	-11.6849	-4.91734	-10.2722
C114F.pdb_A	522	-10.598	-9.05318	-24.3653
H134Y.pdb_A	540	-10.599	-9.05272	-26.7773
P32E.pdb_A	550	-10.5905	-9.2284	-26.8685
I1071K.pdb_C	561	-10.668	-5.31229	-8.1249
L1026K.pdb_C	573	-10.6333	-4.94589	-5.96208
C1043S.pdb_C	591	-10.5306	-5.44205	-6.14218
G71D.pdb_A	602	-10.5306	-9.60441	-24.6166
W79C.pdb_A	616	-10.513	-9.61054	-24.3745
T102K.pdb_A	623	-10.5663	-9.6557	-26.9298
N48W.pdb_A	643	-10.5356	-8.9973	-26.2362
T70E.pdb_A	656	-10.5363	-9.08483	-24.0543
V29T.pdb_A	672	-10.5089	-8.69676	-24.368
P1052M.pdb_C	683	-10.4991	-5.15306	-13.4804
S1075G.pdb_C	692	-10.6455	-5.43963	-9.774
Y63M.pdb_A	699	-10.593	-9.05252	-27.5471
T51C.pdb_A	708	-10.5929	-9.05209	-26.0298
N138D.pdb_A	718	-10.4839	-8.97764	-24.2973
G1075M.pdb_C	727	-10.335	-4.65972	-8.09908
Q1084C.pdb_C	734	-10.6549	-4.90906	-7.49835
R74K.pdb_A	745	-10.7389	-8.56557	-24.8038
V60L.pdb_A	759	-10.7363	-8.5894	-24.0635
A7R.pdb_A	775	-10.7989	-8.61949	-24.4894
Q50E.pdb_A	783	-10.6952	-8.98739	-24.1257
D100K.pdb_A	792	-10.6962	-9.24123	-26.1241
K15M.pdb_A	800	-10.6984	-9.1506	-25.9457
R1060N.pdb_C	807	-10.5323	-4.56712	-8.01699
D1027M.pdb_C	822	-10.6757	-5.41922	-10.1649
M150W.pdb_A	837	-10.9418	-7.96988	-25.076
M113F.pdb_A	843	-10.6671	-8.02339	-26.6786
N146Q.pdb_A	850	-10.7149	-8.02211	-27.9927
M63L.pdb_A	857	-10.7548	-8.46972	-26.68
D19M.pdb_A	866	-10.7833	-7.92525	-26.3734
F1095G.pdb_C	874	-10.9752	-5.97422	-6.32816
E1032D.pdb_C	881	-11.1633	-5.99084	-6.48903
N1055R.pdb_C	894	-11.1682	-5.99001	-7.76139
E50F.pdb_A	901	-11.1709	-7.78855	-26.2385
C89S.pdb_A	910	-11.1706	-7.70791	-26.4803
S35C.pdb_A	922	-11.1627	-7.7179	-26.0481
L1050S.pdb_C	939	-11.1479	-6.03233	-7.79274
M1027E.pdb_C	950	-10.4059	-7.31932	-7.13351
N7E.pdb_A	961	-11.4939	-8.39718	-26.0221
M1075A.pdb_C	974	-11.5067	-7.77678	-5.86382
N79F.pdb_A	982	-11.6568	-8.24912	-25.9089
Q108H.pdb_A	991	-11.6959	-8.25418	-25.2717
