name	count	evolved_interaction	ancestral_interaction	stability
E1050H.pdb_C	1	-10.4846	-10.513	-8.03647
W140I.pdb_A	8	-10.6193	-10.6088	-25.5566
R104D.pdb_A	17	-10.5712	-10.6098	-25.3823
Q1056A.pdb_C	24	-10.4706	-10.4069	-8.8457
P72R.pdb_A	33	-10.4559	-10.6049	-25.8975
S35G.pdb_A	47	-10.5231	-10.564	-24.1402
I1072M.pdb_C	54	-10.4757	-10.4719	-9.50935
K1054Y.pdb_C	68	-10.5559	-10.4706	-8.62501
V19F.pdb_A	80	-10.6069	-10.784	-24.393
S156A.pdb_A	85	-10.6099	-10.7852	-26.1947
D1038A.pdb_C	96	-10.8555	-10.697	-6.86737
S124M.pdb_A	110	-10.8919	-10.7961	-26.5145
E11G.pdb_A	124	-10.865	-10.7798	-24.7885
K30L.pdb_A	130	-10.5792	-10.515	-25.5151
L150S.pdb_A	137	-10.4906	-10.4145	-24.2582
Q146N.pdb_A	145	-10.4903	-10.4113	-24.8257
F19E.pdb_A	151	-10.5654	-10.4935	-24.1429
V29C.pdb_A	162	-10.5074	-10.37	-25.1171
I1042C.pdb_C	173	-10.4774	-10.6997	-6.14987
R50E.pdb_A	187	-10.7235	-10.6623	-25.3987
D145C.pdb_A	197	-10.875	-10.6567	-24.0454
C29K.pdb_A	218	-10.869	-10.7304	-25.9761
K35F.pdb_A	229	-10.4608	-10.513	-25.9231
I44E.pdb_A	240	-11.4403	-11.5065	-25.3723
S1033V.pdb_C	264	-11.6698	-10.5678	-7.03096
A1095S.pdb_C	277	-11.9176	-10.5642	-6.8272
K102E.pdb_A	285	-11.9156	-11.7346	-24.3393
F118Q.pdb_A	299	-11.6615	-11.4662	-24.4107
I1047M.pdb_C	304	-11.0453	-10.5301	-10.0923
Y138L.pdb_A	309	-11.6688	-11.4333	-25.8892
K40Y.pdb_A	317	-11.6439	-11.3773	-23.8476
S1029Q.pdb_C	326	-12.0015	-10.9134	-11.1569
Y1063L.pdb_C	333	-11.0622	-10.7912	-10.4707
E1090M.pdb_C	342	-10.796	-8.44856	-8.22291
I1024Y.pdb_C	347	-10.7248	-8.20452	-6.28778
R1033K.pdb_C	360	-10.7575	-8.23965	-7.38518
S136K.pdb_A	384	-10.5447	-10.1689	-24.8145
P1059R.pdb_C	399	-10.4611	-7.90715	-6.80576
L153M.pdb_A	419	-10.7621	-10.3969	-26.1215
K147I.pdb_A	429	-10.4072	-10.5821	-26.2424
Y1055N.pdb_C	439	-12.0201	-8.83689	-7.1127
N1055F.pdb_C	447	-12.114	-8.83333	-7.80992
Q154N.pdb_A	455	-12.1937	-10.9497	-25.0282
A1074P.pdb_C	464	-11.7	-8.79047	-10.4301
F1037Q.pdb_C	472	-11.1551	-8.87252	-7.68041
E1094F.pdb_C	483	-11.3833	-9.10855	-8.18497
E145Y.pdb_A	494	-11.4525	-10.7517	-26.7159
T1044K.pdb_C	509	-11.0542	-8.82112	-7.86953
D33M.pdb_A	522	-11.1301	-10.6437	-23.905
K1036I.pdb_C	538	-10.7113	-8.32408	-10.0823
G11W.pdb_A	552	-10.587	-10.5659	-26.2538
Y40M.pdb_A	563	-10.5885	-10.5654	-25.8986
E99G.pdb_A	574	-10.4499	-10.3833	-24.7526
G1053K.pdb_C	585	-10.4653	-8.32735	-9.33051
D6N.pdb_A	594	-10.3482	-9.09445	-23.8033
L101D.pdb_A	603	-10.4105	-9.18173	-24.932
I65R.pdb_A	620	-10.655	-9.31149	-24.6265
Q111E.pdb_A	635	-11.7249	-10.6937	-26.1541
A156Q.pdb_A	644	-11.6012	-9.9245	-24.461
H106E.pdb_A	671	-11.5502	-9.99566	-23.8756
Q156H.pdb_A	685	-11.5613	-10.4137	-24.1121
K138E.pdb_A	700	-11.0533	-10.3358	-24.6444
V100Y.pdb_A	707	-11.0533	-10.3267	-25.4055
Y1024R.pdb_C	715	-10.7877	-7.65908	-6.58787
S127F.pdb_A	725	-10.8073	-10.2718	-29.4583
F104R.pdb_A	732	-10.8194	-10.2386	-28.3047
M15A.pdb_A	740	-10.5296	-10.3067	-24.4992
G132E.pdb_A	756	-10.532	-10.2739	-25.4705
I117Y.pdb_A	763	-11.1586	-10.7714	-26.6463
Y1062T.pdb_C	769	-11.1126	-7.8539	-6.34884
P1091I.pdb_C	780	-12.7849	-9.18923	-8.67681
Q1032H.pdb_C	787	-12.8761	-9.26818	-6.4798
C126V.pdb_A	793	-12.043	-12.1164	-25.5955
W71R.pdb_A	806	-12.0275	-11.833	-23.6023
E79F.pdb_A	820	-11.8581	-11.824	-24.0332
E138Y.pdb_A	835	-11.8775	-12.067	-23.7168
L149F.pdb_A	845	-11.8815	-12.0361	-23.3594
Y155F.pdb_A	859	-11.8765	-11.7752	-23.8975
Y143W.pdb_A	869	-11.9049	-11.5088	-25.4528
F1055I.pdb_C	874	-11.8972	-9.22794	-7.58462
W30G.pdb_A	886	-12.0551	-12.0816	-24.4587
D1035Q.pdb_C	901	-12.0358	-9.24728	-7.59255
I1036R.pdb_C	912	-12.3908	-9.94409	-8.53333
N93M.pdb_A	917	-11.7397	-12.5652	-24.5147
A133V.pdb_A	932	-11.9018	-12.7611	-25.5497
L1066V.pdb_C	943	-11.9802	-9.3309	-6.71167
M1085G.pdb_C	954	-11.9709	-9.14009	-7.19931
R104M.pdb_A	970	-11.9738	-12.874	-24.0129
Q1042K.pdb_C	981	-11.9406	-9.119	-8.25267
C148W.pdb_A	988	-11.9143	-10.7241	-24.5249
Y1046L.pdb_C	993	-11.6576	-9.05908	-9.19436
