name	count	evolved_interaction	ancestral_interaction	stability
W103H.pdb_A	1	-10.495	-10.5228	-23.239
Q111H.pdb_A	14	-10.3346	-10.4695	-25.5511
E49C.pdb_A	21	-10.3388	-10.4863	-23.9308
N124K.pdb_A	29	-10.3027	-10.4527	-27.4302
Q7Y.pdb_A	38	-10.2811	-10.4427	-27.064
L4K.pdb_A	49	-10.429	-10.579	-25.3819
K18R.pdb_A	62	-10.5995	-10.6865	-26.9647
D118E.pdb_A	78	-10.6608	-10.7016	-25.0046
S3W.pdb_A	86	-10.6534	-10.7069	-25.3048
C5I.pdb_A	94	-10.6176	-10.6684	-25.6073
S127V.pdb_A	103	-10.5484	-10.6725	-26.3187
P78S.pdb_A	113	-10.876	-10.6997	-24.4518
L38F.pdb_A	124	-11.0014	-10.8306	-24.0653
S1023Q.pdb_C	141	-10.9182	-10.2161	-7.05321
V64Q.pdb_A	163	-11.0099	-10.8308	-25.4493
K32F.pdb_A	175	-10.5452	-9.04979	-24.9194
A1074F.pdb_C	191	-10.523	-9.89845	-8.74223
S35F.pdb_A	202	-11.4186	-9.04753	-23.3779
S1073L.pdb_C	213	-10.9038	-11.3377	-7.74176
D145R.pdb_A	227	-10.8697	-9.1437	-23.0619
E1033T.pdb_C	232	-10.9012	-11.3463	-9.04001
N1035T.pdb_C	242	-10.8608	-11.2997	-6.54525
I66Y.pdb_A	267	-10.8189	-9.1573	-23.7402
K1040L.pdb_C	283	-10.8083	-11.2233	-6.94804
R1093P.pdb_C	291	-10.7191	-11.1459	-7.05491
A106W.pdb_A	304	-10.5828	-9.16848	-25.185
S95I.pdb_A	317	-10.5499	-9.22689	-24.4128
P73L.pdb_A	325	-10.5681	-9.24061	-23.1687
N52V.pdb_A	337	-10.5081	-9.22934	-24.0258
E1050C.pdb_C	345	-10.4987	-11.0812	-6.82029
L144M.pdb_A	353	-10.7159	-9.01652	-25.4553
E1062W.pdb_C	361	-10.7068	-11.2476	-7.68125
L149D.pdb_A	366	-11.4819	-11.0196	-23.0819
Y155R.pdb_A	389	-11.5286	-10.9918	-23.4948
T1077K.pdb_C	404	-11.7801	-11.5433	-6.9813
K48S.pdb_A	416	-11.5573	-11.4184	-23.5118
T49G.pdb_A	429	-11.5719	-11.4185	-23.3891
I118M.pdb_A	448	-11.5804	-11.4179	-23.5258
G80Y.pdb_A	464	-11.6004	-11.4181	-24.9258
K30L.pdb_A	474	-11.3583	-11.0414	-23.6419
C1050D.pdb_C	494	-11.3651	-11.621	-6.02192
E143P.pdb_A	515	-11.2887	-10.6578	-23.5881
K39C.pdb_A	535	-12.6323	-12.7686	-25.0121
Y80S.pdb_A	542	-12.5132	-12.671	-23.2736
G49L.pdb_A	547	-12.5295	-12.671	-23.5942
C44Q.pdb_A	562	-11.9805	-13.1398	-23.233
K14M.pdb_A	573	-11.6912	-12.4991	-23.9155
R145E.pdb_A	585	-10.547	-12.5362	-23.2594
R1046S.pdb_C	594	-10.6818	-9.70419	-6.56703
W41M.pdb_A	602	-10.4995	-11.9555	-24.5782
I138D.pdb_A	614	-10.4112	-12.1182	-23.445
C57W.pdb_A	630	-11.2387	-12.2098	-25.1441
V1080H.pdb_C	649	-11.3879	-9.53338	-5.89583
C39A.pdb_A	661	-11.6128	-11.9945	-24.8905
K110Q.pdb_A	670	-11.753	-12.1077	-23.7492
V148L.pdb_A	681	-11.6271	-12.9244	-24.9667
L9E.pdb_A	691	-11.6842	-12.8419	-23.4885
K15H.pdb_A	703	-11.2896	-12.8446	-23.7219
S1053G.pdb_C	711	-12.005	-9.8353	-7.17259
F1038D.pdb_C	718	-11.5334	-9.15775	-5.88125
D146I.pdb_A	727	-11.5084	-12.7141	-24.3665
R1034W.pdb_C	746	-10.7217	-8.59434	-7.61314
H39A.pdb_A	753	-10.587	-12.1919	-25.2517
F24L.pdb_A	758	-10.582	-12.2609	-23.3159
V113L.pdb_A	774	-10.5701	-12.2551	-24.5402
Q130C.pdb_A	782	-10.5601	-12.2088	-24.2046
Y68C.pdb_A	792	-10.6812	-12.2458	-23.8646
Q110S.pdb_A	799	-10.9362	-12.4348	-25.375
V10G.pdb_A	808	-11.0018	-12.5503	-23.2937
Y155Q.pdb_A	822	-11.0336	-12.4903	-24.3447
V89R.pdb_A	829	-11.2167	-12.7185	-24.8804
H1080M.pdb_C	842	-11.2173	-8.71223	-6.42673
A1071S.pdb_C	864	-11.2423	-8.66997	-6.91345
E1054M.pdb_C	874	-11.2855	-8.74879	-8.90921
V127R.pdb_A	885	-10.6661	-13.0064	-23.6537
V52Y.pdb_A	903	-10.4908	-13.0263	-23.986
E1046K.pdb_C	910	-10.4959	-7.16965	-6.85777
W3D.pdb_A	922	-10.4598	-12.4885	-24.0211
I112L.pdb_A	930	-10.3841	-12.4914	-24.4561
D3Y.pdb_A	941	-10.4054	-13.0596	-24.862
L123M.pdb_A	964	-10.3996	-12.9606	-24.1936
A1061G.pdb_C	974	-10.9481	-7.30218	-6.51437
Y114Q.pdb_A	984	-11.0556	-12.8789	-24.2
Y19E.pdb_A	993	-10.7587	-12.5305	-26.1302
K33L.pdb_A	998	-10.7998	-12.7463	-28.2419
