name	count	evolved_interaction	ancestral_interaction	stability
E1079K.pdb_C	1	-10.3288	-10.354	-8.64997
K74F.pdb_A	17	-10.4358	-10.6146	-24.9146
Q1076G.pdb_C	23	-12.2875	-12.134	-8.08995
R139D.pdb_A	28	-12.3656	-11.1559	-25.9047
V1028Y.pdb_C	34	-12.2392	-12.0763	-7.37254
S136K.pdb_A	40	-11.738	-10.9849	-25.1474
D1075M.pdb_C	47	-11.758	-11.425	-8.46637
K71F.pdb_A	56	-11.38	-10.9424	-26.4991
T1043Q.pdb_C	62	-11.1386	-11.8284	-6.88831
C145T.pdb_A	74	-11.2811	-10.671	-24.6269
G1076T.pdb_C	85	-11.1251	-12.0143	-7.59682
T51R.pdb_A	94	-11.1435	-10.5932	-26.6556
P132E.pdb_A	99	-11.048	-10.5059	-23.8995
A1051R.pdb_C	116	-11.0691	-12.0291	-7.18199
S1062C.pdb_C	130	-11.075	-12.0227	-7.62073
W1034S.pdb_C	140	-11.3011	-11.84	-6.76494
E99W.pdb_A	147	-11.1136	-11.1674	-24.6671
E102C.pdb_A	159	-10.877	-10.8286	-24.56
Q1073M.pdb_C	168	-10.8776	-11.4979	-6.91346
P46L.pdb_A	175	-10.7579	-10.6486	-24.9057
K147I.pdb_A	190	-10.6863	-10.5323	-25.017
I1039F.pdb_C	202	-10.6637	-9.99627	-8.19187
M1075A.pdb_C	210	-11.0556	-10.0011	-7.93818
P128K.pdb_A	216	-11.3215	-11.0731	-26.155
W134A.pdb_A	225	-10.5339	-10.3909	-26.6539
R135N.pdb_A	235	-10.6222	-10.4795	-30.5014
G34Q.pdb_A	241	-10.9715	-10.759	-28.6726
I107H.pdb_A	248	-10.9626	-10.7427	-24.1962
A145F.pdb_A	254	-11.0348	-11.1624	-25.7046
L1048M.pdb_C	262	-10.9239	-10.2511	-8.05779
K1041I.pdb_C	276	-10.9126	-10.3888	-6.97727
H34W.pdb_A	293	-11.2782	-10.3922	-24.4378
L46W.pdb_A	301	-11.0017	-10.2791	-24.3473
Y1028W.pdb_C	313	-10.952	-10.6105	-6.54399
Q112L.pdb_A	328	-11.4741	-10.7765	-27.4117
K40V.pdb_A	334	-11.473	-10.7506	-24.2306
D1082Y.pdb_C	344	-10.9764	-9.83142	-5.92229
P61F.pdb_A	356	-11.028	-10.7562	-27.7312
F143P.pdb_A	364	-10.701	-10.813	-24.845
L57D.pdb_A	375	-10.9963	-11.8895	-23.5937
I1055D.pdb_C	387	-10.5218	-9.27112	-5.78709
C1064I.pdb_C	398	-10.978	-8.66501	-7.60792
H1079G.pdb_C	426	-12.3895	-8.71536	-6.24853
S127Q.pdb_A	435	-11.9641	-9.49344	-23.174
R1041I.pdb_C	450	-12.1252	-8.95213	-10.2962
Y1082A.pdb_C	459	-11.8718	-9.03553	-10.4388
I1041K.pdb_C	465	-11.78	-9.06428	-8.43158
R51K.pdb_A	475	-11.6865	-8.53788	-23.1738
K48E.pdb_A	496	-10.7906	-10.0003	-23.9647
W1033C.pdb_C	508	-11.1902	-9.16063	-8.02673
P110V.pdb_A	518	-11.2163	-10.0024	-24.8307
R33D.pdb_A	524	-11.2143	-10.1973	-24.5648
V110D.pdb_A	529	-11.1732	-9.99697	-23.4329
L70P.pdb_A	539	-11.4417	-9.73768	-24.3598
A106W.pdb_A	546	-11.4954	-9.83316	-27.9203
W74M.pdb_A	555	-10.7663	-8.59506	-28.0031
M52P.pdb_A	564	-10.7824	-9.66082	-25.6396
F87H.pdb_A	571	-10.7672	-9.21672	-24.4984
N98Y.pdb_A	581	-10.7082	-9.2094	-24.2197
R1025H.pdb_C	589	-10.7857	-9.74911	-6.10923
D110T.pdb_A	598	-10.9421	-9.45889	-24.7765
M1076V.pdb_C	604	-10.9436	-9.77496	-5.98262
F145R.pdb_A	617	-11.9503	-10.5128	-25.6467
H113Q.pdb_A	631	-11.896	-11.3552	-25.3074
V29Q.pdb_A	643	-11.9017	-11.4233	-25.518
L6T.pdb_A	650	-11.8938	-11.416	-24.5917
V42H.pdb_A	660	-11.8514	-11.394	-24.4917
K102W.pdb_A	670	-11.4974	-11.1686	-25.1686
L1061F.pdb_C	681	-10.3337	-9.3761	-6.15889
K76T.pdb_A	691	-10.6483	-10.105	-24.8151
F124M.pdb_A	701	-10.576	-10.2419	-25.5769
T143C.pdb_A	714	-10.7011	-10.2513	-23.7724
C1080S.pdb_C	739	-10.768	-9.54822	-7.1298
L53W.pdb_A	750	-10.823	-10.4945	-25.761
K128F.pdb_A	760	-10.8876	-10.5417	-24.2138
F81M.pdb_A	768	-11.2526	-10.4761	-24.2682
A129C.pdb_A	776	-11.2864	-10.5325	-24.0035
S78H.pdb_A	786	-11.2132	-10.4057	-23.9982
A1053N.pdb_C	793	-11.2114	-9.60639	-6.51368
H78E.pdb_A	801	-11.8537	-10.3157	-24.2172
V1040S.pdb_C	809	-11.7594	-10.2703	-6.62138
T34S.pdb_A	822	-11.6146	-10.2424	-25.0402
D33H.pdb_A	833	-12.2487	-9.5758	-24.6784
D79H.pdb_A	840	-12.0351	-10.464	-25.5809
R153M.pdb_A	850	-10.4983	-8.43659	-25.3854
N1053S.pdb_C	860	-10.4568	-10.9452	-9.36623
W126R.pdb_A	879	-10.5745	-8.47192	-24.3911
R126K.pdb_A	887	-10.6838	-8.68458	-26.7925
M104A.pdb_A	894	-10.6872	-8.6181	-25.1445
I1091N.pdb_C	903	-10.7159	-11.0499	-6.54137
V134A.pdb_A	910	-10.5931	-8.69626	-25.2436
S1080I.pdb_C	916	-10.7516	-11.1081	-6.99161
A43G.pdb_A	924	-10.8154	-8.69922	-25.3532
K37Q.pdb_A	931	-10.9197	-8.67637	-25.8834
L139F.pdb_A	939	-10.9172	-8.66311	-24.8256
A98K.pdb_A	948	-10.9093	-8.6324	-28.4322
R1051E.pdb_C	953	-10.9078	-10.7881	-7.66709
M1047E.pdb_C	963	-10.7142	-10.7877	-8.09243
K141Y.pdb_A	970	-10.5923	-8.48364	-24.0965
K1094T.pdb_C	979	-10.5924	-11.0398	-8.10663
