name	count	evolved_interaction	ancestral_interaction	stability
I1035L.pdb_C	1	-10.4974	-10.39	-8.19784
N1025P.pdb_C	10	-10.7429	-10.7316	-7.75797
A133G.pdb_A	23	-10.6034	-10.3128	-24.0889
V38Y.pdb_A	47	-10.7384	-10.5559	-25.8439
R1064I.pdb_C	55	-10.4902	-10.2035	-7.39683
Q1076A.pdb_C	63	-10.5066	-10.2346	-6.86132
L1045M.pdb_C	74	-10.3806	-10.0969	-7.57372
K98T.pdb_A	83	-10.3838	-10.496	-27.6983
W134M.pdb_A	90	-10.3838	-10.5129	-24.8409
N124Y.pdb_A	110	-10.9664	-10.5565	-27.0396
F1065V.pdb_C	115	-10.983	-10.8316	-6.27808
K1054D.pdb_C	120	-12.2194	-12.0202	-6.31606
K134M.pdb_A	133	-12.1912	-9.72087	-25.3507
I107R.pdb_A	146	-12.3226	-9.70494	-24.6239
D130L.pdb_A	163	-12.2787	-9.70548	-24.1704
A1074M.pdb_C	175	-12.1651	-11.8971	-8.68107
I1071D.pdb_C	185	-10.9916	-10.8994	-9.1136
Y110F.pdb_A	195	-11.751	-9.73544	-26.2965
E11V.pdb_A	202	-10.9601	-9.70998	-26.6263
D1071I.pdb_C	210	-11.1111	-10.3296	-9.48317
S138F.pdb_A	219	-10.8578	-7.84524	-25.2816
S127G.pdb_A	227	-11.3003	-7.843	-24.8674
C1067A.pdb_C	236	-11.3453	-10.5629	-6.28697
K147V.pdb_A	248	-11.2139	-7.98848	-25.3362
L130F.pdb_A	254	-11.0437	-7.98485	-24.9217
L86V.pdb_A	275	-10.9588	-9.06679	-24.6811
Q62L.pdb_A	284	-10.9565	-9.15159	-25.537
S89Q.pdb_A	291	-10.9774	-9.78007	-24.6896
S128C.pdb_A	309	-10.9781	-9.77973	-24.5447
G118N.pdb_A	329	-10.9762	-9.78243	-25.2686
C128M.pdb_A	339	-11.2379	-9.8266	-27.9606
D100W.pdb_A	349	-11.2423	-9.01527	-25.2746
I1088L.pdb_C	356	-11.0808	-9.67641	-6.37982
K1094N.pdb_C	370	-11.7864	-10.282	-6.37423
K1041P.pdb_C	386	-12.0343	-11.9601	-9.94655
S1032E.pdb_C	394	-12.0493	-10.792	-6.15762
E149A.pdb_A	399	-12.0067	-9.69722	-26.0108
P1044I.pdb_C	409	-13.7394	-11.8778	-5.97479
K31Q.pdb_A	422	-11.8164	-10.4672	-24.1487
W53Y.pdb_A	443	-11.8465	-10.4496	-23.9721
V1035H.pdb_C	467	-11.9631	-4.01189	-7.00287
C5V.pdb_A	475	-11.6458	-10.3436	-24.4804
S142Y.pdb_A	485	-11.6847	-10.3584	-25.3329
W1092F.pdb_C	492	-12.3682	-4.28728	-6.68787
I137T.pdb_A	513	-12.6714	-10.4809	-24.5001
F143N.pdb_A	523	-12.3987	-10.4591	-25.1984
M69V.pdb_A	533	-13.1131	-10.9291	-23.8007
F1092Q.pdb_C	540	-11.5198	-3.39439	-8.18262
E61L.pdb_A	546	-10.9712	-10.4124	-27.7819
P125T.pdb_A	554	-11.2505	-10.4593	-26.9344
F121E.pdb_A	559	-11.0121	-10.4919	-26.496
L95W.pdb_A	565	-11.2504	-10.4934	-26.9674
Y109E.pdb_A	573	-10.6682	-10.183	-25.971
T1025S.pdb_C	583	-12.6763	-4.20622	-8.55188
I1039K.pdb_C	590	-12.6545	-4.23063	-6.63778
W59R.pdb_A	608	-11.1599	-9.22952	-25.3096
D1027M.pdb_C	623	-10.5921	-4.64063	-8.92034
Q151T.pdb_A	630	-10.5951	-9.30172	-27.0007
V1028M.pdb_C	637	-10.635	-4.77946	-6.24609
R37D.pdb_A	648	-10.6585	-9.19683	-24.2034
R1035D.pdb_C	657	-10.678	-4.44087	-7.28885
F1067E.pdb_C	671	-11.2126	-4.7544	-6.0031
E1067K.pdb_C	685	-10.6413	-4.18654	-8.01569
A7R.pdb_A	702	-10.8173	-9.229	-25.4171
S43I.pdb_A	721	-10.9035	-9.38983	-24.2693
Q154S.pdb_A	735	-11.0812	-9.42587	-23.7401
T108H.pdb_A	744	-11.0445	-9.41064	-23.8795
E4K.pdb_A	758	-11.1998	-9.36572	-25.314
I1064V.pdb_C	769	-11.2197	-4.21045	-5.84882
R93W.pdb_A	781	-10.975	-9.19735	-26.4729
S29C.pdb_A	789	-10.9657	-9.16078	-28.0787
M1050W.pdb_C	799	-10.6256	-3.88299	-6.25834
W70L.pdb_A	810	-12.6911	-10.2897	-26.0458
R139Y.pdb_A	824	-12.7398	-10.6096	-23.9869
E1034I.pdb_C	837	-12.3645	-4.20566	-7.24084
Q133D.pdb_A	845	-12.5977	-10.7155	-25.8998
G151H.pdb_A	851	-12.1961	-10.7156	-25.6243
H7T.pdb_A	858	-12.5291	-10.5806	-27.4286
S1046W.pdb_C	868	-12.1915	-4.05117	-8.78339
I1054C.pdb_C	877	-12.4322	-4.05972	-8.72826
F1052M.pdb_C	887	-12.2893	-4.06336	-7.86436
F1039V.pdb_C	901	-12.4265	-4.04669	-6.88031
M36L.pdb_A	912	-12.4394	-10.4454	-24.1121
V127C.pdb_A	940	-12.1971	-10.4503	-26.0217
A149H.pdb_A	948	-12.2525	-10.4188	-25.2757
H27Q.pdb_A	966	-11.4473	-9.79018	-25.32
R52A.pdb_A	975	-11.9436	-9.66979	-24.0736
Q82A.pdb_A	987	-11.9605	-9.64547	-25.2169
T93W.pdb_A	1000	-11.9605	-9.63908	-26.4167
