name	count	evolved_interaction	ancestral_interaction	stability
L120T.pdb_A	1	-10.4859	-10.4878	-24.3831
N124H.pdb_A	12	-10.5076	-10.526	-25.4053
Q1095L.pdb_C	21	-10.5565	-10.4006	-6.23618
H1092W.pdb_C	27	-10.8231	-10.7045	-6.62382
S127A.pdb_A	48	-10.6802	-10.5102	-24.9859
L109F.pdb_A	55	-10.7871	-10.4919	-25.8058
R1093W.pdb_C	69	-10.8335	-10.793	-6.906
K1027V.pdb_C	81	-10.6782	-6.27752	-6.76443
Q101A.pdb_A	91	-10.5292	-10.4754	-24.855
D145Y.pdb_A	103	-10.5826	-10.5278	-24.8325
L4S.pdb_A	112	-12.2485	-11.9305	-24.3362
L86N.pdb_A	120	-11.5844	-11.2542	-24.5755
H124W.pdb_A	129	-12.1824	-11.5716	-24.7971
S122L.pdb_A	137	-11.8769	-11.2768	-25.3081
D118M.pdb_A	147	-11.7225	-11.1203	-26.8259
T1043A.pdb_C	154	-11.7174	-10.3613	-6.75333
D37I.pdb_A	172	-11.9463	-11.3972	-24.9226
I96M.pdb_A	178	-11.9133	-11.4598	-24.8376
M38I.pdb_A	189	-11.9398	-11.4528	-24.2812
Y1047N.pdb_C	200	-12.1529	-10.2786	-7.20652
S1033M.pdb_C	209	-11.8586	-9.73583	-6.63057
L1035V.pdb_C	218	-11.9807	-9.73651	-5.88083
N14D.pdb_A	241	-10.9673	-10.5366	-24.5495
A154Y.pdb_A	255	-10.9119	-10.5633	-26.3556
C121M.pdb_A	261	-10.9626	-10.4742	-26.6056
L1060Q.pdb_C	267	-10.9617	-9.94444	-6.70233
C1077S.pdb_C	278	-10.9563	-9.90974	-7.5006
V1036D.pdb_C	289	-10.8644	-9.93537	-6.4476
D1075V.pdb_C	302	-11.1263	-10.4952	-8.52488
A1044T.pdb_C	308	-10.9881	-10.3958	-8.2593
D1041V.pdb_C	321	-10.9973	-7.76676	-6.22079
G115F.pdb_A	328	-11.141	-10.5027	-25.2187
K71W.pdb_A	336	-11.1526	-10.4967	-28.4848
F137L.pdb_A	344	-10.6937	-10.3922	-25.2904
D14Q.pdb_A	357	-11.6206	-11.3303	-24.7133
K18M.pdb_A	363	-11.2222	-10.4727	-24.1969
Y155W.pdb_A	373	-11.1813	-10.4279	-25.4116
T61M.pdb_A	381	-11.007	-10.418	-26.3723
M147R.pdb_A	391	-10.7539	-10.4181	-24.5411
S145F.pdb_A	404	-10.8044	-10.4999	-25.8784
Y82F.pdb_A	423	-10.8044	-10.4969	-24.0777
R147E.pdb_A	442	-10.9372	-10.6691	-23.7629
V117C.pdb_A	456	-10.93	-10.6949	-27.0797
W1032R.pdb_C	469	-10.9016	-9.33906	-7.6909
C93Y.pdb_A	484	-11.0308	-10.6945	-26.915
C143Y.pdb_A	495	-10.9068	-10.5978	-29.1975
A124M.pdb_A	505	-10.9081	-10.6054	-26.3913
K15S.pdb_A	512	-10.9149	-10.5175	-24.8207
S15A.pdb_A	522	-10.7951	-10.4337	-25.9127
I153T.pdb_A	534	-10.7636	-10.417	-24.5409
K1058Y.pdb_C	545	-10.8475	-9.21036	-7.35176
E1044Q.pdb_C	553	-10.7403	-9.12094	-6.6533
V1041D.pdb_C	559	-10.7929	-9.17803	-6.83615
N1059R.pdb_C	576	-10.9852	-9.2891	-6.85446
L68Y.pdb_A	587	-10.8941	-10.5193	-26.2495
Q14S.pdb_A	599	-10.9113	-10.1754	-23.6565
M70W.pdb_A	609	-10.7741	-10.3354	-24.1456
T120M.pdb_A	637	-10.9251	-10.5877	-27.4997
I111M.pdb_A	654	-10.6396	-10.124	-24.7877
H1023E.pdb_C	661	-10.6415	-8.05293	-6.13157
N61Q.pdb_A	670	-10.5772	-10.1884	-24.5238
Y35M.pdb_A	681	-10.5778	-10.1959	-25.1592
M1064I.pdb_C	693	-10.551	-8.20193	-7.40223
W1092M.pdb_C	705	-10.5534	-7.81989	-7.35295
K30R.pdb_A	713	-10.6387	-9.35215	-26.0747
Q49H.pdb_A	720	-10.8819	-10.8322	-25.5835
G1075D.pdb_C	730	-10.8294	-5.4141	-6.36977
D108M.pdb_A	738	-11.0338	-9.23378	-26.1603
D1059S.pdb_C	748	-11.0567	-8.19809	-7.14589
N66I.pdb_A	759	-11.6454	-9.22801	-25.1954
W48L.pdb_A	768	-11.232	-9.21096	-25.6874
M122L.pdb_A	779	-11.276	-9.34536	-24.1461
V1076L.pdb_C	790	-11.2763	-6.25563	-7.97896
R1066M.pdb_C	805	-11.0058	-5.39456	-7.59562
F126M.pdb_A	815	-10.5339	-9.56861	-26.7283
F107L.pdb_A	826	-10.6012	-9.58824	-25.0012
L29I.pdb_A	833	-10.6261	-9.65789	-25.9268
K76D.pdb_A	849	-10.6627	-9.68981	-25.4803
K74H.pdb_A	862	-10.6965	-9.69074	-25.1263
K61T.pdb_A	872	-10.7084	-9.68917	-25.8329
F131D.pdb_A	881	-10.6884	-9.67803	-26.9742
Q1057R.pdb_C	896	-10.6155	-5.25061	-7.18765
C128A.pdb_A	918	-10.6014	-9.09533	-24.4749
Y115W.pdb_A	928	-10.5977	-9.10486	-24.7808
D1041V.pdb_C	938	-10.5635	-7.76676	-6.22079
L122A.pdb_A	948	-10.5261	-9.14925	-24.0803
H113I.pdb_A	974	-10.7794	-9.06489	-26.733
W149I.pdb_A	983	-11.1136	-9.10135	-24.2342
K54R.pdb_A	990	-11.1235	-9.12294	-25.1832
D131Q.pdb_A	996	-11.1269	-9.14286	-24.3374
