name	count	evolved_interaction	ancestral_interaction	stability
Y155F.pdb_A	1	-10.495	-10.52	-26.5752
D19F.pdb_A	7	-10.6717	-10.6903	-25.541
Q39I.pdb_A	15	-10.9745	-10.6192	-24.2608
E1029G.pdb_C	37	-10.7378	-10.5608	-6.84697
S70D.pdb_A	53	-10.5789	-10.5131	-25.4675
R135K.pdb_A	61	-10.5646	-10.5129	-25.0112
M1060I.pdb_C	69	-10.5782	-10.1312	-6.33915
A79P.pdb_A	79	-10.5688	-10.4877	-26.4584
N52Y.pdb_A	88	-10.5683	-10.2643	-25.8748
N66G.pdb_A	100	-10.579	-10.2643	-24.3504
N1086W.pdb_C	109	-10.8887	-10.4415	-7.38723
G115Q.pdb_A	117	-10.755	-10.0901	-26.9958
T1033R.pdb_C	125	-10.713	-10.4216	-8.7655
Q7F.pdb_A	136	-10.773	-10.2691	-24.3766
I1060N.pdb_C	158	-10.728	-10.3411	-7.07739
L119Q.pdb_A	168	-10.7263	-10.215	-23.9161
G66Q.pdb_A	182	-10.7181	-10.215	-26.1322
Q1095V.pdb_C	190	-11.082	-10.54	-7.80783
E11I.pdb_A	202	-11.0881	-10.2941	-25.2788
G140H.pdb_A	211	-12.3646	-10.4266	-26.1876
K18L.pdb_A	218	-11.6927	-9.3616	-26.6934
Q111D.pdb_A	223	-11.7958	-9.35054	-24.3935
E99G.pdb_A	231	-12.0523	-9.6119	-24.5061
E1084F.pdb_C	238	-10.5757	-6.99951	-7.1348
N98S.pdb_A	251	-10.3686	-8.67019	-23.9117
T93G.pdb_A	260	-10.4888	-8.83511	-24.8515
Y1076W.pdb_C	272	-11.4096	-6.45555	-6.33425
Q19C.pdb_A	284	-11.2447	-9.29664	-25.2183
P65L.pdb_A	290	-11.466	-9.32076	-25.1616
E1094M.pdb_C	314	-11.1528	-6.27865	-9.4002
S3W.pdb_A	331	-10.9697	-9.4092	-24.0971
Q119L.pdb_A	345	-10.8859	-9.40914	-24.5226
I1049L.pdb_C	355	-10.8287	-5.79118	-6.16427
D118S.pdb_A	365	-10.7808	-9.28025	-26.2148
I1093V.pdb_C	372	-10.8135	-5.75518	-6.84656
D4T.pdb_A	379	-10.8275	-9.18842	-27.169
L65N.pdb_A	391	-10.6098	-9.07549	-25.4605
S139W.pdb_A	397	-10.6726	-8.95645	-25.567
T91P.pdb_A	427	-10.9783	-9.74719	-26.4615
R99K.pdb_A	439	-10.8883	-9.74935	-25.4156
C147E.pdb_A	453	-10.8879	-9.71768	-26.9541
P79G.pdb_A	459	-10.9394	-9.73662	-26.0102
N65V.pdb_A	471	-11.1103	-9.13161	-24.9505
V65E.pdb_A	481	-10.9882	-9.07269	-25.8067
Y25M.pdb_A	494	-10.765	-9.25721	-24.7705
N87K.pdb_A	509	-10.7539	-9.20036	-25.2338
I1042H.pdb_C	516	-11.1811	-4.85819	-8.36899
M1043F.pdb_C	524	-11.2015	-4.84182	-6.32196
C1036R.pdb_C	540	-11.313	-4.95696	-6.50551
A111C.pdb_A	558	-11.3278	-8.54633	-25.0218
E67F.pdb_A	570	-11.2807	-8.69493	-24.4166
S35C.pdb_A	589	-11.2957	-8.61444	-25.3797
L140C.pdb_A	604	-11.298	-8.6143	-23.7469
Q136T.pdb_A	616	-10.5691	-8.15031	-24.3787
E1038I.pdb_C	631	-11.4479	-9.26803	-6.64417
M1094T.pdb_C	643	-11.429	-9.25234	-5.93801
S89E.pdb_A	658	-11.4737	-8.21521	-25.496
K14C.pdb_A	673	-11.1648	-7.93338	-24.6825
M153G.pdb_A	680	-11.2785	-7.96633	-25.2186
Y1044P.pdb_C	704	-11.2784	-9.52405	-7.52413
V57K.pdb_A	711	-11.4961	-8.39812	-24.347
V148W.pdb_A	718	-11.1746	-8.39364	-24.1706
K66E.pdb_A	735	-11.2035	-8.34435	-24.3049
S156K.pdb_A	753	-11.0455	-8.23741	-23.9563
F1033K.pdb_C	774	-11.05	-8.96405	-6.53267
N1023W.pdb_C	785	-10.6307	-8.96069	-6.86274
W1023T.pdb_C	806	-10.9558	-8.68421	-7.07348
F67Q.pdb_A	812	-10.6462	-8.3013	-26.0784
H124Q.pdb_A	821	-10.8161	-8.30135	-25.0554
M1056L.pdb_C	832	-10.8943	-9.18794	-6.4219
T1055E.pdb_C	839	-10.8912	-9.1806	-6.03937
G153K.pdb_A	851	-10.9103	-8.32564	-27.6928
N11C.pdb_A	858	-10.9751	-8.18757	-24.9122
S65R.pdb_A	868	-10.9606	-8.19989	-25.0337
H1032N.pdb_C	876	-10.9487	-9.16997	-7.38998
K1033Q.pdb_C	883	-11.5616	-9.07712	-6.43159
K156C.pdb_A	892	-11.1152	-8.15462	-23.6157
F93Y.pdb_A	909	-11.0932	-8.9359	-24.4002
V1034T.pdb_C	916	-10.5427	-8.25598	-7.70756
V1028C.pdb_C	931	-10.5908	-8.23999	-6.29149
R1085A.pdb_C	941	-10.7398	-8.35246	-6.99584
E127T.pdb_A	948	-10.789	-8.03345	-24.7891
Q1059M.pdb_C	957	-10.777	-8.68269	-6.53726
M1050K.pdb_C	983	-10.9931	-8.68268	-6.48564
R65L.pdb_A	999	-10.9826	-8.17292	-24.6371
