name	count	evolved_interaction	ancestral_interaction	stability
S95I.pdb_A	1	-10.496	-10.5064	-27.5822
K71L.pdb_A	10	-10.6541	-10.506	-26.1296
S54Q.pdb_A	18	-10.6484	-10.5503	-26.0513
Q1095P.pdb_C	26	-10.589	-10.556	-8.32691
V1028L.pdb_C	33	-10.4953	-10.4637	-10.8389
K30I.pdb_A	42	-11.268	-11.4847	-27.2772
Y58H.pdb_A	48	-11.3352	-11.4303	-23.686
Q101A.pdb_A	68	-10.8667	-10.9971	-24.167
T61H.pdb_A	94	-11.7852	-10.9968	-23.99
F22Y.pdb_A	104	-11.6097	-11.0373	-24.1405
N1038D.pdb_C	111	-11.8273	-11.2735	-7.60707
I1042W.pdb_C	127	-11.3944	-10.7703	-6.92314
A142L.pdb_A	137	-11.3949	-11.1767	-26.2513
K147M.pdb_A	147	-11.3379	-11.1763	-25.3966
L4R.pdb_A	161	-11.7576	-11.3398	-24.6909
S127L.pdb_A	196	-11.7532	-11.3333	-25.1995
K1027V.pdb_C	206	-11.9777	-10.907	-6.63746
I1039R.pdb_C	214	-11.8637	-10.8835	-6.66654
F33C.pdb_A	220	-11.0375	-11.2874	-26.5475
R1093F.pdb_C	233	-10.9053	-9.99708	-6.79976
N1023M.pdb_C	241	-10.8762	-9.96641	-6.27956
H58F.pdb_A	256	-10.876	-11.3119	-26.4035
K1037I.pdb_C	265	-11.0622	-10.2464	-9.19018
K1033Q.pdb_C	280	-11.1356	-10.2728	-7.93289
I1024M.pdb_C	290	-12.3619	-10.4104	-7.43587
K1054V.pdb_C	304	-12.3772	-10.4168	-5.93358
F1033V.pdb_C	320	-12.4253	-10.4318	-6.65276
T147Y.pdb_A	332	-10.8401	-10.7719	-25.7201
D118C.pdb_A	343	-10.8969	-10.8464	-25.0191
Q117R.pdb_A	354	-11.0538	-10.8128	-24.8878
F137K.pdb_A	360	-10.6856	-8.74829	-23.9078
S52K.pdb_A	368	-10.6849	-8.76542	-25.0783
S1032W.pdb_C	377	-10.5015	-9.82374	-9.36238
K71F.pdb_A	387	-11.2454	-9.06308	-25.7759
A133L.pdb_A	393	-10.9915	-8.87399	-25.3768
Q135A.pdb_A	400	-11.3696	-10.7934	-25.0305
Y44N.pdb_A	407	-11.3896	-10.6507	-25.575
N1037W.pdb_C	416	-11.3239	-9.89012	-9.49599
K1074G.pdb_C	427	-11.1813	-9.9013	-6.17478
E1048K.pdb_C	440	-11.0681	-9.38282	-9.13984
A10Y.pdb_A	450	-11.0195	-10.3842	-23.8236
K40E.pdb_A	457	-11.5015	-10.2976	-23.5693
E1036G.pdb_C	476	-10.7345	-9.26449	-6.14923
C66R.pdb_A	486	-10.885	-10.3572	-24.3248
L119Y.pdb_A	494	-11.0059	-11.0651	-24.5871
P105Q.pdb_A	502	-11.7323	-10.9694	-24.375
I104L.pdb_A	516	-11.6718	-10.9755	-24.1531
K52F.pdb_A	532	-11.7019	-10.9754	-24.6302
K18T.pdb_A	544	-11.2174	-10.5092	-25.0304
M1026F.pdb_C	553	-11.1438	-10.012	-6.98407
E1040W.pdb_C	565	-11.2752	-10.0111	-6.74142
E95D.pdb_A	579	-11.3567	-10.9458	-23.7262
N133Q.pdb_A	587	-12.2819	-11.9771	-24.7951
N98R.pdb_A	592	-12.2772	-11.9771	-26.4793
R66H.pdb_A	598	-12.1927	-12.1043	-27.4894
H1070G.pdb_C	608	-12.1078	-10.0359	-8.28848
S1045C.pdb_C	617	-12.0723	-10.0281	-8.46544
G1070F.pdb_C	627	-11.5539	-9.97257	-8.87333
V96M.pdb_A	633	-11.0557	-10.6286	-26.0406
K57I.pdb_A	639	-10.9368	-10.2757	-25.6244
C1079M.pdb_C	646	-10.9454	-9.7673	-9.65554
F115W.pdb_A	657	-10.9497	-10.3553	-23.8046
V1054R.pdb_C	665	-11.0514	-9.91435	-8.94122
M156Q.pdb_A	672	-10.8672	-9.8685	-23.8724
L151Y.pdb_A	680	-10.8354	-9.88256	-23.8916
I151T.pdb_A	692	-10.8555	-10.1832	-25.5431
F1084E.pdb_C	707	-12.0364	-9.68219	-8.57053
I1064W.pdb_C	723	-12.0306	-9.75684	-6.36244
K1048C.pdb_C	733	-12.5169	-9.78556	-6.68059
M35A.pdb_A	741	-13.0397	-10.5286	-23.605
Y48N.pdb_A	768	-12.671	-10.026	-25.2721
S67M.pdb_A	777	-12.706	-10.0542	-28.8864
V123L.pdb_A	788	-12.6553	-9.89625	-25.5643
V75L.pdb_A	796	-12.8936	-10.8218	-26.4458
E1090Q.pdb_C	802	-13.5765	-10.1633	-6.03917
A79I.pdb_A	814	-11.1755	-7.60961	-28.3567
E87A.pdb_A	821	-11.1771	-7.62942	-27.881
Q105E.pdb_A	835	-10.8677	-6.58967	-25.3598
D1024W.pdb_C	841	-10.8715	-8.69269	-10.576
F30H.pdb_A	850	-11.0815	-8.15632	-26.2533
R106Q.pdb_A	863	-11.0858	-8.09111	-24.8125
S121M.pdb_A	871	-10.8578	-8.09609	-28.4702
S43C.pdb_A	883	-10.7353	-8.15846	-26.9818
G15E.pdb_A	890	-10.7817	-8.08283	-26.3162
W1076R.pdb_C	902	-11.3212	-7.03682	-6.93807
D29V.pdb_A	921	-11.4606	-8.86028	-25.6967
M1023R.pdb_C	932	-11.4499	-6.20451	-7.2755
N140D.pdb_A	946	-11.3744	-8.75715	-27.0231
W44Y.pdb_A	955	-10.8176	-8.50503	-25.6391
V5M.pdb_A	967	-10.8714	-8.58291	-26.5935
R66F.pdb_A	978	-10.6026	-8.57751	-24.7154
F1023W.pdb_C	988	-11.2231	-6.34116	-8.24469
E65Q.pdb_A	997	-11.1907	-7.68461	-24.9058
