name	count	evolved_interaction	ancestral_interaction	stability
F22K.pdb_A	1	-8.80845	-8.81317	-26.2602
A32W.pdb_A	23	-10.3003	-8.95366	-24.677
A106G.pdb_A	40	-10.4465	-8.40666	-24.1384
N1086E.pdb_C	49	-10.4649	-9.56102	-6.14569
D100S.pdb_A	57	-10.4367	-8.41482	-26.2356
K1058M.pdb_C	69	-10.4668	-9.58391	-6.85718
D102Y.pdb_A	78	-10.4662	-8.43389	-27.8977
K153N.pdb_A	86	-10.4797	-7.72027	-24.2473
Q130M.pdb_A	95	-11.3934	-8.4269	-25.8254
Q10V.pdb_A	111	-11.5273	-8.57074	-24.4198
K76E.pdb_A	121	-11.7433	-8.56036	-27.3235
L106A.pdb_A	130	-11.7461	-8.56262	-27.9474
E1079M.pdb_C	135	-11.4834	-9.9142	-7.27666
M1060K.pdb_C	142	-11.4813	-9.9164	-5.93162
P65C.pdb_A	147	-11.4813	-8.56707	-24.4429
Q111A.pdb_A	161	-11.6581	-8.56376	-24.5961
Y25A.pdb_A	170	-10.6359	-8.16686	-25.2569
D19S.pdb_A	181	-10.9728	-8.34242	-24.4619
K104R.pdb_A	188	-10.7027	-8.3592	-24.6665
F1037M.pdb_C	197	-10.599	-9.6444	-6.17987
F1059W.pdb_C	215	-10.5896	-9.72575	-6.2337
T51M.pdb_A	225	-10.5895	-8.34566	-24.0072
A106W.pdb_A	238	-10.6113	-8.34083	-24.9782
E135N.pdb_A	246	-10.9026	-8.32622	-24.3813
I112F.pdb_A	259	-10.8161	-7.93366	-24.7632
V29A.pdb_A	269	-10.8639	-7.92356	-24.0487
L134W.pdb_A	279	-10.8179	-7.89417	-23.928
E143Y.pdb_A	292	-10.929	-7.99376	-25.0317
A1074Y.pdb_C	311	-10.906	-8.93753	-9.11822
L1031W.pdb_C	317	-10.6723	-9.43719	-7.88445
A66S.pdb_A	326	-10.6195	-8.0338	-24.4385
S3Q.pdb_A	338	-10.6313	-8.04412	-26.6664
N74Q.pdb_A	353	-10.5368	-8.01447	-25.1229
K1027C.pdb_C	370	-11.1172	-9.85368	-4.73177
K125V.pdb_A	379	-11.5623	-8.0372	-26.0284
T15C.pdb_A	385	-11.5651	-8.0379	-23.844
D145W.pdb_A	399	-11.6948	-7.66845	-24.3324
D1075V.pdb_C	425	-11.6092	-8.74623	-6.09642
S39N.pdb_A	439	-10.9497	-7.56133	-24.6805
S138N.pdb_A	454	-11.5795	-7.44565	-25.1967
K110Q.pdb_A	463	-11.2848	-6.4131	-24.8901
V9I.pdb_A	474	-11.1704	-6.42949	-26.5408
W1095G.pdb_C	481	-11.168	-8.90228	-6.20208
C1027F.pdb_C	493	-11.3882	-9.37481	-8.33364
G23A.pdb_A	502	-10.9031	-5.93041	-26.0981
Y1074R.pdb_C	514	-10.6182	-9.33926	-6.77783
H147M.pdb_A	524	-10.7494	-6.39408	-25.4032
S1033K.pdb_C	539	-11.0888	-9.31721	-8.28101
L3C.pdb_A	547	-11.0263	-7.06632	-24.1873
T71Y.pdb_A	553	-11.0075	-7.06841	-27.2904
Y1073N.pdb_C	561	-10.9936	-9.26201	-9.4126
C3I.pdb_A	568	-10.8894	-6.19374	-26.026
E100H.pdb_A	575	-10.8698	-6.1499	-24.265
H1047T.pdb_C	583	-10.7258	-8.80159	-6.66324
Y11S.pdb_A	590	-11.7203	-7.23571	-25.5337
Q1023L.pdb_C	596	-11.6859	-8.82502	-7.91147
G136T.pdb_A	604	-11.9138	-7.40445	-27.872
T141G.pdb_A	610	-11.7256	-7.22893	-24.9704
V1075S.pdb_C	618	-11.0948	-8.20467	-6.61578
H1051L.pdb_C	630	-11.0235	-8.2342	-7.68315
F81Y.pdb_A	641	-10.5008	-6.91709	-26.0365
C100G.pdb_A	647	-10.4259	-6.69847	-24.6157
N1075Y.pdb_C	657	-10.454	-7.97899	-7.45844
E1032K.pdb_C	667	-10.9583	-8.59231	-8.0269
R1064S.pdb_C	674	-11.6626	-8.81157	-8.80014
K149Q.pdb_A	680	-12.3999	-7.87838	-24.4176
K22G.pdb_A	691	-10.799	-7.05923	-26.0467
I1029V.pdb_C	698	-10.6079	-9.6004	-6.60224
D1079E.pdb_C	713	-11.3001	-9.68722	-6.98787
V1035L.pdb_C	722	-11.3315	-9.76803	-7.79323
D33P.pdb_A	730	-11.1199	-6.88418	-25.882
Y71K.pdb_A	743	-11.1238	-6.88742	-24.1598
C1094I.pdb_C	755	-11.1881	-9.74821	-6.32839
W65E.pdb_A	765	-11.1311	-6.84869	-25.2358
M1042V.pdb_C	775	-11.068	-9.62941	-5.76013
G142P.pdb_A	781	-10.8941	-7.17005	-26.3841
A78I.pdb_A	796	-10.938	-7.16001	-27.3993
K52L.pdb_A	806	-10.5334	-7.34096	-23.384
W82M.pdb_A	816	-10.6146	-7.37412	-23.8306
C105I.pdb_A	830	-10.6188	-7.51084	-26.138
T125E.pdb_A	850	-10.619	-7.47732	-24.361
H50S.pdb_A	866	-10.6387	-7.47622	-24.3569
N1056L.pdb_C	874	-10.6587	-9.41773	-6.89349
Q149V.pdb_A	883	-10.6608	-7.46025	-23.53
D1081E.pdb_C	900	-10.5146	-9.22766	-6.334
Y138C.pdb_A	921	-10.4936	-7.32378	-24.74
C129H.pdb_A	936	-10.4751	-7.37792	-24.5316
K71R.pdb_A	948	-10.7216	-7.76343	-23.722
G50E.pdb_A	961	-10.7738	-7.71741	-25.051
Y1059M.pdb_C	968	-10.7584	-9.45592	-6.13173
C42F.pdb_A	988	-10.7948	-7.48442	-26.0563
R6K.pdb_A	997	-10.7881	-7.32287	-25.3653
