name	count	evolved_interaction	ancestral_interaction	stability
E63V.pdb_A	1	-10.4699	-10.4552	-26.8733
Q1095F.pdb_C	8	-10.4408	-10.4502	-11.8535
K71D.pdb_A	14	-11.5881	-11.684	-26.0542
I115E.pdb_A	25	-11.7396	-11.542	-25.9928
N1086W.pdb_C	34	-12.4343	-11.3298	-7.5306
F1095V.pdb_C	44	-12.4	-11.3349	-7.42796
Q154D.pdb_A	52	-12.3871	-11.4531	-25.5254
E1079S.pdb_C	66	-12.288	-11.2089	-6.71112
K1041Y.pdb_C	73	-12.5706	-11.3871	-6.406
K146F.pdb_A	81	-12.5601	-12.0598	-28.6041
M107V.pdb_A	87	-12.1105	-12.1756	-24.4112
A1074E.pdb_C	92	-12.2456	-10.8904	-7.64187
P1061H.pdb_C	102	-12.2552	-10.8933	-6.77692
D1075Q.pdb_C	112	-12.1198	-10.8975	-7.24579
E1050W.pdb_C	119	-12.1216	-10.9006	-8.94586
A1082T.pdb_C	128	-11.9747	-10.7799	-9.33526
D7S.pdb_A	136	-11.9708	-11.4017	-27.7761
C93M.pdb_A	143	-11.9675	-11.7278	-30.8897
I112H.pdb_A	151	-11.7895	-11.5855	-26.3209
I128K.pdb_A	159	-11.8355	-11.6582	-25.2667
V88T.pdb_A	169	-10.9541	-10.3374	-25.8316
V107R.pdb_A	190	-10.9924	-11.9646	-29.8399
E1044F.pdb_C	204	-10.4224	-10.7491	-6.27638
I1032Y.pdb_C	219	-10.5728	-10.8027	-6.89848
H150D.pdb_A	227	-10.6185	-11.7188	-24.4344
C110E.pdb_A	247	-10.759	-11.5445	-26.337
N1025F.pdb_C	264	-10.731	-10.9953	-7.45391
W139D.pdb_A	277	-11.0698	-11.5431	-24.4788
G74T.pdb_A	289	-11.1275	-11.5115	-25.5163
K48C.pdb_A	299	-11.0251	-11.5221	-24.3955
D154A.pdb_A	307	-11.5551	-11.8908	-25.2819
P1078A.pdb_C	316	-10.7094	-11.3491	-7.88335
F77Q.pdb_A	322	-11.3146	-11.3049	-25.349
D7S.pdb_A	330	-11.4327	-11.4017	-27.7761
G23A.pdb_A	338	-11.0496	-11.1396	-24.6333
N66S.pdb_A	355	-11.05	-11.1472	-25.2129
F1025Y.pdb_C	363	-10.8094	-7.98905	-6.21866
A117E.pdb_A	381	-10.9473	-10.8263	-24.2137
F58Y.pdb_A	389	-11.3201	-11.1538	-27.1573
N98T.pdb_A	397	-11.3201	-11.1539	-27.1082
V1047P.pdb_C	403	-11.2724	-7.96646	-6.91506
S7E.pdb_A	417	-11.104	-11.2958	-26.5772
L94C.pdb_A	424	-11.0222	-11.3141	-24.7734
Y27F.pdb_A	433	-11.2031	-11.5887	-26.1623
G122M.pdb_A	442	-11.1947	-11.5963	-27.699
N70P.pdb_A	448	-12.2431	-11.6235	-29.9942
K1058C.pdb_C	455	-12.1644	-7.80437	-7.1541
P125R.pdb_A	466	-12.4215	-11.5404	-26.3941
K153R.pdb_A	474	-11.1056	-11.5659	-25.9884
H1061K.pdb_C	487	-11.1972	-7.85661	-8.79104
C33V.pdb_A	493	-11.2023	-11.5762	-25.7021
Y22L.pdb_A	502	-10.8402	-9.62239	-25.5525
R52L.pdb_A	508	-10.8355	-9.61361	-25.6143
S101T.pdb_A	516	-10.5991	-9.65266	-24.9621
Y1025F.pdb_C	527	-10.921	-7.38769	-9.27669
T19C.pdb_A	532	-11.5609	-10.2568	-25.1443
Y1055K.pdb_C	541	-11.5595	-7.42392	-9.35614
L1066G.pdb_C	551	-10.7711	-7.41615	-7.02041
M151I.pdb_A	561	-10.9694	-10.2939	-25.1174
T1042L.pdb_C	570	-10.976	-7.43064	-9.23651
I147V.pdb_A	575	-10.7888	-9.81651	-24.1992
C118N.pdb_A	583	-10.7801	-9.81356	-26.6082
E12K.pdb_A	590	-10.8885	-9.89027	-24.446
T98I.pdb_A	606	-10.751	-10.1442	-27.4992
M1044Q.pdb_C	616	-10.7445	-7.29819	-5.86444
I45V.pdb_A	622	-10.8909	-10.2525	-24.3498
L22I.pdb_A	633	-10.9818	-9.93772	-24.4227
V52K.pdb_A	646	-10.9527	-9.89213	-25.1639
L1042P.pdb_C	652	-10.9719	-7.4933	-8.91666
A1080W.pdb_C	668	-11.001	-7.48725	-8.08701
L33I.pdb_A	684	-11.0324	-9.95149	-24.0326
R155L.pdb_A	700	-11.0886	-10.0231	-25.2983
N118T.pdb_A	718	-11.0844	-10.0021	-24.0828
D1030C.pdb_C	730	-10.6431	-6.25239	-7.43212
C135E.pdb_A	735	-10.9458	-9.57795	-24.7141
D139T.pdb_A	744	-10.9498	-9.78743	-23.5283
P1077A.pdb_C	754	-10.8597	-6.53735	-8.00358
R1064Y.pdb_C	767	-10.7469	-6.20165	-8.40829
G1095T.pdb_C	775	-10.7382	-6.19398	-8.36924
Q1044L.pdb_C	791	-10.6566	-6.17243	-8.2221
L100N.pdb_A	799	-10.6501	-9.48231	-24.7942
T118K.pdb_A	808	-10.6371	-9.48234	-25.4941
K1073Q.pdb_C	814	-10.5521	-6.1072	-8.04868
L109M.pdb_A	825	-10.784	-9.51847	-23.9695
T99E.pdb_A	832	-10.7404	-9.617	-24.6269
K1024I.pdb_C	841	-10.7287	-5.204	-7.16951
Q1075C.pdb_C	854	-10.8544	-5.1845	-7.20649
Y1064N.pdb_C	861	-10.4907	-4.96119	-6.94316
F10Y.pdb_A	873	-10.8721	-9.62147	-23.8021
R115N.pdb_A	886	-11.3606	-9.6277	-23.9725
N100M.pdb_A	897	-11.3593	-9.6277	-24.4804
C139G.pdb_A	906	-10.5855	-8.94463	-25.6861
D117T.pdb_A	921	-10.9739	-9.30151	-24.3894
F24V.pdb_A	931	-10.8634	-8.90481	-24.0261
G79W.pdb_A	948	-10.8647	-8.89671	-25.8551
H20F.pdb_A	955	-11.8149	-8.60522	-23.7375
Y1055I.pdb_C	968	-11.812	-6.04687	-6.32533
W107A.pdb_A	974	-11.148	-8.51757	-24.0388
V1054S.pdb_C	984	-11.1256	-6.21853	-6.27896
I128C.pdb_A	997	-11.1256	-8.52703	-24.9267
