name	count	evolved_interaction	ancestral_interaction	stability
N85A.pdb_A	1	-10.5034	-10.5197	-24.8454
P59V.pdb_A	7	-10.4368	-10.466	-26.9665
K153Y.pdb_A	15	-10.3411	-10.4861	-26.7686
I1072M.pdb_C	24	-10.4825	-10.2747	-7.11489
L1061F.pdb_C	36	-11.496	-9.56508	-8.63371
K146Q.pdb_A	44	-11.5975	-11.5091	-24.1037
L6G.pdb_A	51	-11.0527	-11.5318	-23.8059
S142L.pdb_A	61	-11.0221	-11.5273	-25.936
E1079N.pdb_C	70	-10.8598	-10.4245	-8.61408
T61D.pdb_A	81	-10.7885	-11.6073	-23.8131
A85C.pdb_A	91	-10.8138	-11.6115	-25.1272
P78Y.pdb_A	98	-10.8747	-11.3178	-24.3921
A32D.pdb_A	112	-10.7662	-11.4267	-23.7637
W54A.pdb_A	120	-10.7698	-11.4271	-27.6651
T1042H.pdb_C	126	-10.7087	-10.4395	-7.49321
K1058R.pdb_C	133	-11.3205	-10.5267	-6.21556
S1029T.pdb_C	152	-11.7832	-10.9265	-7.89543
N1086R.pdb_C	163	-12.3241	-11.4699	-7.08597
F1067Y.pdb_C	173	-12.3476	-11.1961	-8.04602
C10R.pdb_A	182	-12.472	-12.0801	-27.1745
K40M.pdb_A	188	-12.0693	-11.6448	-28.2137
K48I.pdb_A	199	-11.7874	-11.7447	-27.8229
K128V.pdb_A	209	-11.7411	-11.7662	-24.763
R1064E.pdb_C	230	-11.0478	-10.6188	-6.6275
R1046C.pdb_C	250	-11.0554	-10.6262	-6.55297
N66G.pdb_A	267	-10.5671	-10.561	-24.0627
Q110K.pdb_A	278	-10.7255	-10.9071	-24.2158
D4Q.pdb_A	290	-10.7531	-10.9045	-25.1896
F1037L.pdb_C	310	-10.6531	-10.7102	-6.49993
C1046I.pdb_C	324	-10.5729	-10.7402	-7.6622
V75H.pdb_A	338	-10.5074	-10.586	-25.4009
A79P.pdb_A	348	-10.4946	-10.6235	-26.27
K147G.pdb_A	357	-10.4753	-10.5824	-25.1169
A67K.pdb_A	367	-10.534	-10.5491	-25.3044
Q111Y.pdb_A	379	-10.6188	-10.4937	-26.3722
D44A.pdb_A	387	-10.7877	-10.7281	-29.1364
S6Q.pdb_A	413	-10.4565	-11.075	-29.624
R8G.pdb_A	419	-11.5947	-10.6344	-25.0565
Y11K.pdb_A	430	-10.9145	-10.5982	-25.2031
E49W.pdb_A	438	-10.5594	-9.52869	-24.4714
E143Y.pdb_A	454	-11.9132	-10.4966	-23.9965
Q1073H.pdb_C	470	-11.9306	-11.1322	-8.7874
T138D.pdb_A	480	-11.9792	-11.0135	-25.6794
D32L.pdb_A	488	-11.389	-10.9416	-23.8646
D100Y.pdb_A	499	-11.5787	-10.8895	-25.4906
Q7S.pdb_A	511	-11.4891	-10.9126	-24.7021
Q6K.pdb_A	528	-10.7155	-9.0141	-25.151
Q10R.pdb_A	542	-11.4114	-9.18942	-24.0475
G50R.pdb_A	549	-11.4416	-9.17842	-24.1191
D1051Q.pdb_C	556	-10.8881	-10.3087	-10.2094
F22M.pdb_A	563	-11.0616	-7.8575	-28.5748
H91P.pdb_A	572	-11.0257	-7.91633	-25.3166
R104C.pdb_A	582	-11.2411	-7.52435	-26.554
Q126Y.pdb_A	592	-10.5076	-8.38175	-26.535
I1039F.pdb_C	599	-10.5575	-9.56487	-8.67268
H52Y.pdb_A	621	-10.5609	-7.96513	-24.866
T1077S.pdb_C	638	-10.5247	-10.0304	-6.95237
S37T.pdb_A	681	-10.5137	-7.6763	-26.0711
T37C.pdb_A	686	-10.4963	-7.21711	-24.5355
G18W.pdb_A	705	-10.7203	-7.87988	-24.7869
S79L.pdb_A	712	-10.6751	-7.82382	-25.2005
M147W.pdb_A	717	-10.7102	-7.87284	-26.3225
E1076A.pdb_C	727	-10.6293	-9.80217	-6.81911
H1073Q.pdb_C	752	-10.5829	-9.74783	-6.79313
F111L.pdb_A	761	-10.5979	-7.90432	-23.7981
K32Y.pdb_A	775	-10.5969	-8.24005	-24.9344
F1039L.pdb_C	784	-10.6446	-9.74831	-6.88322
F1025I.pdb_C	797	-10.8283	-9.98178	-6.98806
D61T.pdb_A	807	-10.8962	-8.47676	-26.264
L1050Y.pdb_C	819	-10.8974	-9.98565	-6.62196
F1047W.pdb_C	857	-10.9016	-9.98565	-6.74859
K30Q.pdb_A	899	-10.6421	-8.20682	-25.5547
T82V.pdb_A	913	-10.4685	-8.14827	-25.4157
P132F.pdb_A	926	-10.9482	-7.72604	-24.7967
Y1067C.pdb_C	939	-10.5032	-10.1695	-6.15661
E59H.pdb_A	955	-10.5812	-8.04368	-26.4246
T8I.pdb_A	972	-10.5616	-7.90341	-24.9458
C104D.pdb_A	982	-10.5479	-7.90791	-24.9482
L1039M.pdb_C	992	-10.8173	-10.0665	-7.04878
