name	count	evolved_interaction	ancestral_interaction	stability
Q151P.pdb_A	1	-10.4947	-10.5198	-22.3021
S138H.pdb_A	16	-10.6124	-10.4835	-25.4151
K1054S.pdb_C	21	-10.6053	-10.614	-7.17788
S1033F.pdb_C	33	-10.5954	-10.5864	-7.66611
D19A.pdb_A	40	-10.7303	-10.5915	-24.207
S122N.pdb_A	54	-10.745	-10.5763	-24.6857
E99F.pdb_A	63	-10.7872	-10.5651	-27.3828
K71T.pdb_A	68	-11.2203	-10.3617	-23.8853
N122E.pdb_A	74	-11.2424	-10.4152	-27.9349
W53Y.pdb_A	81	-11.2483	-10.4083	-28.4886
M36H.pdb_A	88	-10.9129	-10.09	-25.8711
K119Y.pdb_A	95	-10.7403	-10.1095	-26.9203
Q1073L.pdb_C	108	-10.7382	-11.3621	-8.2965
A79W.pdb_A	113	-10.7376	-10.1193	-26.7456
L4F.pdb_A	119	-10.7957	-10.1034	-26.5077
A129Y.pdb_A	129	-11.4621	-10.6318	-26.14
K1040A.pdb_C	149	-11.3744	-11.4263	-5.92781
F66L.pdb_A	164	-11.1967	-10.6281	-24.4581
A19H.pdb_A	173	-11.3179	-10.662	-27.5531
T61I.pdb_A	180	-11.4689	-10.843	-30.9606
E1084Q.pdb_C	188	-11.1375	-10.6671	-8.73675
D1061L.pdb_C	194	-11.3919	-11.0908	-9.36156
Q1056N.pdb_C	212	-11.3213	-10.9976	-7.75052
R135L.pdb_A	235	-10.7704	-10.984	-24.1904
H100F.pdb_A	247	-10.9153	-11.584	-24.4603
L114V.pdb_A	262	-10.9012	-11.5915	-24.1875
Q111K.pdb_A	279	-10.8732	-11.5497	-24.7702
D1080P.pdb_C	290	-10.6806	-10.2054	-6.18391
A142E.pdb_A	305	-10.6045	-11.5206	-25.6728
Q1086L.pdb_C	312	-11.3413	-10.8417	-6.20236
E63W.pdb_A	322	-11.2873	-11.4873	-26.0623
A26I.pdb_A	332	-11.1659	-11.451	-24.4088
C1057G.pdb_C	356	-11.2325	-10.8427	-9.30206
D1085R.pdb_C	362	-11.0099	-10.4749	-6.04622
E42M.pdb_A	367	-11.0678	-11.5266	-26.8109
G87E.pdb_A	374	-11.0669	-11.4239	-27.0305
D102P.pdb_A	384	-10.5005	-11.3184	-26.1833
N24F.pdb_A	400	-10.6083	-11.4071	-26.706
F89P.pdb_A	408	-10.6087	-11.5463	-24.6464
H19V.pdb_A	422	-10.4794	-11.0669	-24.0006
L1061E.pdb_C	440	-11.5107	-10.4789	-6.63873
F132P.pdb_A	451	-11.5269	-11.0678	-26.2761
E15H.pdb_A	459	-11.6706	-11.3258	-26.2177
F67M.pdb_A	470	-11.6849	-11.4138	-25.0773
K25V.pdb_A	475	-11.8013	-11.5956	-25.8093
I1041W.pdb_C	484	-10.9557	-10.2714	-5.88722
K95Q.pdb_A	491	-11.0001	-10.4018	-24.2706
R71H.pdb_A	514	-10.7061	-10.3195	-23.7917
G71K.pdb_A	522	-10.689	-10.3293	-27.1586
V100C.pdb_A	530	-10.6988	-10.3095	-25.7361
R1071Q.pdb_C	541	-10.6719	-10.1062	-6.11944
R1073D.pdb_C	557	-10.6441	-10.1062	-6.95447
Q95W.pdb_A	579	-10.6443	-10.287	-25.0685
R1094Q.pdb_C	597	-10.6276	-10.105	-6.13904
F10I.pdb_A	605	-10.6665	-10.2769	-23.9429
F52N.pdb_A	613	-10.5757	-10.1509	-25.1537
C1050R.pdb_C	626	-10.8149	-10.2117	-6.40816
Q117C.pdb_A	636	-10.7797	-10.2628	-28.286
M67K.pdb_A	641	-10.7777	-10.2628	-27.156
T1075Y.pdb_C	649	-10.8245	-10.2856	-9.23405
V81R.pdb_A	661	-10.6833	-10.216	-23.8905
S1039K.pdb_C	676	-10.6139	-9.68571	-9.50274
I10A.pdb_A	690	-10.6556	-10.0981	-23.7989
R1055D.pdb_C	707	-10.7647	-9.63391	-7.88674
F103Y.pdb_A	713	-10.76	-10.0358	-25.9378
S1062G.pdb_C	720	-10.7643	-9.68512	-8.46887
K11E.pdb_A	742	-10.6553	-9.98404	-24.1392
K31L.pdb_A	753	-10.7383	-9.95917	-24.3764
H1079A.pdb_C	764	-10.7387	-9.7028	-9.23992
A1035W.pdb_C	781	-10.7688	-9.69552	-8.1608
R1091D.pdb_C	791	-10.7304	-9.70588	-7.33391
E1095F.pdb_C	806	-10.9088	-10.0405	-7.35804
V51A.pdb_A	814	-10.9464	-10.0455	-24.9311
A51W.pdb_A	828	-10.9855	-10.173	-24.0552
L1036Y.pdb_C	844	-11.2084	-10.6346	-7.34698
W70S.pdb_A	852	-11.2128	-9.69024	-24.9411
W1035M.pdb_C	860	-11.2058	-10.6345	-6.91506
R1025C.pdb_C	876	-11.1936	-10.6241	-6.85287
W1054G.pdb_C	890	-11.3498	-10.5808	-6.08251
Y146W.pdb_A	910	-11.4459	-9.64325	-24.1294
K156S.pdb_A	920	-11.4224	-9.73698	-24.5836
W146C.pdb_A	934	-11.5913	-9.73582	-24.1986
L14G.pdb_A	945	-11.5443	-9.65864	-24.1446
M83H.pdb_A	954	-11.5558	-9.65155	-25.2845
A30E.pdb_A	960	-11.2511	-9.46719	-25.9557
I1070W.pdb_C	970	-11.1944	-11.2359	-7.7952
N55H.pdb_A	976	-11.2032	-9.51179	-26.8572
L1024W.pdb_C	986	-11.1373	-11.2927	-6.60311
A1059L.pdb_C	999	-11.1453	-11.3321	-7.0763
