name	count	evolved_interaction	ancestral_interaction	stability
F137R.pdb_A	1	-10.4883	-10.5132	-24.6263
I1072L.pdb_C	12	-10.5183	-10.3723	-10.9423
E67A.pdb_A	21	-10.7664	-10.6692	-24.1476
E131P.pdb_A	37	-10.67	-10.6692	-24.4751
K153H.pdb_A	46	-10.6927	-10.7821	-23.953
L6H.pdb_A	54	-10.5962	-10.6411	-24.0995
D1061C.pdb_C	59	-10.4612	-10.2863	-6.45043
N124K.pdb_A	67	-10.4691	-10.632	-27.8672
T108H.pdb_A	74	-10.474	-10.6387	-24.268
H1023L.pdb_C	90	-10.6019	-10.1217	-7.57221
I92M.pdb_A	99	-10.5809	-10.6399	-26.4009
Q151L.pdb_A	108	-10.8039	-10.3983	-26.1521
E49D.pdb_A	118	-10.8257	-10.4199	-25.6634
D1075W.pdb_C	131	-10.7084	-10.0807	-6.79388
F31C.pdb_A	143	-10.7262	-10.3118	-23.7544
S1062G.pdb_C	152	-10.7232	-10.1137	-7.83293
S95C.pdb_A	160	-11.7899	-12.0013	-25.3296
V36M.pdb_A	171	-11.981	-11.477	-25.5322
S127H.pdb_A	180	-11.9215	-11.637	-25.3494
K147Q.pdb_A	197	-11.3669	-11.6334	-24.6737
C1086E.pdb_C	206	-11.7693	-9.374	-7.9244
L1063R.pdb_C	235	-13.2274	-11.3848	-6.59427
Q4T.pdb_A	256	-13.3643	-11.7781	-23.9478
Q52R.pdb_A	268	-13.2533	-12.0651	-23.7751
S3F.pdb_A	277	-11.763	-12.0776	-24.4745
A42D.pdb_A	289	-11.5312	-9.31168	-25.3121
W1070L.pdb_C	300	-10.7179	-10.0442	-6.66125
L1093A.pdb_C	311	-10.6656	-10.1137	-7.48119
A1026M.pdb_C	318	-10.6273	-9.36177	-9.92976
W98R.pdb_A	334	-10.8566	-12.0939	-24.5301
E1059M.pdb_C	349	-12.3499	-9.16078	-7.4029
E63Q.pdb_A	359	-10.9163	-12.6606	-24.7082
M1049F.pdb_C	372	-10.8441	-7.95729	-6.919
H52K.pdb_A	392	-10.5867	-12.6225	-24.2285
H135V.pdb_A	401	-10.5588	-12.5806	-24.1535
D124L.pdb_A	415	-10.5449	-12.5643	-25.9814
Y155F.pdb_A	427	-10.5592	-12.5866	-26.1438
N132S.pdb_A	434	-10.56	-12.8241	-25.3966
K52P.pdb_A	445	-10.708	-12.7224	-26.2598
H153M.pdb_A	458	-10.6737	-12.7275	-24.9554
V121L.pdb_A	466	-10.6731	-12.7268	-24.9728
P70W.pdb_A	476	-11.1945	-13.6929	-24.054
S44A.pdb_A	493	-11.5162	-13.8331	-24.4785
C95R.pdb_A	502	-12.8991	-13.6271	-25.0094
W1073S.pdb_C	513	-12.7974	-8.64258	-6.32331
V113L.pdb_A	523	-12.9184	-13.4188	-25.992
F54K.pdb_A	532	-12.4712	-11.2397	-24.8407
Q1061W.pdb_C	543	-12.4867	-8.40416	-8.62565
E1084D.pdb_C	560	-12.2382	-9.00991	-10.2502
N1042V.pdb_C	569	-12.1712	-6.62469	-6.30607
L114I.pdb_A	584	-12.2139	-11.0803	-25.3868
V116L.pdb_A	592	-12.2953	-11.045	-26.607
T4M.pdb_A	597	-12.6826	-11.0447	-27.3756
K74T.pdb_A	607	-12.6833	-11.0448	-25.7519
T1051N.pdb_C	621	-12.683	-7.499	-7.92087
L1048H.pdb_C	627	-12.5785	-8.71081	-7.86681
Q7W.pdb_A	635	-13.1318	-10.4346	-25.0243
H1073D.pdb_C	649	-13.1511	-9.45548	-6.97449
T74R.pdb_A	664	-13.5986	-10.9428	-24.2574
S89H.pdb_A	671	-13.5334	-10.9413	-24.2355
D1075V.pdb_C	678	-13.1865	-8.2488	-10.4782
Q149F.pdb_A	691	-13.2792	-9.31919	-23.9746
L1070S.pdb_C	698	-12.591	-7.43708	-7.39112
A1094K.pdb_C	715	-11.5034	-6.6375	-6.80467
Y1074K.pdb_C	729	-11.9946	-6.84942	-6.90355
A42D.pdb_A	737	-12.7604	-9.31168	-25.3121
K7W.pdb_A	747	-12.5398	-8.96841	-24.3333
T100P.pdb_A	757	-12.6462	-9.17433	-24.2919
P128Y.pdb_A	767	-11.8641	-8.49663	-24.2878
Q1056H.pdb_C	778	-11.8571	-7.90124	-6.35302
S127F.pdb_A	794	-11.6927	-8.46786	-27.6122
C1048P.pdb_C	801	-11.689	-7.95353	-8.93956
Y1037E.pdb_C	810	-12.3558	-4.55709	-8.39408
I1058K.pdb_C	823	-11.4429	-4.57524	-6.0356
G27A.pdb_A	831	-11.6621	-6.47118	-23.9079
R1051Y.pdb_C	843	-11.0878	-4.68673	-6.18591
L1042F.pdb_C	853	-10.7786	-4.63251	-6.42345
M97N.pdb_A	864	-10.7756	-7.13935	-23.9581
C107F.pdb_A	874	-10.8142	-7.21483	-26.9053
W71M.pdb_A	890	-10.745	-7.67114	-24.567
E1037L.pdb_C	902	-10.5244	-4.6519	-7.84815
R1041Y.pdb_C	907	-10.8837	-5.08259	-6.53929
Q1032D.pdb_C	916	-10.8364	-4.99701	-6.00686
Q111V.pdb_A	930	-10.8314	-7.33525	-23.9892
A6N.pdb_A	940	-10.9344	-7.46867	-24.7284
V45L.pdb_A	945	-10.932	-7.47363	-27.3759
A142C.pdb_A	951	-11.4958	-7.41853	-26.3771
S1070W.pdb_C	956	-11.5973	-5.1656	-12.1596
Y1047P.pdb_C	961	-11.4478	-4.92615	-12.8803
V111G.pdb_A	969	-11.2822	-7.45146	-23.4994
H156Q.pdb_A	978	-11.3446	-8.86585	-24.433
Q126G.pdb_A	984	-11.511	-8.86585	-23.5593
L1037W.pdb_C	992	-11.5115	-4.58161	-7.15514
