name	count	evolved_interaction	ancestral_interaction	stability
Q1073K.pdb_C	1	-10.4935	-10.3828	-8.56236
C5G.pdb_A	8	-10.5161	-10.473	-26.203
Q151R.pdb_A	15	-10.7723	-10.5374	-23.8036
K1027Y.pdb_C	21	-10.7455	-10.477	-6.6184
V1028I.pdb_C	32	-10.6664	-10.4143	-9.98888
S122W.pdb_A	38	-10.6122	-10.4412	-25.6753
S1029C.pdb_C	45	-11.1367	-11.0557	-7.85072
Q101A.pdb_A	52	-10.8948	-10.4482	-25.324
N124G.pdb_A	60	-10.8533	-10.454	-25.0249
I145Q.pdb_A	70	-10.9774	-10.4483	-27.1263
V121N.pdb_A	84	-11.0619	-10.4943	-24.6292
D102I.pdb_A	94	-11.1871	-10.4686	-24.8883
S136A.pdb_A	102	-11.1812	-10.4733	-24.6332
I1089V.pdb_C	111	-11.1948	-11.1243	-7.50295
D100S.pdb_A	121	-11.0311	-10.3556	-26.0455
K30T.pdb_A	131	-10.6665	-10.0057	-25.3055
I1028F.pdb_C	141	-10.7436	-11.0622	-6.4164
D19C.pdb_A	159	-11.2173	-10.4791	-24.0323
K147S.pdb_A	173	-10.4029	-10.1569	-27.0802
S100C.pdb_A	181	-10.3839	-10.1486	-24.3126
T1043L.pdb_C	200	-10.5137	-10.5936	-8.45968
H39V.pdb_A	216	-10.5137	-10.1531	-24.6152
E1084Y.pdb_C	233	-10.8567	-10.0639	-9.75725
I1035A.pdb_C	247	-10.6598	-10.0697	-7.44848
N66V.pdb_A	265	-11.4951	-10.0117	-24.1289
A1035I.pdb_C	279	-11.3795	-10.217	-8.52639
M1060C.pdb_C	287	-11.3826	-10.2224	-7.20922
P6L.pdb_A	300	-11.293	-9.75853	-24.132
L109M.pdb_A	309	-11.2588	-9.76203	-24.4518
Q1095V.pdb_C	318	-10.7164	-9.95316	-7.23458
T82A.pdb_A	326	-11.034	-9.81292	-26.3971
A32Y.pdb_A	335	-10.9413	-9.80925	-24.9886
S95I.pdb_A	349	-11.2617	-8.77517	-24.7103
V62L.pdb_A	357	-11.2548	-8.77523	-25.7463
Y1084F.pdb_C	372	-11.2891	-9.5436	-9.48301
A1061Q.pdb_C	386	-11.3204	-9.7467	-6.47429
Y130N.pdb_A	402	-10.6486	-7.01098	-24.9206
D19Y.pdb_A	411	-11.3923	-7.19838	-25.3949
G44W.pdb_A	422	-12.2456	-8.12294	-28.59
D1082R.pdb_C	433	-13.24	-8.1588	-7.68701
T30N.pdb_A	440	-11.9517	-7.64701	-25.5059
E1074A.pdb_C	450	-12.3862	-8.22115	-7.63121
D1060I.pdb_C	462	-12.5205	-8.18603	-8.57224
N1041Q.pdb_C	470	-12.478	-8.23884	-6.96062
K153V.pdb_A	477	-12.4573	-7.95991	-24.1518
I1044Q.pdb_C	484	-13.3155	-8.37412	-7.16662
E131L.pdb_A	627	-10.5253	-7.06538	-24.8449
H1073W.pdb_C	644	-10.5813	-8.01794	-7.32233
S140Y.pdb_A	665	-10.6433	-7.14925	-24.6597
C150N.pdb_A	688	-10.9495	-8.10687	-24.744
L62M.pdb_A	707	-11.0601	-8.05402	-26.2979
I99L.pdb_A	720	-10.9577	-7.95872	-26.3299
R65N.pdb_A	728	-10.9357	-8.01961	-24.4992
Q113N.pdb_A	740	-10.9488	-7.97636	-24.4349
I1039G.pdb_C	761	-10.9491	-8.01002	-6.54855
W87L.pdb_A	784	-10.9409	-8.17861	-25.4509
K65P.pdb_A	793	-10.9415	-8.125	-28.5564
E137G.pdb_A	799	-11.041	-8.125	-28.3321
L99R.pdb_A	806	-11.6563	-8.64638	-26.3794
T1034Y.pdb_C	816	-11.2436	-7.68545	-7.17063
L1023T.pdb_C	825	-11.2495	-7.66299	-6.62931
Y143E.pdb_A	842	-11.2514	-8.5438	-23.9011
F156K.pdb_A	877	-11.0521	-11.1682	-25.7028
W1093M.pdb_C	887	-11.0614	-7.6609	-6.10149
E101D.pdb_A	903	-11.094	-11.3403	-25.9016
I1042K.pdb_C	913	-11.073	-7.91645	-7.12076
N113K.pdb_A	926	-11.3761	-11.6149	-25.6722
S146E.pdb_A	945	-11.4724	-11.2776	-25.7516
T147K.pdb_A	960	-11.4907	-11.3009	-26.6089
E143F.pdb_A	979	-11.6471	-11.3158	-27.7481
Q133P.pdb_A	984	-11.4032	-11.4231	-28.5514
L131A.pdb_A	992	-11.2904	-11.2778	-27.0182
