name	count	evolved_interaction	ancestral_interaction	stability
T1077S.pdb_C	1	-10.4924	-10.3806	-8.19404
F1037V.pdb_C	7	-10.6228	-10.4398	-6.4002
V62E.pdb_A	19	-10.7015	-10.5492	-24.3947
R104D.pdb_A	36	-10.702	-10.5492	-24.2821
M1060I.pdb_C	43	-10.3973	-10.3921	-7.35484
D37I.pdb_A	49	-10.4177	-10.5406	-25.6247
R1046F.pdb_C	55	-10.4184	-10.4079	-9.62649
D33A.pdb_A	65	-10.5239	-10.6689	-26.1295
D121W.pdb_A	71	-10.7533	-10.9112	-27.7936
S1029V.pdb_C	77	-11.775	-11.3592	-8.23881
K48G.pdb_A	84	-11.7891	-10.929	-24.1081
P1044K.pdb_C	103	-11.5344	-11.1501	-6.18091
R139F.pdb_A	111	-11.5361	-10.8151	-23.8033
Y122K.pdb_A	135	-11.5374	-10.8454	-23.9892
T61I.pdb_A	150	-11.5627	-10.882	-25.8712
K1044R.pdb_C	159	-11.7226	-11.2474	-6.31566
F139S.pdb_A	164	-11.7264	-10.8885	-27.335
C1033F.pdb_C	172	-11.3257	-11.3819	-7.81688
K33R.pdb_A	189	-11.582	-12.0441	-25.0839
R151L.pdb_A	210	-11.7189	-10.1611	-26.8571
E1034K.pdb_C	217	-11.9203	-12.3818	-7.32097
Q1073G.pdb_C	225	-11.9771	-12.37	-6.87423
D104F.pdb_A	235	-11.9747	-10.1692	-24.1438
I1070W.pdb_C	250	-11.9121	-12.275	-9.5456
K76E.pdb_A	258	-11.9119	-10.1217	-25.3863
V1023M.pdb_C	266	-11.9126	-12.2761	-12.7122
Q107Y.pdb_A	274	-11.991	-10.272	-26.3506
A32V.pdb_A	282	-11.8424	-9.97274	-24.6474
S35D.pdb_A	299	-11.6956	-9.82327	-25.2161
I1088M.pdb_C	321	-11.1393	-11.5097	-6.39906
N124M.pdb_A	335	-10.7247	-9.97737	-25.6886
L6Q.pdb_A	345	-10.8364	-9.97169	-25.0497
C44Y.pdb_A	354	-11.6895	-11.142	-26.9817
C1058F.pdb_C	362	-11.7126	-10.9179	-10.1351
C1061A.pdb_C	375	-11.7087	-10.9017	-8.32778
I7A.pdb_A	381	-11.7094	-11.2892	-24.4165
E1080W.pdb_C	396	-11.6264	-10.906	-12.1568
E12Y.pdb_A	410	-11.7464	-11.3193	-24.0372
K122Q.pdb_A	436	-11.6743	-11.2012	-26.2742
A7H.pdb_A	448	-11.7438	-11.2777	-25.149
A1075F.pdb_C	458	-11.7625	-10.9498	-11.38
K1038N.pdb_C	470	-11.7036	-10.7975	-7.73969
V1037Q.pdb_C	487	-10.7018	-9.41012	-8.1904
I118E.pdb_A	501	-10.7033	-11.0646	-25.2617
V57F.pdb_A	515	-11.0072	-11.1223	-26.0083
N79Q.pdb_A	533	-11.4105	-11.1322	-24.7171
F71R.pdb_A	546	-11.0546	-10.9991	-24.0591
N66H.pdb_A	556	-11.1627	-10.8756	-24.0714
E62M.pdb_A	572	-11.3751	-11.503	-27.8809
F1075C.pdb_C	581	-11.4312	-7.14888	-10.8954
V86I.pdb_A	588	-11.1299	-11.7783	-29.3341
N1079K.pdb_C	597	-11.204	-8.87614	-9.2384
K131M.pdb_A	606	-11.194	-12.0433	-25.9197
A1085S.pdb_C	615	-10.9953	-9.32242	-9.05454
G37A.pdb_A	626	-10.9758	-12.2387	-25.1025
I57W.pdb_A	638	-11.9829	-12.9553	-25.5508
I1058R.pdb_C	653	-11.9434	-9.28478	-8.95747
F1042P.pdb_C	671	-11.7317	-9.06676	-8.67735
C1082F.pdb_C	687	-10.8076	-9.03729	-8.65241
I60V.pdb_A	703	-11.0718	-10.6	-24.7083
R6W.pdb_A	712	-10.8231	-10.6998	-24.6088
K1037T.pdb_C	723	-10.4232	-8.55015	-8.88336
L156I.pdb_A	742	-10.376	-9.93523	-25.0859
E118N.pdb_A	752	-11.148	-10.1337	-24.5251
F15N.pdb_A	765	-10.8157	-10.1325	-24.0528
L114C.pdb_A	777	-10.8258	-10.1622	-24.5091
C1059H.pdb_C	786	-10.7834	-9.90392	-8.49935
V123L.pdb_A	793	-10.6733	-10.2299	-23.6067
G149E.pdb_A	805	-10.7746	-10.2348	-25.2242
K30M.pdb_A	817	-10.7632	-10.0365	-23.8417
Q71V.pdb_A	831	-10.7776	-10.0057	-23.9193
A1052G.pdb_C	846	-10.6683	-9.7366	-7.29148
A87K.pdb_A	856	-10.6872	-10.0228	-25.3134
H8R.pdb_A	872	-10.7025	-9.75448	-26.6441
E130S.pdb_A	881	-10.7214	-9.76543	-24.5013
Y1036L.pdb_C	888	-10.6681	-9.65467	-7.23183
F127Y.pdb_A	894	-10.7208	-9.69097	-24.6356
D1034R.pdb_C	905	-11.3216	-9.84576	-8.03048
Y1038W.pdb_C	910	-11.3376	-9.85225	-11.1923
T39C.pdb_A	917	-11.1651	-9.42826	-25.9555
C7M.pdb_A	930	-10.6028	-9.33855	-26.2336
M27F.pdb_A	935	-11.1374	-11.1178	-26.1738
Q110Y.pdb_A	941	-11.3189	-11.2248	-24.4592
A139L.pdb_A	950	-11.3582	-11.2235	-27.037
V104E.pdb_A	960	-11.0753	-11.2862	-24.6311
N1033T.pdb_C	967	-11.0868	-9.65523	-12.074
M55G.pdb_A	975	-10.9402	-11.2775	-27.6613
W91D.pdb_A	983	-11.2577	-11.0725	-23.9177
E19V.pdb_A	992	-11.5514	-11.0715	-23.6926
