name	count	evolved_interaction	ancestral_interaction	stability
G34K.pdb_A	1	-10.6495	-10.6733	-22.3649
G115D.pdb_A	10	-10.6638	-10.6625	-26.0156
L94S.pdb_A	16	-10.6581	-10.669	-23.9026
K1054L.pdb_C	28	-10.6707	-10.3741	-6.74565
Q154K.pdb_A	38	-10.8224	-10.7476	-24.6023
S1032K.pdb_C	50	-10.9188	-10.4361	-9.65251
E131K.pdb_A	59	-10.919	-10.7481	-23.9711
E1086G.pdb_C	70	-10.441	-10.182	-11.9334
S1062Y.pdb_C	89	-10.5081	-9.9842	-9.14544
A1076E.pdb_C	96	-10.7087	-10.0106	-7.28335
V29H.pdb_A	106	-10.7532	-11.135	-23.7993
F1036I.pdb_C	133	-10.6964	-9.73544	-6.81695
R139G.pdb_A	143	-10.6872	-11.2775	-25.675
N124P.pdb_A	158	-10.6469	-11.1989	-23.8253
C142T.pdb_A	165	-10.6547	-11.2632	-25.4444
D37F.pdb_A	175	-10.707	-11.2597	-25.3655
S1032L.pdb_C	185	-10.6281	-9.74146	-9.75438
L1095H.pdb_C	195	-10.9567	-10.1295	-8.17719
T91L.pdb_A	201	-11.0152	-11.2947	-27.2116
A1052M.pdb_C	209	-11.0006	-10.1299	-8.44485
L114R.pdb_A	218	-11.3161	-11.4193	-25.07
L38M.pdb_A	224	-11.5434	-11.599	-25.2805
K48V.pdb_A	233	-11.5894	-11.5022	-25.9651
C52P.pdb_A	244	-10.7683	-10.5154	-26.1297
V146S.pdb_A	258	-10.5773	-10.2785	-25.784
D1055R.pdb_C	267	-10.6334	-10.7925	-7.82969
K1038T.pdb_C	280	-10.6785	-10.7286	-6.25557
L150Q.pdb_A	297	-10.6807	-10.3746	-24.1831
I1035M.pdb_C	312	-10.7595	-10.9186	-6.46445
I1046F.pdb_C	329	-10.762	-10.9182	-7.81311
E6Q.pdb_A	340	-10.7604	-10.2789	-23.9812
S146F.pdb_A	348	-11.4125	-10.2718	-25.4966
F58Y.pdb_A	359	-11.4498	-9.92433	-25.1373
C1061Y.pdb_C	366	-11.3914	-11.3278	-7.29741
Q139T.pdb_A	377	-10.9052	-9.42096	-26.6931
C1093N.pdb_C	389	-10.9447	-11.664	-6.53208
S101C.pdb_A	409	-10.954	-9.63839	-24.0423
R4Y.pdb_A	420	-11.256	-10.1488	-24.7858
Q10A.pdb_A	425	-11.338	-10.0304	-25.1612
R1055S.pdb_C	435	-11.3332	-11.363	-7.15172
V66Q.pdb_A	457	-11.1996	-9.98322	-24.2276
L7Y.pdb_A	472	-10.9569	-9.53404	-25.6713
Q1034M.pdb_C	481	-10.5921	-11.3304	-7.87474
K154A.pdb_A	490	-10.7316	-9.52919	-26.4224
H1095T.pdb_C	500	-10.5792	-10.9725	-8.17523
H40R.pdb_A	512	-10.7377	-10.1363	-24.3555
H137Y.pdb_A	538	-10.7394	-10.1397	-24.5382
R110N.pdb_A	551	-10.6671	-10.0856	-23.7418
Y1042H.pdb_C	563	-10.5056	-10.3697	-8.48869
C42G.pdb_A	574	-10.4613	-9.75749	-25.2584
L61S.pdb_A	582	-10.7707	-10.2543	-25.9649
L1032C.pdb_C	592	-10.926	-10.3925	-8.88981
L62A.pdb_A	598	-10.7671	-10.1381	-25.2795
L149W.pdb_A	615	-10.8644	-10.0618	-24.1791
Q1024H.pdb_C	625	-10.8439	-10.3164	-7.33583
K71M.pdb_A	637	-10.9372	-10.1519	-26.652
G25W.pdb_A	650	-12.3764	-11.7588	-24.7952
P39I.pdb_A	662	-11.7723	-11.1352	-23.8221
F20Y.pdb_A	669	-11.2681	-11.1694	-23.8094
M104H.pdb_A	682	-11.2409	-11.1863	-25.7929
M36G.pdb_A	696	-11.0924	-11.2981	-23.9647
D127Q.pdb_A	715	-10.387	-10.4456	-25.4127
M71F.pdb_A	725	-10.4874	-10.447	-24.3846
S95W.pdb_A	740	-10.4829	-10.4385	-26.7224
G55L.pdb_A	746	-10.5074	-10.4099	-24.4217
I39P.pdb_A	772	-10.4633	-10.4288	-25.3408
P3A.pdb_A	784	-10.5071	-10.347	-25.4662
D19A.pdb_A	794	-10.6311	-10.6022	-23.9742
G36S.pdb_A	806	-10.6848	-10.5932	-25.3394
I148V.pdb_A	823	-10.7038	-10.3321	-24.113
F1037I.pdb_C	832	-10.7777	-9.66056	-5.99598
N37L.pdb_A	853	-10.5636	-10.5306	-24.917
T61K.pdb_A	868	-10.5912	-10.5431	-24.0542
L119A.pdb_A	887	-10.6146	-10.5928	-24.1231
K153T.pdb_A	903	-10.5861	-10.6489	-24.7873
Y1032T.pdb_C	921	-10.57	-9.64623	-6.86929
T153I.pdb_A	928	-10.4875	-10.6465	-25.1225
N118L.pdb_A	935	-10.4844	-10.6508	-24.7702
G104Q.pdb_A	952	-10.8137	-10.488	-25.8337
V1029T.pdb_C	962	-10.7523	-9.66804	-8.72521
I1050E.pdb_C	972	-10.7122	-9.66567	-7.28154
E63Y.pdb_A	981	-10.6887	-10.9644	-25.3081
A146N.pdb_A	989	-10.4972	-10.9669	-24.5344
