name	count	evolved_interaction	ancestral_interaction	stability
K1040Y.pdb_C	2	-10.4781	-10.5049	-7.8548
Q101I.pdb_A	8	-10.5126	-10.4928	-25.6806
V57L.pdb_A	15	-10.5352	-10.5299	-26.8313
E63W.pdb_A	21	-10.4597	-10.5393	-26.3101
K146R.pdb_A	31	-10.7506	-10.5644	-24.312
K48S.pdb_A	39	-10.7012	-9.62918	-22.5201
M54V.pdb_A	48	-10.6858	-9.6324	-23.7486
F1052T.pdb_C	58	-10.8263	-10.6942	-6.64641
K153H.pdb_A	64	-10.854	-9.62902	-27.5863
E99W.pdb_A	70	-10.8254	-9.60521	-28.169
Y118D.pdb_A	75	-11.4337	-11.1209	-24.0823
S138V.pdb_A	86	-11.3615	-11.1627	-25.4649
Q7A.pdb_A	94	-11.3885	-11.179	-25.2415
Q130H.pdb_A	104	-11.2642	-11.4096	-24.6689
Q39K.pdb_A	113	-11.3905	-11.6457	-26.4118
Q154F.pdb_A	119	-11.388	-11.6116	-23.9659
K1038L.pdb_C	132	-11.977	-11.4265	-7.58141
V54E.pdb_A	146	-12.6415	-10.1228	-24.4779
P78D.pdb_A	152	-12.7297	-11.1526	-26.0329
I1039M.pdb_C	159	-12.724	-10.2281	-9.09041
E1084K.pdb_C	167	-11.2619	-10.0815	-9.08805
T1077N.pdb_C	183	-12.7623	-9.96854	-6.4691
F1051M.pdb_C	199	-12.9298	-9.87059	-7.60496
K1058N.pdb_C	208	-12.9452	-9.93003	-6.17701
T98S.pdb_A	225	-13.042	-12.1794	-24.7813
Y25C.pdb_A	232	-10.8302	-10.2372	-24.8016
H142R.pdb_A	245	-10.7416	-10.1024	-23.9486
M1059F.pdb_C	270	-11.1323	-9.04314	-9.27962
L32K.pdb_A	279	-10.779	-10.1242	-25.1756
L150A.pdb_A	291	-10.9757	-10.2645	-25.1991
I60N.pdb_A	305	-10.8291	-10.2684	-23.7766
R140K.pdb_A	332	-10.9769	-10.7818	-23.86
H83N.pdb_A	342	-11.0585	-10.8353	-23.2608
H130I.pdb_A	357	-12.2677	-10.8663	-24.9178
D33N.pdb_A	368	-12.2936	-9.68672	-26.4667
N66E.pdb_A	393	-11.6915	-10.2035	-24.263
D100Q.pdb_A	407	-11.9491	-10.2461	-23.8041
Q111I.pdb_A	413	-11.6607	-10.2458	-25.0298
R104W.pdb_A	422	-11.6585	-10.2453	-22.8122
I121C.pdb_A	457	-11.638	-10.2293	-26.3551
L110P.pdb_A	468	-11.415	-10.1992	-27.0913
D118F.pdb_A	480	-11.3182	-10.2047	-25.7027
S89F.pdb_A	489	-11.318	-10.0965	-23.9756
V1029I.pdb_C	505	-11.3761	-7.66478	-6.98136
I130E.pdb_A	517	-11.1566	-10.2074	-26.0521
M24T.pdb_A	526	-11.1286	-10.3565	-23.8647
H39S.pdb_A	539	-11.1383	-10.4239	-24.5242
H79N.pdb_A	555	-10.9722	-10.3082	-23.4826
E1094N.pdb_C	562	-10.7813	-7.39403	-7.21788
T61S.pdb_A	575	-11.1976	-10.1733	-23.9082
G135N.pdb_A	589	-11.1969	-10.1762	-25.4748
G31E.pdb_A	601	-11.1564	-10.1604	-23.6829
C138L.pdb_A	611	-11.1519	-10.1688	-25.2652
I45M.pdb_A	622	-11.4028	-10.2022	-25.2935
V145G.pdb_A	628	-11.152	-10.1903	-26.5033
L1062D.pdb_C	638	-11.1485	-7.60428	-6.74755
T6A.pdb_A	647	-11.1488	-10.1882	-24.3914
K1054Y.pdb_C	652	-11.1485	-7.60384	-6.03289
C121M.pdb_A	658	-11.118	-10.1666	-27.6953
D19A.pdb_A	664	-10.7216	-9.84	-24.024
Y140R.pdb_A	677	-10.7707	-9.83389	-25.476
D1062E.pdb_C	687	-11.1464	-6.68242	-6.04691
R1076I.pdb_C	693	-11.1016	-6.76052	-6.17451
K30I.pdb_A	718	-10.5315	-9.06112	-23.4999
S39L.pdb_A	728	-11.3993	-7.43041	-25.5183
S35P.pdb_A	740	-10.5861	-7.47345	-24.3807
P88L.pdb_A	762	-11.4183	-7.54898	-24.7964
N1077K.pdb_C	774	-11.4136	-8.57272	-9.61195
W29M.pdb_A	786	-11.3295	-6.67798	-26.3211
R102W.pdb_A	792	-10.7643	-6.16559	-26.4505
Q1032R.pdb_C	803	-10.9553	-8.42183	-9.50284
L76V.pdb_A	826	-10.9071	-6.8711	-24.1245
A18S.pdb_A	850	-10.7533	-6.87155	-25.3927
I126S.pdb_A	862	-12.8881	-9.69487	-26.2978
M29Q.pdb_A	867	-12.5785	-9.67452	-25.9072
T108K.pdb_A	872	-12.6255	-9.65044	-27.1058
P21N.pdb_A	881	-12.7101	-9.37061	-26.8245
L39I.pdb_A	898	-12.7094	-9.37235	-24.7592
Y155R.pdb_A	914	-13.4816	-9.11093	-24.6425
E114Y.pdb_A	926	-13.2013	-9.91962	-26.8428
R74I.pdb_A	933	-11.8898	-7.0767	-26.377
I40K.pdb_A	938	-11.9053	-7.06312	-26.6203
G46M.pdb_A	946	-12.728	-7.22028	-25.6654
R10C.pdb_A	953	-13.2777	-7.26473	-24.3587
E1074I.pdb_C	969	-13.2425	-9.26661	-7.13796
K24D.pdb_A	982	-12.2299	-6.33706	-25.2929
