name	count	evolved_interaction	ancestral_interaction	stability
D1061Q.pdb_C	1	-10.4986	-10.5356	-8.47456
T91K.pdb_A	9	-10.4758	-10.4928	-27.049
N1025S.pdb_C	16	-10.6144	-10.5623	-10.884
E1094Q.pdb_C	23	-10.7719	-10.5631	-11.4138
M36H.pdb_A	51	-10.8228	-10.6058	-25.1967
R39P.pdb_A	61	-10.7541	-10.6132	-23.7158
G1051C.pdb_C	75	-10.6326	-10.6586	-7.97016
L38A.pdb_A	82	-10.6829	-10.786	-25.3764
M1060V.pdb_C	91	-10.6238	-10.7401	-7.09767
E95M.pdb_A	98	-10.5817	-10.4456	-25.2116
K1041E.pdb_C	106	-11.0264	-11.0583	-6.005
K1058R.pdb_C	112	-11.8222	-11.654	-6.48142
V1026L.pdb_C	127	-11.7545	-11.8454	-7.39259
K146D.pdb_A	154	-11.4966	-10.4037	-25.0352
K30P.pdb_A	162	-11.0803	-10.1003	-24.9106
R104F.pdb_A	171	-11.0261	-10.0999	-26.8215
Y36E.pdb_A	177	-10.5402	-9.58791	-28.3241
D145L.pdb_A	185	-11.1298	-10.0226	-27.1801
K147H.pdb_A	191	-10.8435	-9.73045	-25.7978
C64M.pdb_A	201	-10.8866	-9.67674	-26.0457
D19N.pdb_A	208	-11.7689	-10.5919	-24.5377
W1033G.pdb_C	218	-11.0278	-11.8125	-7.29005
T51K.pdb_A	226	-10.7288	-10.6493	-24.2929
V100I.pdb_A	241	-10.7489	-10.6498	-24.2193
Q149W.pdb_A	249	-10.8659	-10.6146	-25.4042
W63H.pdb_A	262	-10.8169	-10.5515	-24.6373
H63F.pdb_A	271	-10.9813	-10.6884	-24.3591
L1025K.pdb_C	285	-11.0063	-11.1073	-7.40248
E66G.pdb_A	294	-10.8769	-10.6171	-24.5086
D1082E.pdb_C	305	-10.9352	-11.1296	-6.02645
L153V.pdb_A	311	-10.9063	-10.5462	-27.5471
Q1074G.pdb_C	320	-10.9156	-11.1144	-6.00977
R1047Q.pdb_C	326	-11.1833	-11.1401	-6.25456
Q1081T.pdb_C	335	-11.3504	-11.1596	-5.85097
D146T.pdb_A	347	-11.6578	-10.9577	-24.1948
D130R.pdb_A	371	-11.5687	-10.7021	-24.3358
C1023H.pdb_C	389	-11.6752	-11.6025	-6.81445
S136W.pdb_A	397	-10.9238	-9.91932	-27.3104
G44I.pdb_A	402	-11.9739	-11.7359	-24.779
V29K.pdb_A	415	-12.3883	-11.7751	-24.9117
R126A.pdb_A	422	-12.1272	-11.7062	-25.4029
Y25F.pdb_A	432	-12.8728	-12.5713	-24.5591
Q39K.pdb_A	440	-12.8997	-12.4328	-24.9771
E1032Y.pdb_C	460	-11.65	-10.1242	-6.61606
Q1046K.pdb_C	465	-11.6087	-10.0624	-7.41395
Q66E.pdb_A	479	-11.6087	-12.0694	-24.6106
E30V.pdb_A	487	-11.8092	-12.2741	-25.2535
S138E.pdb_A	499	-12.3768	-12.5898	-25.7489
L1038G.pdb_C	507	-11.5603	-10.1574	-7.97679
D146G.pdb_A	523	-11.6589	-12.2538	-24.8548
Y1079E.pdb_C	543	-11.7065	-10.1436	-5.82196
N19M.pdb_A	550	-11.9209	-11.3531	-28.1657
V1088C.pdb_C	559	-11.2992	-9.81606	-6.74339
V1042F.pdb_C	573	-11.3681	-9.78949	-7.46537
E1079R.pdb_C	595	-10.7287	-8.53383	-7.71717
N49K.pdb_A	606	-11.193	-11.3678	-23.6319
T1043R.pdb_C	617	-10.9714	-8.31482	-8.11249
K1054M.pdb_C	632	-11.7734	-8.688	-6.91097
R130M.pdb_A	642	-12.36	-11.4717	-25.6298
K39E.pdb_A	648	-12.5292	-11.41	-24.168
I1084R.pdb_C	657	-10.5938	-7.35751	-9.89928
N118L.pdb_A	662	-10.7792	-11.5973	-24.3631
K87S.pdb_A	675	-10.6855	-10.6603	-23.7894
T122G.pdb_A	686	-10.464	-11.2003	-24.1793
N98F.pdb_A	698	-10.5828	-11.2169	-25.2906
K1046W.pdb_C	707	-10.923	-7.34106	-13.1455
R1079M.pdb_C	714	-10.947	-7.52388	-13.6346
Q1086G.pdb_C	723	-11.4709	-8.02666	-13.3902
V54T.pdb_A	730	-11.4292	-12.0766	-27.946
Y79V.pdb_A	735	-11.3236	-11.9634	-24.9463
M1049L.pdb_C	742	-10.8644	-8.14973	-9.94526
P132L.pdb_A	754	-10.8866	-11.9747	-24.6844
A156Q.pdb_A	764	-10.6246	-11.7928	-24.8493
Y100R.pdb_A	773	-10.6572	-11.8068	-23.9992
N55M.pdb_A	786	-10.5604	-11.7789	-24.3206
E1074I.pdb_C	797	-10.5752	-7.58487	-9.04113
V153W.pdb_A	813	-10.6103	-11.7576	-25.0427
S1080R.pdb_C	822	-11.8167	-7.65183	-9.3425
I44M.pdb_A	841	-11.7738	-12.2838	-26.216
A66K.pdb_A	849	-11.7923	-12.2837	-26.5742
A152M.pdb_A	862	-10.8598	-11.2374	-24.7404
N33E.pdb_A	880	-11.0056	-11.5616	-25.0655
K71Y.pdb_A	892	-10.9702	-11.5096	-25.1997
V1064S.pdb_C	909	-10.9328	-8.41533	-6.67269
P121H.pdb_A	920	-10.7451	-11.5676	-26.3168
T49W.pdb_A	932	-10.6933	-11.5557	-25.9395
A1053N.pdb_C	940	-11.2579	-8.10503	-6.48745
I1070R.pdb_C	951	-11.9356	-8.51967	-7.2535
T1027F.pdb_C	964	-12.5515	-8.25139	-7.69102
K55H.pdb_A	971	-12.4989	-12.1454	-25.0007
W134M.pdb_A	983	-12.5031	-12.1468	-24.923
H1040E.pdb_C	989	-12.1611	-7.80991	-10.8712
E127L.pdb_A	999	-11.905	-11.9516	-26.1687
