name	count	evolved_interaction	ancestral_interaction	stability
A142K.pdb_A	1	-10.4946	-10.5196	-25.9899
K142H.pdb_A	11	-10.5995	-10.7181	-26.1176
S70D.pdb_A	27	-10.62	-10.7335	-24.2255
E143Y.pdb_A	40	-10.6285	-10.6985	-29.2943
Q1076K.pdb_C	45	-10.6296	-10.2948	-7.46816
A1091Q.pdb_C	53	-10.5504	-10.2234	-7.87104
L1063I.pdb_C	148	-10.5752	-10.223	-6.26901
T1043L.pdb_C	159	-10.5777	-10.2103	-7.15219
Q101G.pdb_A	170	-10.5829	-9.52749	-24.7738
V1044S.pdb_C	182	-10.5164	-10.1425	-7.33144
K1058M.pdb_C	188	-10.5462	-10.1502	-7.05608
L9A.pdb_A	194	-10.5386	-10.5928	-23.9351
I154F.pdb_A	210	-10.5051	-10.6157	-24.4972
V57I.pdb_A	215	-10.5281	-10.3981	-25.2629
K1041S.pdb_C	226	-10.6721	-10.423	-7.01979
W134K.pdb_A	231	-11.2066	-10.5934	-23.9295
T91K.pdb_A	236	-11.6258	-10.4624	-24.6246
V116K.pdb_A	247	-11.6118	-10.794	-24.4426
V1028F.pdb_C	257	-11.2008	-10.836	-6.88868
Y126S.pdb_A	271	-11.3334	-11.1326	-24.1526
R8W.pdb_A	287	-11.301	-11.0192	-24.653
P78E.pdb_A	300	-11.3447	-11.0676	-23.9787
S1041V.pdb_C	311	-11.0802	-11.0322	-8.20992
V1042S.pdb_C	318	-11.1299	-11.155	-6.29238
A32R.pdb_A	345	-11.1465	-10.7471	-25.1743
G101H.pdb_A	356	-11.1452	-10.7495	-23.8588
D1082G.pdb_C	368	-10.7183	-10.3998	-9.77723
A1053E.pdb_C	378	-10.6575	-10.41	-6.75282
H1050R.pdb_C	390	-10.515	-10.403	-7.65873
I96P.pdb_A	404	-10.5195	-10.7842	-24.5879
N1025K.pdb_C	417	-10.5997	-10.3557	-7.02133
T71G.pdb_A	434	-10.6084	-10.8314	-23.7519
F79C.pdb_A	448	-10.742	-10.8206	-24.0748
E1038L.pdb_C	501	-10.755	-10.4704	-6.61892
R1094T.pdb_C	517	-10.6992	-10.3957	-6.62554
Q1091S.pdb_C	537	-11.0233	-10.7967	-6.55899
S1029L.pdb_C	543	-11.5815	-11.9186	-6.93204
L1029M.pdb_C	557	-12.1796	-12.3806	-7.31561
K1027Q.pdb_C	562	-11.0065	-11.1417	-5.68228
V1061R.pdb_C	579	-10.9085	-11.2826	-7.16779
S146R.pdb_A	588	-10.8487	-10.1677	-24.5561
Q1079T.pdb_C	595	-10.8321	-11.1143	-6.79734
E11L.pdb_A	606	-10.9355	-10.093	-25.6315
S127D.pdb_A	611	-12.2976	-10.3907	-25.2227
K1077Q.pdb_C	618	-12.3095	-12.3565	-6.97289
F1073I.pdb_C	633	-12.4543	-12.4294	-7.57511
S3G.pdb_A	644	-12.289	-10.2624	-23.7184
A54F.pdb_A	660	-12.0963	-10.1514	-24.1099
F1040W.pdb_C	667	-11.7969	-12.1501	-7.91942
K61Q.pdb_A	674	-11.559	-10.0223	-25.6664
P59I.pdb_A	682	-11.4887	-9.97218	-24.5331
T104L.pdb_A	692	-10.7763	-9.90604	-25.0717
C1044Q.pdb_C	713	-10.7772	-11.3058	-7.0467
G71C.pdb_A	730	-10.7743	-9.91238	-24.8854
E52P.pdb_A	740	-10.953	-9.90072	-25.3194
I10K.pdb_A	747	-10.9223	-10.1225	-23.9198
C121M.pdb_A	765	-11.0857	-10.0943	-26.4718
T1094I.pdb_C	772	-11.0947	-11.5401	-6.89647
I1088V.pdb_C	781	-10.5956	-10.8126	-6.40552
K48L.pdb_A	801	-10.5191	-10.3224	-24.4728
E67T.pdb_A	809	-10.5213	-10.3227	-25.108
M1061Q.pdb_C	833	-10.9256	-11.119	-7.49287
Q93H.pdb_A	847	-10.9243	-10.324	-25.3026
V33W.pdb_A	857	-10.9238	-10.3067	-25.671
R122W.pdb_A	865	-10.7847	-10.3063	-24.4341
Q31T.pdb_A	875	-10.863	-10.1987	-25.9398
Y111M.pdb_A	887	-10.8595	-11.25	-25.4539
A146Y.pdb_A	902	-10.8968	-10.8592	-24.4725
N97Q.pdb_A	915	-10.9014	-10.3577	-23.7653
A1062H.pdb_C	929	-10.8789	-11.091	-9.18419
W1040S.pdb_C	950	-10.8151	-10.9948	-6.3707
Y1057D.pdb_C	960	-10.8209	-10.9976	-6.41634
K1047W.pdb_C	967	-10.8204	-10.9978	-7.96127
M121F.pdb_A	976	-10.5172	-10.3948	-25.21
R156T.pdb_A	987	-10.6242	-9.80825	-23.9677
