name	count	evolved_interaction	ancestral_interaction	stability
K153L.pdb_A	1	-10.4742	-10.4995	-25.9272
L1055F.pdb_C	8	-10.7335	-10.3793	-7.84215
T91M.pdb_A	16	-10.8058	-10.8253	-27.7595
K1054W.pdb_C	24	-10.9235	-10.3786	-8.13613
R8K.pdb_A	37	-10.877	-10.8347	-24.3602
Q117K.pdb_A	47	-10.9184	-10.8588	-27.8141
L1026V.pdb_C	53	-10.5658	-10.3166	-8.59124
A142M.pdb_A	61	-10.8785	-10.8537	-24.7689
W134M.pdb_A	67	-10.7643	-10.8649	-25.2577
H1041N.pdb_C	75	-10.8246	-10.5651	-5.83211
R1047T.pdb_C	122	-11.5015	-10.5306	-6.5875
W143H.pdb_A	135	-11.5171	-11.5297	-26.4196
W66Y.pdb_A	145	-11.5169	-11.5294	-26.841
K146I.pdb_A	151	-10.7174	-10.9636	-24.847
D145V.pdb_A	168	-10.7212	-10.9636	-25.2632
L38C.pdb_A	176	-10.6996	-10.9409	-24.5466
V135H.pdb_A	190	-10.5911	-10.8654	-24.7779
R137L.pdb_A	207	-10.5898	-10.8649	-25.1323
V101C.pdb_A	216	-10.5836	-10.8649	-25.5006
I37M.pdb_A	221	-10.579	-10.87	-25.4177
I147Y.pdb_A	228	-10.6145	-10.8702	-25.698
I1035M.pdb_C	244	-10.5091	-10.0676	-6.29429
M1049F.pdb_C	257	-10.7341	-10.7085	-6.91759
Q1076T.pdb_C	265	-10.7343	-10.7071	-6.72332
D1061I.pdb_C	273	-11.3905	-11.4044	-8.12913
I99Y.pdb_A	285	-11.3906	-10.4767	-25.6192
G10W.pdb_A	296	-11.5161	-10.41	-25.7455
L7Y.pdb_A	313	-11.5171	-10.1809	-24.2166
A1062E.pdb_C	324	-11.5079	-11.5219	-6.75463
T1043R.pdb_C	335	-11.0877	-11.3862	-6.43383
S122D.pdb_A	346	-11.0367	-9.66501	-25.6144
W15G.pdb_A	357	-10.9556	-9.39469	-23.9629
S118A.pdb_A	367	-10.9209	-9.35471	-25.6168
E1075H.pdb_C	374	-10.688	-11.0933	-7.90658
S3Q.pdb_A	382	-10.6699	-9.35892	-27.1832
H40C.pdb_A	389	-10.7763	-9.23613	-25.6335
S8N.pdb_A	399	-10.7203	-9.6395	-25.6288
E11H.pdb_A	412	-10.8026	-9.7406	-25.9883
R54F.pdb_A	423	-10.9249	-9.73272	-25.4794
E131G.pdb_A	436	-10.8877	-9.68595	-24.2455
D100K.pdb_A	447	-10.8923	-9.67158	-24.2627
G1062M.pdb_C	456	-10.8936	-11.3771	-6.77207
L97M.pdb_A	468	-10.7734	-9.65487	-25.9222
N1095W.pdb_C	475	-11.504	-11.5085	-5.99976
N40T.pdb_A	484	-10.9676	-9.63518	-25.5732
N150F.pdb_A	500	-10.9677	-9.63811	-25.3235
M37R.pdb_A	511	-11.2159	-9.86766	-26.0507
C5G.pdb_A	517	-11.2343	-9.81906	-25.1208
V4E.pdb_A	525	-11.152	-9.81912	-25.3721
Q108W.pdb_A	543	-11.1565	-9.82548	-24.3413
L1062V.pdb_C	553	-11.0284	-10.9997	-7.69581
T27F.pdb_A	562	-10.5137	-10.2613	-26.3582
N10W.pdb_A	571	-10.5362	-10.2959	-25.5827
M1041L.pdb_C	581	-10.614	-10.0788	-9.73521
S122Q.pdb_A	586	-10.8204	-10.8381	-26.852
H1075E.pdb_C	591	-10.9891	-10.2078	-9.35398
Y155M.pdb_A	598	-11.0772	-11.1234	-24.894
M1025L.pdb_C	604	-10.5702	-9.84333	-9.22211
W1054E.pdb_C	645	-10.5662	-9.8403	-7.57872
N78L.pdb_A	665	-10.4893	-11.1375	-25.0545
T1047K.pdb_C	686	-10.5598	-9.77068	-8.69742
F77L.pdb_A	698	-10.5594	-11.1874	-24.1965
E1071D.pdb_C	707	-10.9179	-10.1995	-6.72949
S8H.pdb_A	722	-11.0903	-11.4173	-26.2696
H11V.pdb_A	727	-11.0901	-11.4014	-26.4484
W10C.pdb_A	734	-10.9905	-11.4466	-25.378
V57Q.pdb_A	745	-10.9151	-11.427	-24.8301
T63S.pdb_A	751	-10.9625	-11.3884	-24.9201
Y25W.pdb_A	759	-10.8886	-11.4144	-24.0627
L134Y.pdb_A	768	-10.7225	-11.3707	-25.7892
N106S.pdb_A	773	-10.7061	-11.2492	-26.8876
D79L.pdb_A	781	-10.7353	-11.2467	-24.2635
N1059L.pdb_C	790	-10.7351	-8.38289	-9.79514
F22Y.pdb_A	808	-10.5031	-11.4167	-24.1577
A61C.pdb_A	824	-10.4882	-11.4124	-26.2831
Q122F.pdb_A	830	-10.5361	-11.3059	-23.9473
F1052M.pdb_C	840	-10.553	-8.44468	-6.2368
T1074L.pdb_C	852	-10.6151	-8.61584	-6.58953
C1036I.pdb_C	860	-10.6136	-8.61426	-6.95517
T1080L.pdb_C	867	-10.611	-8.61426	-7.93613
L71M.pdb_A	881	-12.1372	-11.3843	-24.3398
C38F.pdb_A	904	-11.2023	-11.1444	-26.2066
V57H.pdb_A	921	-11.1191	-11.2768	-24.4165
P3W.pdb_A	935	-11.1758	-11.3135	-24.3774
Y153G.pdb_A	956	-11.2168	-11.1591	-24.0961
W25A.pdb_A	970	-10.998	-10.8606	-24.8622
V1028I.pdb_C	985	-10.5836	-7.46886	-6.05489
L85M.pdb_A	990	-10.6931	-10.727	-24.4005
I1053A.pdb_C	999	-10.646	-7.68054	-7.4989
