name	count	evolved_interaction	ancestral_interaction	stability
I112N.pdb_A	1	-10.4975	-10.522	-23.0675
S122K.pdb_A	19	-10.467	-10.5541	-24.7184
R1046F.pdb_C	32	-10.5111	-10.4016	-7.48127
E49F.pdb_A	42	-10.54	-10.6231	-25.1788
Q1076C.pdb_C	52	-10.5536	-10.4027	-6.80824
N66P.pdb_A	58	-10.5592	-10.6191	-28.4183
Y155V.pdb_A	67	-10.7424	-10.7423	-24.5624
C1076L.pdb_C	81	-10.7691	-10.5368	-8.42994
Q111N.pdb_A	92	-10.6243	-10.7649	-24.1682
A142F.pdb_A	108	-10.6125	-10.7013	-25.2822
D145V.pdb_A	116	-10.6265	-10.6676	-26.2418
A1062V.pdb_C	127	-10.5035	-10.5241	-7.00501
A26P.pdb_A	140	-10.5996	-10.6272	-25.2571
Q1095N.pdb_C	153	-10.5633	-10.456	-6.78354
T140K.pdb_A	166	-10.5723	-10.6055	-23.986
N112V.pdb_A	188	-10.5115	-10.6411	-26.9343
P73G.pdb_A	195	-10.5227	-10.6391	-23.7308
F142V.pdb_A	208	-10.5693	-10.6505	-23.8026
F29Q.pdb_A	220	-11.1767	-10.8026	-24.4944
E42D.pdb_A	232	-11.2799	-10.7445	-23.8812
W117K.pdb_A	243	-11.2908	-10.8339	-24.8019
A106S.pdb_A	259	-12.4855	-11.9965	-25.2255
G115K.pdb_A	273	-13.0175	-12.0209	-26.7427
Y37I.pdb_A	280	-12.8592	-11.9109	-24.8
V1038L.pdb_C	292	-12.5926	-10.359	-8.06867
W1086K.pdb_C	298	-12.3587	-10.3496	-8.94484
N1095H.pdb_C	310	-12.0712	-10.423	-6.08565
L1051F.pdb_C	323	-12.0948	-10.2596	-6.00905
S127G.pdb_A	336	-12.0933	-11.7898	-26.6991
A152L.pdb_A	345	-12.0841	-11.7575	-25.0044
I116M.pdb_A	353	-13.1178	-12.6254	-24.6203
R17Q.pdb_A	360	-10.3569	-9.78377	-25.2762
N1025A.pdb_C	370	-10.3882	-9.31148	-8.33212
D1075P.pdb_C	378	-10.401	-9.36403	-6.26081
R1036P.pdb_C	389	-11.2707	-10.3194	-6.74659
Q1032L.pdb_C	397	-11.6288	-10.8581	-6.44693
M36Q.pdb_A	411	-11.9814	-9.69486	-25.2015
K40H.pdb_A	427	-10.4154	-8.15459	-24.3882
I1033T.pdb_C	442	-10.9293	-10.8553	-5.99995
K1040Y.pdb_C	456	-10.9164	-10.8445	-6.37658
A1025F.pdb_C	469	-10.5636	-10.8813	-6.70376
C1034P.pdb_C	482	-10.5965	-10.8371	-6.16512
R1071Y.pdb_C	493	-10.5754	-10.8381	-6.85875
E11G.pdb_A	520	-10.5577	-8.37175	-24.503
D143E.pdb_A	528	-10.5826	-8.00186	-25.9007
I78W.pdb_A	537	-10.5836	-7.9937	-27.9106
E143A.pdb_A	544	-10.5764	-8.32711	-25.8204
R1042G.pdb_C	568	-10.8809	-10.4149	-6.84193
W118G.pdb_A	575	-10.8572	-8.08212	-25.7949
F1041W.pdb_C	581	-10.8631	-10.4194	-6.46743
G11S.pdb_A	589	-10.8589	-8.07833	-25.6661
F53L.pdb_A	595	-10.9523	-8.1843	-26.6721
H1054V.pdb_C	603	-10.9412	-10.4183	-6.07426
D74V.pdb_A	614	-10.893	-8.18826	-25.1157
P131N.pdb_A	620	-10.8321	-7.76306	-24.7443
R1056V.pdb_C	637	-10.4946	-9.35436	-10.7326
L1083Q.pdb_C	644	-10.5207	-9.38076	-6.69311
V1091G.pdb_C	655	-10.484	-9.31095	-6.25225
R1059Y.pdb_C	676	-10.4585	-9.28515	-6.09149
R135K.pdb_A	688	-10.4554	-7.7825	-25.3075
S1038L.pdb_C	701	-10.4841	-9.32417	-7.68694
I142P.pdb_A	731	-10.4667	-7.7825	-25.3391
Y1059E.pdb_C	748	-10.4653	-9.30288	-7.46915
H63K.pdb_A	762	-10.4753	-7.76944	-24.8584
R1073W.pdb_C	769	-10.5171	-9.30605	-7.69641
P126W.pdb_A	782	-10.5909	-8.22943	-26.0428
L58W.pdb_A	788	-10.5696	-8.20043	-28.7045
C1042D.pdb_C	802	-10.6064	-9.31513	-6.62236
K57F.pdb_A	815	-10.619	-8.06927	-24.5971
K40W.pdb_A	832	-10.635	-8.56734	-23.8943
Y38F.pdb_A	838	-10.7465	-8.67514	-26.3736
E135T.pdb_A	846	-10.7108	-8.66186	-26.2516
Q1070L.pdb_C	861	-11.0619	-9.50543	-7.37132
V1033R.pdb_C	871	-11.1229	-9.59612	-6.49022
D42M.pdb_A	878	-11.2289	-9.2754	-26.6992
K101Y.pdb_A	886	-10.8806	-8.7229	-26.0135
S11Y.pdb_A	894	-10.7733	-8.5766	-26.5936
H1034K.pdb_C	907	-10.7101	-9.65045	-6.67935
G99H.pdb_A	915	-10.4668	-8.05653	-25.2317
Y143I.pdb_A	925	-10.4631	-8.06194	-24.681
I1050Y.pdb_C	946	-10.4575	-7.298	-6.54352
H99D.pdb_A	958	-10.5665	-8.16198	-24.0269
V74Q.pdb_A	970	-11.4391	-6.53092	-24.2333
E27Q.pdb_A	983	-11.6898	-7.11897	-25.0346
R1039L.pdb_C	992	-11.6771	-5.30833	-11.9654
T1065V.pdb_C	1000	-11.4271	-5.41572	-14.5394
