name	count	evolved_interaction	ancestral_interaction	stability
H83N.pdb_A	1	-10.4946	-10.5196	-23.0972
L1081T.pdb_C	17	-10.6705	-10.6531	-7.02611
L119I.pdb_A	30	-11.9184	-11.9351	-25.3207
S1032G.pdb_C	54	-12.1851	-10.6132	-6.5774
Q101H.pdb_A	63	-11.9942	-11.1287	-26.307
W44R.pdb_A	70	-10.9232	-10.8809	-26.2696
S122T.pdb_A	76	-10.8059	-10.9925	-24.0923
W1086N.pdb_C	86	-10.9094	-10.3331	-8.03821
K31Q.pdb_A	96	-11.1882	-10.1325	-24.3502
D1061W.pdb_C	108	-11.8514	-10.4254	-8.02232
K1058H.pdb_C	115	-11.8163	-10.3043	-7.1245
Y146A.pdb_A	125	-11.808	-10.6314	-24.0611
I1039T.pdb_C	136	-11.5913	-10.2556	-7.57955
T108M.pdb_A	149	-11.576	-10.5917	-24.4632
N66K.pdb_A	155	-12.2224	-12.3331	-26.5483
D37A.pdb_A	162	-12.3637	-12.3327	-23.9921
D1073Y.pdb_C	178	-12.4035	-10.7012	-6.77668
D1082T.pdb_C	192	-11.7189	-10.2473	-5.9479
E1036S.pdb_C	200	-11.7374	-10.3551	-6.85035
G115M.pdb_A	209	-11.6892	-12.4145	-28.3704
P49D.pdb_A	216	-11.4723	-12.4135	-26.828
A54D.pdb_A	224	-11.3362	-12.4991	-24.046
M127C.pdb_A	236	-11.3929	-11.4185	-24.849
R1093S.pdb_C	241	-11.2435	-9.77218	-7.80375
E1087D.pdb_C	256	-11.162	-9.14071	-6.53445
L104W.pdb_A	266	-11.3026	-11.6175	-24.8958
T1081R.pdb_C	275	-11.0707	-9.01235	-7.36567
L1074P.pdb_C	302	-10.7741	-9.01017	-9.40216
V148A.pdb_A	309	-10.7626	-11.1433	-24.0051
V141I.pdb_A	321	-10.682	-11.1528	-24.2218
T1039L.pdb_C	327	-10.8845	-9.276	-8.01091
N1025K.pdb_C	337	-10.9016	-9.29446	-8.32282
I107A.pdb_A	350	-10.9263	-12.2662	-24.4523
F153K.pdb_A	360	-10.8469	-12.273	-24.1766
S39P.pdb_A	367	-10.7723	-12.2642	-24.6541
T91W.pdb_A	381	-10.8478	-12.4781	-24.7147
T113M.pdb_A	406	-10.7891	-10.435	-27.0835
I99T.pdb_A	415	-10.7865	-10.0455	-25.0244
F42L.pdb_A	426	-10.7168	-10.1454	-24.3352
L1083A.pdb_C	439	-10.4815	-7.92283	-6.18489
L152A.pdb_A	446	-10.6238	-8.91575	-25.038
L149M.pdb_A	454	-10.6231	-8.91928	-24.0587
I141K.pdb_A	464	-10.5982	-8.79246	-26.3339
D121Q.pdb_A	471	-11.3872	-8.53655	-27.8279
T1024H.pdb_C	484	-10.8863	-8.67942	-6.2757
E48Y.pdb_A	495	-10.9636	-8.52353	-24.9096
W143L.pdb_A	505	-10.96	-8.52646	-25.9167
G1066C.pdb_C	515	-11.1681	-8.28925	-7.11622
G100L.pdb_A	524	-10.8035	-9.42054	-25.1851
M94V.pdb_A	535	-10.7489	-8.08232	-24.2752
Q1081L.pdb_C	548	-11.1818	-8.46626	-10.4029
V86C.pdb_A	559	-11.4547	-8.41289	-25.1831
V1093F.pdb_C	564	-11.4768	-8.45204	-7.3352
A1083K.pdb_C	573	-11.1028	-8.06348	-8.00138
Y48F.pdb_A	581	-11.1498	-8.38578	-25.1464
Y102Q.pdb_A	593	-11.3493	-8.39355	-24.7224
M78R.pdb_A	606	-11.3522	-8.38159	-25.301
N1023C.pdb_C	631	-13.1943	-8.37391	-6.45357
A1042F.pdb_C	643	-13.4717	-9.09909	-6.17844
V54F.pdb_A	656	-12.3358	-7.90706	-25.5923
H1061M.pdb_C	668	-12.3112	-9.03779	-5.6815
Q7T.pdb_A	689	-12.3112	-7.7536	-24.1775
L79E.pdb_A	700	-12.2982	-7.75123	-28.3691
M108Y.pdb_A	707	-12.2656	-11.1277	-27.1863
P128L.pdb_A	714	-11.9838	-11.1265	-25.289
T1082Y.pdb_C	721	-11.811	-9.12937	-7.74865
T101I.pdb_A	727	-11.8132	-11.1273	-27.5927
Q39V.pdb_A	733	-11.8243	-11.1273	-26.6394
R78Y.pdb_A	744	-11.919	-11.3526	-28.3512
I119L.pdb_A	757	-12.4034	-11.4553	-26.1438
M1061K.pdb_C	764	-12.386	-8.52403	-6.296
W19S.pdb_A	775	-12.4505	-10.0089	-24.5544
A10N.pdb_A	785	-12.3782	-9.90055	-24.2819
L1025R.pdb_C	791	-12.3355	-8.0889	-5.63099
S146A.pdb_A	801	-12.2607	-9.82198	-24.5916
L125E.pdb_A	814	-12.4115	-9.65454	-24.5386
D14C.pdb_A	829	-12.7862	-10.1855	-23.9003
S1055V.pdb_C	840	-12.7966	-8.10684	-8.57361
L1063W.pdb_C	846	-14.2318	-6.66133	-7.74084
Q122K.pdb_A	859	-14.2315	-10.4928	-25.2046
N30Y.pdb_A	875	-14.1104	-10.5121	-25.1838
S19V.pdb_A	888	-11.871	-9.16535	-25.5349
M134T.pdb_A	896	-12.0797	-8.92297	-26.7389
C117R.pdb_A	904	-12.5682	-9.76901	-28.4194
R138E.pdb_A	912	-13.1263	-9.86935	-24.211
L52N.pdb_A	929	-13.0577	-10.1571	-24.3192
F1034E.pdb_C	936	-12.2775	-7.52254	-7.99934
I15M.pdb_A	950	-12.1441	-9.73649	-24.986
T107F.pdb_A	958	-12.143	-9.7202	-26.1742
R1079F.pdb_C	976	-12.1268	-5.1089	-8.11136
N52P.pdb_A	985	-11.957	-9.1913	-25.251
W151I.pdb_A	997	-11.3126	-9.98987	-25.0868
