name	count	evolved_interaction	ancestral_interaction	stability
G115T.pdb_A	1	-10.4942	-10.4949	-25.812
D118N.pdb_A	10	-10.4868	-10.486	-25.7421
S136L.pdb_A	17	-10.4578	-10.4431	-30.9073
N1025H.pdb_C	24	-10.5559	-10.5015	-10.2466
H83N.pdb_A	33	-10.7461	-10.6995	-28.8682
A1091Q.pdb_C	41	-10.7989	-10.5636	-6.21855
Q1091T.pdb_C	48	-10.7058	-10.4792	-8.10183
R8W.pdb_A	56	-10.7778	-10.7094	-25.4594
A54V.pdb_A	71	-10.7666	-10.7283	-23.5744
C5S.pdb_A	84	-10.7948	-10.7361	-24.7013
R1046A.pdb_C	97	-10.7614	-10.5727	-6.41625
V57F.pdb_A	116	-11.1227	-10.8328	-25.5866
A1074E.pdb_C	134	-12.0795	-9.44763	-7.02383
L1045F.pdb_C	150	-12.5288	-10.6801	-6.23134
R104D.pdb_A	158	-12.5274	-12.2292	-23.4691
A1041T.pdb_C	172	-12.4441	-10.5795	-6.02931
E1084F.pdb_C	181	-10.6157	-9.22108	-7.42688
F57K.pdb_A	194	-10.8582	-10.5688	-23.5489
F96P.pdb_A	204	-11.3447	-10.5214	-24.7075
C128I.pdb_A	214	-11.3449	-10.5936	-23.5821
D33W.pdb_A	234	-11.4018	-10.6934	-25.172
S156G.pdb_A	239	-11.4261	-10.8703	-24.8259
I110V.pdb_A	253	-11.3884	-10.8881	-23.995
L9M.pdb_A	259	-11.3899	-11.8467	-25.56
Q111N.pdb_A	270	-11.3818	-11.8591	-24.5398
S138A.pdb_A	286	-11.7128	-12.1543	-25.7415
M74F.pdb_A	314	-11.691	-12.1557	-24.2375
A129P.pdb_A	321	-11.7544	-12.4427	-24.8738
E101Q.pdb_A	328	-11.7032	-12.2101	-26.0282
S1062D.pdb_C	337	-11.4868	-9.50279	-6.7964
Q101Y.pdb_A	346	-11.409	-12.0514	-24.1951
M102Q.pdb_A	363	-11.4081	-12.0513	-24.4783
K141N.pdb_A	374	-11.3725	-12.0509	-26.7471
K57Q.pdb_A	381	-11.4444	-12.9973	-26.0967
K1027R.pdb_C	387	-10.9596	-8.40065	-10.1718
M1034R.pdb_C	399	-12.1881	-9.20398	-6.92337
G66C.pdb_A	417	-12.3565	-12.9399	-24.0737
P1044N.pdb_C	423	-13.2956	-10.0064	-8.24467
Y1070R.pdb_C	433	-12.7329	-9.53812	-7.33316
F82W.pdb_A	446	-11.9747	-12.8094	-24.973
R1070W.pdb_C	456	-11.3564	-8.91411	-7.20228
N1086T.pdb_C	465	-11.1695	-8.81011	-6.49275
D146E.pdb_A	471	-11.2182	-12.9892	-27.1686
D145L.pdb_A	478	-11.8574	-14.271	-27.6016
I115L.pdb_A	488	-11.8574	-14.2255	-25.4258
V1043R.pdb_C	493	-12.0201	-8.96617	-6.19006
S127I.pdb_A	502	-12.0125	-14.222	-25.0921
A1079Y.pdb_C	508	-11.9212	-8.97289	-6.6006
A61S.pdb_A	523	-11.7449	-14.3053	-24.0863
W82M.pdb_A	533	-11.8769	-14.4487	-23.7239
I87L.pdb_A	555	-11.8762	-14.4487	-26.0498
I117M.pdb_A	567	-11.9996	-14.7957	-27.2229
G1042C.pdb_C	572	-11.4305	-8.93876	-6.73826
W121F.pdb_A	579	-11.2898	-13.3439	-25.005
R122Q.pdb_A	592	-11.2958	-13.3642	-25.7162
W1077R.pdb_C	601	-11.2917	-9.40554	-8.39249
H126N.pdb_A	609	-11.2994	-13.2994	-24.9666
L10K.pdb_A	618	-11.3351	-13.0085	-24.0434
N124R.pdb_A	630	-11.4089	-13.0927	-24.7292
I45V.pdb_A	639	-11.0044	-13.0861	-25.039
F117D.pdb_A	646	-10.876	-13.028	-24.3766
L1081N.pdb_C	661	-10.8524	-8.66024	-6.32588
I15F.pdb_A	667	-11.4015	-13.5468	-24.2474
A146F.pdb_A	675	-10.665	-13.4725	-25.9741
R42V.pdb_A	682	-10.7176	-13.4485	-29.217
T1070V.pdb_C	695	-10.6666	-7.60796	-7.97046
P125N.pdb_A	706	-10.6812	-13.2129	-24.5962
Q1094W.pdb_C	713	-10.6207	-7.49877	-6.5701
N154E.pdb_A	722	-10.552	-13.1649	-25.924
V4E.pdb_A	729	-10.7034	-13.1269	-26.6346
F137M.pdb_A	738	-10.7626	-13.0898	-24.5158
D122Q.pdb_A	749	-10.763	-13.09	-24.4133
Y134M.pdb_A	755	-10.7955	-13.0928	-24.8521
T91C.pdb_A	765	-10.8058	-13.1572	-23.9734
M65S.pdb_A	773	-10.7514	-13.1344	-24.3673
R18C.pdb_A	790	-11.5856	-12.1464	-24.4177
M66Q.pdb_A	805	-11.5864	-11.5065	-25.5749
R131G.pdb_A	815	-11.5649	-11.9744	-24.2173
V95A.pdb_A	821	-11.5044	-11.8317	-23.9854
C62R.pdb_A	835	-11.5847	-12.0265	-23.898
V1027K.pdb_C	849	-11.4045	-7.34204	-6.74587
S136Q.pdb_A	862	-11.4008	-12.0951	-24.8117
C142Y.pdb_A	870	-11.3976	-11.8812	-23.7072
Q66R.pdb_A	885	-11.3076	-11.7498	-24.4536
F1071Y.pdb_C	896	-11.3159	-6.67553	-8.373
N111Q.pdb_A	903	-11.4075	-12.2199	-25.0606
F1058I.pdb_C	912	-11.6315	-7.5827	-6.32205
A153R.pdb_A	921	-11.7538	-12.5411	-24.5142
Y1071W.pdb_C	929	-11.1259	-7.67056	-6.91891
G1057Y.pdb_C	936	-11.5524	-8.57444	-6.48868
L14S.pdb_A	952	-11.275	-10.7526	-23.8168
M1025P.pdb_C	963	-11.2913	-8.49718	-6.35358
M9V.pdb_A	970	-11.2408	-10.5555	-24.6715
G1046Q.pdb_C	978	-11.2793	-8.58557	-8.6957
S108H.pdb_A	989	-10.7959	-10.5569	-23.6877
