name	count	evolved_interaction	ancestral_interaction	stability
S1032W.pdb_C	1	-10.5121	-10.3832	-8.0982
N66R.pdb_A	6	-11.3178	-11.3088	-24.8106
E67H.pdb_A	14	-11.2907	-11.3058	-24.657
V1028I.pdb_C	20	-11.1765	-10.3104	-12.6142
E42I.pdb_A	33	-11.0665	-11.2359	-24.8423
R1064T.pdb_C	43	-10.4086	-10.167	-13.0327
F1065C.pdb_C	54	-10.4716	-10.2002	-9.41549
T91M.pdb_A	64	-10.6099	-11.0203	-24.8659
D19N.pdb_A	76	-11.4617	-11.6624	-24.8798
V113I.pdb_A	86	-10.5112	-11.607	-25.6522
D1075K.pdb_C	100	-10.5484	-9.00033	-7.76449
E68V.pdb_A	115	-10.5686	-11.8143	-24.6144
A32Q.pdb_A	124	-10.5486	-11.8081	-24.8181
P132L.pdb_A	135	-10.5486	-11.714	-25.3143
R135D.pdb_A	143	-10.5488	-11.747	-27.3132
N52Q.pdb_A	150	-10.6313	-11.7348	-25.0475
I1089M.pdb_C	159	-10.5936	-8.8775	-8.24955
F1037Q.pdb_C	170	-10.8776	-9.05029	-6.10169
V62I.pdb_A	187	-10.9518	-11.7731	-25.4536
P1042R.pdb_C	204	-10.7635	-8.98888	-7.60366
I1070M.pdb_C	217	-10.5769	-8.97691	-6.96482
S1033Q.pdb_C	230	-10.5689	-9.07487	-7.27067
E1050T.pdb_C	248	-10.5963	-9.07777	-6.90824
K143H.pdb_A	257	-10.5943	-11.8067	-24.3506
M124N.pdb_A	268	-10.8039	-11.8185	-24.3667
Q111H.pdb_A	284	-10.6917	-11.6452	-24.784
H29A.pdb_A	295	-10.6198	-11.4895	-25.1687
E147L.pdb_A	306	-10.6372	-11.4752	-26.3017
S70N.pdb_A	318	-10.6195	-11.4558	-26.849
L147R.pdb_A	339	-10.676	-11.3653	-25.5082
Q54T.pdb_A	352	-10.6735	-11.3648	-23.7841
H115Q.pdb_A	373	-10.6727	-11.3086	-24.1993
Y102I.pdb_A	380	-10.6774	-11.36	-24.8194
K1047W.pdb_C	389	-10.6995	-9.55207	-7.62039
Q115A.pdb_A	398	-10.7292	-11.3885	-25.6007
Y49S.pdb_A	409	-10.7406	-11.3615	-25.5584
S49P.pdb_A	417	-10.8352	-11.4022	-25.6084
M135Q.pdb_A	427	-10.7328	-11.397	-24.0224
I102Q.pdb_A	436	-10.6877	-11.4749	-25.5434
W52Q.pdb_A	441	-10.687	-11.4677	-24.4825
H106N.pdb_A	449	-10.6871	-11.4525	-24.5466
C1024M.pdb_C	462	-10.6964	-9.37913	-14.3149
A29M.pdb_A	476	-10.6972	-11.4358	-25.4995
I1041S.pdb_C	482	-11.307	-10.0598	-11.456
A1051C.pdb_C	491	-11.3836	-10.0625	-11.3551
T150W.pdb_A	501	-11.136	-11.4379	-25.3592
W131I.pdb_A	512	-11.1641	-11.5595	-27.747
Q1063F.pdb_C	520	-10.5496	-9.92565	-7.46945
Q102F.pdb_A	529	-10.546	-11.3	-25.9197
F102L.pdb_A	538	-10.5508	-11.2969	-26.7714
F146Q.pdb_A	548	-10.5314	-11.2908	-25.6327
T143F.pdb_A	561	-10.6161	-11.3208	-26.3262
F1061E.pdb_C	569	-10.62	-9.90537	-6.15935
C1079R.pdb_C	577	-10.4853	-9.77892	-7.42892
M88V.pdb_A	584	-10.6363	-11.3286	-24.6532
S62G.pdb_A	590	-10.6175	-11.3525	-24.5986
Q146K.pdb_A	602	-10.4975	-11.3023	-26.5663
N70I.pdb_A	611	-10.4884	-11.4228	-26.513
F78D.pdb_A	617	-10.4935	-11.4485	-25.096
Q1046A.pdb_C	633	-10.5503	-9.61906	-6.11086
I1059C.pdb_C	647	-10.5484	-9.48038	-6.12172
D78V.pdb_A	662	-10.5368	-11.4399	-26.8107
V145Y.pdb_A	696	-10.747	-11.4661	-25.6769
D1085P.pdb_C	719	-10.797	-9.70253	-8.64013
A115F.pdb_A	738	-10.9971	-11.4152	-25.3308
F95I.pdb_A	752	-11.0046	-11.373	-25.559
K66C.pdb_A	765	-10.8122	-10.7365	-25.1847
I70A.pdb_A	782	-10.8081	-10.6796	-24.0278
T61F.pdb_A	795	-10.8077	-10.7468	-25.1535
F1063V.pdb_C	807	-10.7509	-9.67503	-6.48965
W1080P.pdb_C	818	-10.5722	-9.67021	-7.90357
S5T.pdb_A	832	-10.5779	-10.4633	-24.735
I33F.pdb_A	847	-10.5701	-10.4347	-26.4859
Y32G.pdb_A	859	-10.6378	-10.4776	-24.1745
E78A.pdb_A	878	-10.54	-10.4828	-25.5844
W111Y.pdb_A	891	-10.8688	-13.0045	-24.9708
Q1056R.pdb_C	898	-10.5711	-9.98494	-6.96917
M136S.pdb_A	907	-10.5666	-10.1658	-29.3277
W138E.pdb_A	913	-10.7369	-10.3095	-26.8875
F98V.pdb_A	925	-10.7084	-10.2354	-25.4078
D37Y.pdb_A	939	-10.7566	-10.2866	-26.6512
F1060N.pdb_C	949	-10.4262	-9.64711	-6.07027
G1051H.pdb_C	960	-10.7765	-9.73335	-6.83112
W68A.pdb_A	968	-10.7239	-10.6517	-24.0589
I1034V.pdb_C	975	-10.7066	-9.89831	-7.29061
V146H.pdb_A	981	-10.5465	-10.1989	-24.6642
D128N.pdb_A	992	-10.5802	-10.2166	-24.8206
D44M.pdb_A	1000	-10.7128	-10.3341	-28.006
