name	count	evolved_interaction	ancestral_interaction	stability
L38E.pdb_A	1	-10.4056	-10.4494	-24.9444
N124F.pdb_A	8	-10.4254	-10.4409	-27.5054
G80Q.pdb_A	13	-12.1957	-12.302	-24.8048
L37G.pdb_A	20	-12.2183	-12.3585	-24.556
S1033N.pdb_C	35	-12.3475	-9.58028	-7.83592
T1042R.pdb_C	46	-12.3299	-10.3901	-8.93315
K30P.pdb_A	58	-11.63	-12.1862	-24.7998
S70H.pdb_A	67	-11.5931	-12.125	-24.9058
G44N.pdb_A	76	-11.6778	-12.1388	-25.3636
I1070N.pdb_C	87	-11.1286	-8.62107	-6.71117
A129W.pdb_A	100	-10.9698	-12.0694	-24.2289
S141I.pdb_A	106	-11.187	-12.0791	-26.2205
I60L.pdb_A	120	-11.1843	-12.0753	-23.7088
K40Q.pdb_A	126	-11.1763	-12.0354	-24.3221
K1038R.pdb_C	138	-11.1869	-8.74161	-9.5715
V122N.pdb_A	143	-11.4318	-12.1273	-24.2509
S1086G.pdb_C	150	-11.3232	-8.76224	-10.5131
Q1095S.pdb_C	158	-12.5711	-8.83887	-7.77118
R63M.pdb_A	169	-12.8126	-13.2244	-24.7412
R1093D.pdb_C	175	-12.7188	-8.6204	-6.7775
F1080T.pdb_C	187	-13.0062	-8.62447	-6.17822
K15W.pdb_A	204	-13.673	-13.6409	-24.2552
A128H.pdb_A	213	-13.8636	-13.9604	-26.3984
P46L.pdb_A	218	-13.1419	-13.1471	-26.4437
K1041P.pdb_C	228	-13.3855	-10.1788	-8.83853
G1031R.pdb_C	236	-13.421	-10.5251	-6.51052
S74T.pdb_A	245	-13.4478	-13.1917	-24.8283
S95A.pdb_A	259	-13.437	-13.1368	-24.5325
D1034K.pdb_C	269	-14.4207	-10.8993	-6.32681
H1092R.pdb_C	274	-13.2852	-10.8782	-6.04957
P88E.pdb_A	282	-13.3661	-13.7523	-23.6533
S1032L.pdb_C	298	-12.3404	-7.63359	-8.09772
S89F.pdb_A	310	-12.3459	-13.6256	-23.768
Y82A.pdb_A	325	-12.3441	-13.6257	-23.4253
C143W.pdb_A	340	-11.8661	-13.6279	-25.3918
C152G.pdb_A	346	-11.8661	-13.5965	-25.9725
L139H.pdb_A	352	-11.8662	-13.5965	-24.4562
C130L.pdb_A	365	-11.6242	-13.5321	-25.3208
E3N.pdb_A	372	-11.591	-13.1534	-27.2748
M106V.pdb_A	378	-11.5532	-13.1534	-25.0611
M1070I.pdb_C	385	-11.6484	-7.40177	-6.83043
I1088A.pdb_C	392	-11.0612	-7.98169	-5.98882
L114K.pdb_A	409	-10.8692	-12.4184	-23.5715
R1047W.pdb_C	439	-10.8682	-8.12427	-6.64763
T49D.pdb_A	449	-11.2898	-12.3826	-24.7915
D1093C.pdb_C	468	-10.9458	-8.24601	-6.33563
T63Y.pdb_A	484	-11.016	-12.537	-25.0504
A57I.pdb_A	506	-11.0194	-12.6673	-23.8621
M54F.pdb_A	519	-11.0228	-12.6687	-23.4413
T1029I.pdb_C	529	-10.9137	-8.08913	-7.36772
V101K.pdb_A	540	-10.9986	-12.6118	-25.5157
D1056F.pdb_C	549	-10.888	-8.14491	-10.657
Y1023L.pdb_C	557	-10.5473	-7.70186	-10.1614
H70A.pdb_A	565	-10.5456	-12.3445	-26.5886
N114I.pdb_A	573	-10.5053	-12.3657	-25.4663
L122E.pdb_A	585	-10.7106	-12.4106	-25.1207
V1048M.pdb_C	593	-10.8571	-7.41811	-9.89859
M1051E.pdb_C	599	-11.6248	-8.6549	-7.00879
P28M.pdb_A	614	-11.9421	-12.5819	-24.8994
K76C.pdb_A	622	-11.7943	-12.5612	-25.925
E1075Q.pdb_C	630	-11.8163	-9.22248	-6.5684
D1071W.pdb_C	640	-12.1113	-9.32698	-7.05025
Y135L.pdb_A	653	-11.6466	-12.8272	-24.0162
F81Y.pdb_A	665	-11.353	-12.7043	-25.6574
W149T.pdb_A	673	-10.9596	-12.276	-23.989
C63E.pdb_A	685	-10.9233	-12.2574	-24.4372
R125Y.pdb_A	694	-10.4835	-12.1152	-24.6293
D147H.pdb_A	705	-10.4836	-12.4358	-27.4289
R1092L.pdb_C	712	-11.1417	-9.07185	-8.58339
C5N.pdb_A	738	-11.0313	-12.3151	-24.0027
F93A.pdb_A	747	-11.0257	-11.9239	-24.7436
K1040W.pdb_C	757	-10.4983	-7.85636	-7.09682
L1032T.pdb_C	780	-11.0212	-8.13477	-6.09347
W1061C.pdb_C	795	-10.9704	-8.14172	-6.80182
K1031W.pdb_C	810	-11.1082	-8.01273	-9.86584
K101F.pdb_A	819	-10.708	-12.3609	-26.1375
H99Q.pdb_A	829	-10.6948	-12.0245	-25.2746
S35H.pdb_A	837	-10.6202	-11.428	-23.682
Q45L.pdb_A	853	-10.6135	-11.7569	-24.1657
P30G.pdb_A	864	-10.6988	-11.7308	-24.0402
I39V.pdb_A	869	-10.6836	-11.6799	-24.9884
H147I.pdb_A	875	-11.6406	-12.2107	-26.8507
A87G.pdb_A	881	-11.6488	-12.3098	-25.5882
T149K.pdb_A	890	-11.6489	-12.3286	-25.4174
Q99Y.pdb_A	900	-11.5858	-11.959	-24.3297
W129L.pdb_A	908	-11.5401	-11.8675	-24.7403
L1088R.pdb_C	918	-11.4136	-9.92419	-6.77934
I147E.pdb_A	927	-12.213	-11.9556	-25.3125
G89K.pdb_A	939	-11.6004	-11.8762	-26.1721
A26D.pdb_A	946	-10.4122	-10.6226	-24.2512
S14L.pdb_A	955	-10.6935	-10.8139	-25.0946
Q117E.pdb_A	966	-10.7609	-10.5844	-24.4478
F1065L.pdb_C	976	-10.887	-9.46498	-7.78677
C1039L.pdb_C	987	-11.5639	-9.88273	-10.7459
N107H.pdb_A	995	-11.6847	-10.5702	-25.2834
