name	count	evolved_interaction	ancestral_interaction	stability
E1090Q.pdb_C	1	-9.70094	-7.69138	-8.49079
S89R.pdb_A	9	-9.86158	-10.4977	-23.5601
V29K.pdb_A	59	-10.2635	-10.5572	-25.0693
T1043F.pdb_C	68	-10.2592	-8.18811	-7.98012
K110R.pdb_A	75	-10.4126	-10.6871	-27.5315
T108K.pdb_A	90	-10.4436	-10.6805	-25.865
S1032R.pdb_C	98	-10.4669	-8.20208	-8.91767
L1081V.pdb_C	111	-10.4394	-8.15934	-6.99756
R1047M.pdb_C	126	-10.4356	-8.1646	-7.48717
E1034F.pdb_C	139	-10.614	-11.0594	-7.67451
R1060K.pdb_C	150	-10.854	-8.59646	-7.58509
N124K.pdb_A	162	-10.925	-10.6922	-23.766
C1042S.pdb_C	170	-10.6732	-8.47591	-7.25317
H1042L.pdb_C	182	-10.6759	-8.4776	-8.17237
S138L.pdb_A	191	-10.633	-10.6853	-25.5779
K146H.pdb_A	196	-10.8503	-10.6469	-24.0843
K1030T.pdb_C	204	-10.7738	-8.40356	-9.4993
E150R.pdb_A	215	-10.7822	-10.6728	-24.5501
T51Y.pdb_A	236	-10.7693	-10.6872	-24.4942
K1027V.pdb_C	252	-10.7394	-7.89786	-6.06288
N1086H.pdb_C	260	-11.4931	-7.93343	-6.75889
K74D.pdb_A	277	-11.5759	-11.7711	-25.4376
I19H.pdb_A	291	-11.4176	-11.842	-25.241
F155K.pdb_A	305	-11.0746	-11.5076	-23.9304
A71V.pdb_A	316	-11.0861	-11.5093	-24.9858
P59E.pdb_A	324	-11.0254	-11.5589	-24.6818
R1032L.pdb_C	331	-10.9264	-7.80533	-7.16619
Q127L.pdb_A	344	-10.9482	-11.562	-27.9586
L127C.pdb_A	355	-10.9443	-11.5617	-23.1733
S1029T.pdb_C	365	-10.9849	-8.45747	-7.86617
K14N.pdb_A	372	-10.6656	-11.2639	-23.8518
N140W.pdb_A	381	-10.6692	-11.2831	-23.8665
Q154V.pdb_A	387	-10.872	-11.3819	-25.5857
K1066W.pdb_C	394	-11.7072	-8.58151	-7.80864
K1058A.pdb_C	406	-11.6838	-8.77226	-6.34015
Y136W.pdb_A	423	-11.4625	-11.3219	-24.7202
T1030V.pdb_C	436	-10.7468	-9.63309	-6.53638
M1093D.pdb_C	446	-11.6013	-9.5344	-5.79016
K30A.pdb_A	507	-10.7146	-10.7475	-25.1387
A1058C.pdb_C	516	-12.7156	-8.82107	-6.92928
W134F.pdb_A	524	-12.3349	-11.5986	-25.1751
M1083F.pdb_C	532	-11.2209	-7.94189	-6.43078
E67M.pdb_A	545	-11.4593	-11.5599	-25.4001
Y1067C.pdb_C	553	-13.4053	-10.7908	-6.95914
I1024C.pdb_C	559	-13.8688	-10.5734	-7.09382
Y64M.pdb_A	567	-12.5658	-11.9964	-25.1206
R156Q.pdb_A	583	-12.3677	-11.8549	-25.0457
W93E.pdb_A	596	-11.6855	-11.9056	-24.5571
S128C.pdb_A	608	-11.2994	-11.9285	-24.4304
E1046C.pdb_C	626	-11.308	-8.24804	-5.78311
E1029T.pdb_C	644	-13.5072	-10.3164	-6.12002
Y115L.pdb_A	656	-12.9877	-11.5674	-26.3632
N70A.pdb_A	665	-12.9843	-11.563	-26.2424
E42V.pdb_A	674	-13.1106	-11.6227	-26.5307
N126Q.pdb_A	682	-13.1147	-11.6987	-24.7584
K48T.pdb_A	689	-13.0677	-11.5751	-25.0962
Q118S.pdb_A	699	-12.7066	-11.0646	-25.7249
F25V.pdb_A	712	-10.8301	-9.85681	-24.9066
L1045W.pdb_C	727	-12.0897	-8.81657	-6.85211
M66F.pdb_A	740	-12.0856	-9.76759	-25.7285
K1062E.pdb_C	745	-12.0404	-8.79341	-6.73026
G1047R.pdb_C	755	-11.8319	-8.50971	-6.78471
D1085R.pdb_C	774	-11.3113	-7.9003	-6.63427
R67Q.pdb_A	782	-11.3369	-9.90057	-25.6869
K1059L.pdb_C	791	-11.363	-7.86167	-6.48477
R1085S.pdb_C	799	-11.7531	-8.20228	-6.31222
E59K.pdb_A	808	-11.937	-9.62829	-24.9956
E63Y.pdb_A	827	-11.7994	-9.6815	-25.284
M15N.pdb_A	838	-11.987	-9.621	-23.9805
E1053T.pdb_C	850	-12.0475	-10.2557	-6.72791
K1095N.pdb_C	868	-11.553	-9.65473	-7.88657
Q1056S.pdb_C	878	-11.0572	-9.60692	-6.49484
K107V.pdb_A	890	-10.8585	-9.89392	-25.0304
H1086E.pdb_C	899	-11.0042	-9.81702	-7.12471
N95W.pdb_A	906	-10.9771	-9.98185	-27.6528
Q130W.pdb_A	911	-10.8796	-9.98465	-24.4948
G6F.pdb_A	916	-10.9172	-9.34222	-27.2011
K70D.pdb_A	932	-10.7106	-9.52182	-24.2055
H1060P.pdb_C	948	-10.7108	-9.52625	-8.40874
W154I.pdb_A	959	-10.7709	-9.67285	-25.176
E1093H.pdb_C	970	-10.7181	-9.72817	-7.07736
P1071M.pdb_C	982	-10.9927	-8.12774	-7.24443
W51R.pdb_A	993	-10.9763	-9.71316	-25.4848
C1075V.pdb_C	1000	-10.8681	-8.16959	-8.03593
