name	count	evolved_interaction	ancestral_interaction	stability
S1033I.pdb_C	1	-10.5245	-10.3918	-8.68785
V1028F.pdb_C	6	-10.4575	-9.53908	-12.1616
E131I.pdb_A	14	-10.4492	-10.4741	-23.9421
S136V.pdb_A	30	-11.0369	-10.8387	-24.7257
Q1095S.pdb_C	39	-11.0992	-10.7512	-7.57707
I1039Q.pdb_C	58	-11.0972	-10.7562	-6.49104
K1058M.pdb_C	67	-11.0773	-10.7162	-7.41179
R1093L.pdb_C	83	-11.0067	-10.6429	-6.05382
L6Y.pdb_A	102	-10.9883	-10.8819	-23.7848
V57L.pdb_A	115	-10.9907	-10.9009	-25.8072
Y153W.pdb_A	124	-10.9941	-10.8815	-24.5172
Y144F.pdb_A	138	-11.0103	-10.8835	-26.3186
P132E.pdb_A	147	-10.9802	-10.7954	-31.187
M36G.pdb_A	156	-11.0061	-10.7199	-25.3977
W153T.pdb_A	163	-11.3562	-10.7687	-26.959
S102N.pdb_A	169	-11.4339	-10.8213	-24.2937
K1071V.pdb_C	176	-11.1563	-10.7608	-7.91122
Y49S.pdb_A	188	-11.2169	-10.7583	-26.9715
N66R.pdb_A	203	-11.2169	-10.7574	-25.2781
R135Y.pdb_A	210	-11.166	-10.7933	-26.5226
R66S.pdb_A	221	-11.1142	-10.6699	-24.2953
T36Q.pdb_A	228	-11.1892	-10.7228	-27.2194
E12L.pdb_A	234	-11.9376	-11.2308	-26.7469
V18A.pdb_A	243	-10.9835	-10.2883	-24.9664
A18C.pdb_A	250	-10.8631	-8.826	-25.7827
I1072L.pdb_C	257	-10.6684	-10.5616	-6.77125
Y87M.pdb_A	273	-10.6086	-8.32437	-24.0232
S1095H.pdb_C	281	-10.8582	-10.7719	-6.99215
A126R.pdb_A	288	-10.8588	-8.85636	-24.8774
I1033M.pdb_C	298	-10.5231	-7.86298	-10.8961
D1080C.pdb_C	307	-10.5208	-10.0751	-7.15426
N127Q.pdb_A	320	-10.8818	-8.95269	-26.1128
E153F.pdb_A	328	-11.0363	-9.19266	-25.2223
F137R.pdb_A	335	-11.27	-9.19076	-24.5698
R1055M.pdb_C	343	-10.9824	-10.6307	-8.89322
V1071L.pdb_C	352	-10.7798	-10.6302	-10.3475
F81M.pdb_A	361	-10.7709	-8.82248	-24.9744
A142R.pdb_A	373	-10.771	-8.87868	-24.5417
I1086K.pdb_C	387	-10.845	-10.4083	-9.78437
Q1064I.pdb_C	395	-10.7487	-10.3279	-9.33759
Q110R.pdb_A	407	-11.1294	-8.95824	-24.6967
L1036I.pdb_C	413	-11.3504	-10.7844	-6.89125
I120T.pdb_A	420	-11.4474	-9.03262	-26.2749
E1040M.pdb_C	429	-11.4355	-10.8119	-6.27076
V79R.pdb_A	444	-11.4244	-8.99986	-26.3787
Y129F.pdb_A	458	-11.4738	-9.04582	-25.5292
K74W.pdb_A	475	-11.5453	-9.15233	-25.4522
M1033V.pdb_C	482	-11.555	-10.6279	-6.81385
K146F.pdb_A	496	-11.6742	-9.15262	-24.3473
A138R.pdb_A	512	-11.6051	-9.07557	-24.7367
E1059C.pdb_C	523	-11.3822	-10.5905	-6.40709
L35C.pdb_A	532	-12.0742	-10.1444	-23.7686
D1082K.pdb_C	542	-11.0823	-9.87686	-8.11395
M147Y.pdb_A	555	-11.1182	-12.1226	-24.8984
R1046W.pdb_C	562	-11.3063	-10.5507	-8.39845
N150V.pdb_A	574	-11.3013	-12.0916	-25.0405
S91E.pdb_A	585	-11.2889	-12.1016	-25.0338
H86V.pdb_A	601	-11.0194	-11.9936	-27.2778
C1024Y.pdb_C	610	-10.4814	-9.69585	-8.74865
Q151W.pdb_A	619	-10.4828	-11.9909	-24.1838
K1055Q.pdb_C	629	-10.5087	-9.72464	-9.08206
A89T.pdb_A	637	-10.6484	-12.1177	-24.8343
Q18Y.pdb_A	650	-11.306	-12.3603	-24.4152
V1033R.pdb_C	656	-11.0235	-9.56938	-7.67252
L59N.pdb_A	662	-11.5319	-12.2912	-24.145
P87F.pdb_A	676	-11.5335	-12.2767	-24.729
G34F.pdb_A	683	-11.6457	-12.318	-24.4758
Q154K.pdb_A	692	-11.3627	-11.9617	-23.4727
A48Y.pdb_A	701	-11.3481	-11.9619	-23.5058
Q1030K.pdb_C	708	-11.2662	-9.78931	-6.14831
R1047H.pdb_C	717	-11.2586	-9.41823	-6.76667
L59I.pdb_A	724	-10.6435	-11.4232	-23.5106
K141C.pdb_A	735	-10.5463	-11.226	-25.1654
H98S.pdb_A	748	-10.5	-11.2312	-24.4031
Q1043A.pdb_C	758	-10.9459	-9.04559	-7.7857
H34T.pdb_A	764	-10.9149	-10.9162	-23.8414
D1034K.pdb_C	774	-10.8199	-9.14412	-7.7614
Y1062N.pdb_C	785	-10.8344	-9.33346	-8.12321
D42N.pdb_A	797	-10.9337	-10.4344	-23.9958
Q117Y.pdb_A	808	-10.9355	-10.5301	-23.6735
I59R.pdb_A	817	-10.8568	-10.4138	-25.774
S98N.pdb_A	832	-11.1536	-10.934	-25.2292
C1059P.pdb_C	842	-12.171	-10.5673	-7.175
L149I.pdb_A	849	-12.2224	-10.9477	-23.8498
F1028M.pdb_C	858	-12.4302	-10.6506	-6.37589
I149T.pdb_A	874	-12.4459	-11.5752	-23.8106
Y25C.pdb_A	887	-10.6104	-8.99594	-25.7439
M57I.pdb_A	910	-10.4867	-8.59227	-24.2031
N1093A.pdb_C	923	-11.0362	-12.3971	-6.49429
A1027G.pdb_C	938	-12.4138	-11.7668	-6.068
Q1094A.pdb_C	955	-12.593	-11.7612	-6.21748
I111D.pdb_A	970	-12.6856	-8.80582	-25.3758
E106Q.pdb_A	976	-12.6848	-8.99485	-24.9744
A101H.pdb_A	984	-11.4828	-9.03784	-26.2296
E1082Q.pdb_C	990	-11.0117	-10.0309	-7.84713
P7Q.pdb_A	998	-11.0834	-9.1248	-23.8643
