name	count	evolved_interaction	ancestral_interaction	stability
S138D.pdb_A	1	-10.4816	-10.5064	-26.4678
K48I.pdb_A	8	-10.5042	-10.4835	-25.9398
I1024W.pdb_C	23	-11.2104	-10.6935	-6.53484
N1086H.pdb_C	36	-11.105	-10.5973	-6.74079
E1050Y.pdb_C	43	-10.9767	-10.4916	-6.72233
N7F.pdb_A	50	-11.0421	-10.8957	-26.0034
D138K.pdb_A	66	-10.9755	-10.8822	-25.1221
G1031M.pdb_C	75	-11.3216	-10.6177	-6.92059
E1079Q.pdb_C	97	-10.9989	-10.5815	-7.17667
F1024L.pdb_C	116	-11.404	-10.9638	-7.98315
E42G.pdb_A	123	-11.316	-10.7656	-24.9204
K153R.pdb_A	133	-11.376	-10.769	-25.3587
T126A.pdb_A	142	-11.4159	-10.783	-24.5171
L150S.pdb_A	148	-11.3638	-10.6531	-24.2409
S136R.pdb_A	160	-12.4608	-10.6533	-24.5128
K27G.pdb_A	188	-12.3761	-10.6746	-24.6411
R1071M.pdb_C	207	-13.5328	-12.0445	-7.06418
H1092Q.pdb_C	214	-11.9785	-10.4916	-8.76728
Q153V.pdb_A	221	-11.9566	-11.2422	-25.6382
T1043D.pdb_C	235	-11.9912	-10.5204	-8.22763
V29S.pdb_A	244	-12.0054	-11.1761	-24.7054
C1071I.pdb_C	255	-12.0562	-10.5847	-8.75865
W1025F.pdb_C	261	-12.6206	-11.1501	-8.88914
Q1056V.pdb_C	270	-12.5935	-11.0722	-8.32758
V153F.pdb_A	282	-12.3763	-11.3707	-25.7085
Q101S.pdb_A	294	-12.406	-11.3873	-25.0948
W49Q.pdb_A	311	-11.48	-11.3589	-24.9706
D121Y.pdb_A	320	-11.4894	-11.3822	-29.4372
D19V.pdb_A	333	-11.5514	-11.3033	-24.0647
T1094I.pdb_C	344	-11.289	-10.3488	-6.36098
L119M.pdb_A	353	-11.2927	-11.3034	-26.3677
Q39E.pdb_A	368	-11.2112	-11.3341	-24.7692
P78F.pdb_A	387	-11.7022	-11.8587	-24.0665
S156L.pdb_A	397	-11.6956	-11.6883	-24.1608
K1027V.pdb_C	407	-11.5335	-9.46664	-6.85333
Y121P.pdb_A	414	-11.6063	-11.5415	-25.032
N1081C.pdb_C	422	-11.8957	-9.54206	-5.96071
K18R.pdb_A	434	-11.7797	-11.3776	-25.1718
A35N.pdb_A	447	-11.7162	-11.3051	-24.7621
K1058D.pdb_C	457	-11.7919	-9.6678	-6.18807
R1073W.pdb_C	465	-11.7335	-9.68357	-7.29627
N124K.pdb_A	482	-11.733	-11.315	-24.7561
Y127M.pdb_A	492	-11.734	-11.3152	-25.5498
A1051Q.pdb_C	526	-11.7339	-9.68357	-6.99345
M1025H.pdb_C	537	-11.7424	-9.69798	-6.49106
H65M.pdb_A	558	-11.7051	-11.3151	-26.5259
A142Y.pdb_A	567	-11.7045	-11.3226	-24.2722
R1047V.pdb_C	575	-11.0918	-8.12219	-5.81558
H55G.pdb_A	591	-11.0697	-11.5155	-27.3764
S115R.pdb_A	599	-11.6032	-12.4602	-26.2697
N66V.pdb_A	618	-11.6559	-12.4356	-25.5965
T145G.pdb_A	632	-11.5369	-12.4178	-25.496
L149Y.pdb_A	643	-11.5941	-12.4419	-26.192
M76R.pdb_A	648	-11.6636	-12.4603	-25.1714
F1037H.pdb_C	655	-11.6568	-8.79947	-5.93424
A7I.pdb_A	669	-11.6005	-12.4053	-26.6178
H1059Y.pdb_C	680	-11.6434	-8.79948	-6.81939
S98C.pdb_A	693	-11.6299	-12.4498	-24.9545
F1076K.pdb_C	707	-11.5538	-8.72762	-7.22339
L38M.pdb_A	713	-11.5424	-12.4494	-25.1926
G1057R.pdb_C	727	-11.6229	-8.76289	-7.56843
H1037S.pdb_C	743	-11.6796	-8.79812	-5.81671
G138Y.pdb_A	751	-11.7126	-12.5725	-26.5639
L156R.pdb_A	762	-10.6912	-11.5255	-24.5242
L1027I.pdb_C	779	-10.9182	-9.20316	-8.04097
D87F.pdb_A	792	-10.8773	-11.741	-24.2918
Q31K.pdb_A	807	-10.9031	-11.8281	-25.4557
T1042R.pdb_C	821	-10.8624	-8.94802	-5.98645
W1058R.pdb_C	832	-10.7485	-8.97893	-6.24073
H129D.pdb_A	842	-10.6084	-11.7129	-25.7585
D37N.pdb_A	849	-10.6127	-11.7429	-25.88
S101K.pdb_A	861	-10.6189	-11.7426	-25.7334
I60V.pdb_A	877	-10.6173	-11.7347	-25.6962
D1031E.pdb_C	890	-11.0828	-9.28097	-7.10962
Y65Q.pdb_A	900	-11.1486	-11.8142	-28.9377
Q1088W.pdb_C	907	-10.8537	-7.58228	-6.99307
W104Y.pdb_A	917	-10.8895	-11.5593	-24.0172
L35K.pdb_A	932	-10.8924	-11.6395	-24.1636
S102V.pdb_A	942	-10.7422	-11.639	-24.0017
L7D.pdb_A	954	-10.5102	-11.6518	-24.3458
M1082L.pdb_C	963	-10.5044	-7.45773	-6.52785
R82F.pdb_A	981	-10.5267	-11.587	-26.3529
H40D.pdb_A	987	-10.8744	-11.6324	-25.9502
K14H.pdb_A	994	-10.8084	-11.7442	-23.7997
