name	count	evolved_interaction	ancestral_interaction	stability
E1090L.pdb_C	1	-9.2825	-9.18196	-9.13147
N140G.pdb_A	11	-9.46902	-10.6253	-25.1993
S1029L.pdb_C	19	-10.5314	-10.2042	-9.09512
S127L.pdb_A	28	-11.4943	-10.6902	-25.3257
K15N.pdb_A	39	-11.2551	-10.5277	-26.1092
N1086L.pdb_C	47	-11.7414	-11.6869	-6.42757
L1026K.pdb_C	74	-10.8075	-10.7848	-5.85214
R104A.pdb_A	82	-10.8097	-11.0481	-26.0405
Q1095C.pdb_C	89	-10.7905	-10.7662	-5.99405
W103F.pdb_A	104	-10.4446	-10.6705	-24.0527
D1061M.pdb_C	121	-10.4652	-10.6554	-6.56095
C32R.pdb_A	136	-10.4426	-10.6663	-25.1312
I107M.pdb_A	150	-10.4423	-10.7139	-24.1634
F1040Y.pdb_C	164	-10.8038	-10.9036	-7.84904
Q1023L.pdb_C	172	-10.8115	-10.9016	-8.82675
P125D.pdb_A	182	-10.846	-11.0473	-24.8864
N126V.pdb_A	190	-10.8132	-11.0473	-24.5392
E1094W.pdb_C	200	-10.956	-10.9507	-7.88283
I25Y.pdb_A	210	-11.1341	-11.2172	-26.0491
Y155W.pdb_A	220	-10.7279	-10.8196	-25.85
L137H.pdb_A	233	-10.7582	-10.8492	-26.131
Q7T.pdb_A	244	-10.8211	-10.795	-23.9054
D121T.pdb_A	249	-10.3929	-11.0592	-24.1568
K1054M.pdb_C	269	-10.7104	-8.76455	-6.80459
A1091T.pdb_C	277	-10.6368	-8.81451	-6.45636
Y1093A.pdb_C	285	-10.5985	-8.75856	-7.12518
L131F.pdb_A	295	-10.5593	-10.8478	-23.9677
H1075G.pdb_C	303	-10.6415	-8.71298	-7.1564
Q1082T.pdb_C	314	-10.8819	-8.53223	-6.24027
V154I.pdb_A	324	-10.802	-11.1376	-25.1784
K95L.pdb_A	336	-10.8162	-11.1096	-25.3291
V1047H.pdb_C	343	-10.7755	-8.62926	-6.05639
S89Y.pdb_A	358	-10.7736	-11.5014	-24.1745
L4E.pdb_A	366	-10.9742	-11.5055	-24.5
P46Y.pdb_A	373	-11.1267	-11.4517	-24.9737
E49Q.pdb_A	384	-11.053	-11.51	-24.2386
A104C.pdb_A	393	-11.0292	-11.5463	-25.1686
D15G.pdb_A	398	-11.0207	-11.4414	-24.5901
F1033Q.pdb_C	426	-11.1525	-10.2221	-6.68106
Q1041V.pdb_C	435	-11.1503	-10.1774	-7.16191
L95Y.pdb_A	441	-11.4048	-11.4818	-24.2964
M1054G.pdb_C	451	-11.8388	-9.67746	-9.45397
G1075W.pdb_C	465	-12.4476	-9.68072	-8.53611
N57V.pdb_A	472	-11.8666	-10.3742	-25.3974
I154Q.pdb_A	479	-11.5704	-9.89785	-24.1293
C100I.pdb_A	489	-12.3115	-9.89904	-25.238
L35V.pdb_A	499	-12.2974	-9.93792	-24.1179
T138E.pdb_A	513	-12.3218	-9.88809	-24.0412
K88D.pdb_A	522	-12.3218	-9.90717	-25.4471
T40F.pdb_A	541	-12.3231	-9.91027	-26.0574
L46H.pdb_A	548	-12.2779	-9.94135	-25.0849
E1079Y.pdb_C	559	-12.1814	-10.3342	-6.88854
L140F.pdb_A	575	-12.2146	-9.92094	-25.5603
Y25L.pdb_A	587	-12.0587	-9.73315	-24.7338
C15F.pdb_A	596	-12.0777	-9.85443	-28.5356
V148E.pdb_A	602	-12.198	-9.66968	-29.6312
E148T.pdb_A	617	-11.2741	-8.57631	-26.5593
F1073P.pdb_C	624	-11.2203	-10.5586	-8.79191
Q1034G.pdb_C	630	-10.8495	-10.6232	-6.72544
F106K.pdb_A	651	-10.811	-7.75896	-24.0591
I1039K.pdb_C	668	-10.7957	-10.6021	-6.6659
Q88K.pdb_A	677	-10.8857	-7.76036	-23.9071
G19E.pdb_A	699	-10.6588	-7.3752	-24.0985
H1074I.pdb_C	713	-10.6053	-10.3585	-11.3061
M10K.pdb_A	726	-10.8327	-7.49326	-24.1626
A1030I.pdb_C	735	-10.7537	-10.0987	-10.7223
M32G.pdb_A	747	-10.8404	-7.78789	-28.5333
R8A.pdb_A	752	-10.7861	-7.7567	-24.5176
T130M.pdb_A	771	-10.9731	-7.49722	-26.1248
H137R.pdb_A	781	-10.8112	-7.5343	-26.0663
Y138K.pdb_A	793	-10.9539	-7.51642	-25.8328
K138M.pdb_A	800	-10.5479	-7.65911	-24.558
H1050W.pdb_C	806	-10.7623	-10.0611	-8.42442
T63W.pdb_A	824	-10.9111	-7.87571	-25.7353
R156I.pdb_A	834	-10.7678	-7.60576	-24.361
P7F.pdb_A	852	-10.7681	-7.63844	-25.0891
I6N.pdb_A	866	-10.771	-7.51829	-24.5638
A61W.pdb_A	879	-10.9768	-7.759	-24.8839
S147T.pdb_A	888	-10.9316	-7.17498	-25.0599
Y1023I.pdb_C	897	-10.937	-10.054	-6.85083
K31M.pdb_A	907	-10.9482	-7.17069	-24.8888
G44C.pdb_A	916	-12.1136	-8.7531	-27.075
R141E.pdb_A	929	-12.1383	-8.89567	-24.5989
A1093N.pdb_C	936	-12.1382	-9.88485	-8.48777
I62L.pdb_A	953	-11.6827	-8.93671	-24.2965
M107F.pdb_A	963	-11.2496	-8.92029	-25.8295
A129M.pdb_A	974	-11.3247	-9.01856	-25.0361
H1058R.pdb_C	982	-11.3665	-9.62592	-6.59654
T150L.pdb_A	990	-11.4076	-9.03759	-25.3948
M1027T.pdb_C	997	-11.1399	-9.04452	-8.58709
