name	count	evolved_interaction	ancestral_interaction	stability
L109H.pdb_A	1	-10.5001	-10.5204	-25.3281
T91S.pdb_A	9	-10.5155	-10.4974	-26.5724
T1042W.pdb_C	23	-10.6468	-10.5063	-7.93796
R1046E.pdb_C	35	-10.6268	-10.5149	-7.98496
L1066N.pdb_C	42	-10.5298	-10.4108	-8.19148
N1025C.pdb_C	55	-10.4968	-10.3797	-6.01498
D37Q.pdb_A	75	-10.4651	-10.615	-25.4079
P105V.pdb_A	88	-10.4314	-10.5713	-24.2245
N126Q.pdb_A	127	-10.8083	-10.5765	-23.9136
N1066A.pdb_C	140	-10.6579	-10.7371	-8.26342
K74Y.pdb_A	152	-10.653	-10.4228	-24.7676
F32P.pdb_A	162	-10.6125	-10.4097	-24.6371
C5I.pdb_A	174	-10.6254	-10.4369	-26.0452
Y82Q.pdb_A	183	-10.6884	-10.4826	-26.6873
A129Q.pdb_A	190	-10.7149	-10.4005	-23.9823
D1061T.pdb_C	198	-10.8471	-10.491	-7.30723
V1028Y.pdb_C	206	-10.8504	-10.5019	-6.20552
E11V.pdb_A	222	-10.9374	-10.6752	-24.5927
H109E.pdb_A	231	-10.4903	-10.2188	-27.463
I144W.pdb_A	238	-10.5216	-10.2375	-28.835
Y155M.pdb_A	245	-10.529	-10.2276	-27.6777
K153Y.pdb_A	255	-10.5101	-10.2083	-26.4439
M1050I.pdb_C	272	-11.0217	-10.8417	-6.55398
R135W.pdb_A	283	-11.0007	-10.325	-24.4195
E42I.pdb_A	302	-10.9291	-10.3027	-24.2343
M1059R.pdb_C	316	-10.7122	-10.7752	-7.16227
Q129H.pdb_A	326	-10.6903	-10.2672	-26.0058
W1042Q.pdb_C	340	-10.9046	-11.5026	-7.56207
C131A.pdb_A	358	-10.9137	-10.37	-24.2818
H1033K.pdb_C	371	-10.8871	-11.7	-9.0917
C1025D.pdb_C	386	-11.0038	-11.7881	-8.65714
H1095E.pdb_C	401	-11.2236	-11.3991	-8.19598
T1077F.pdb_C	408	-11.3012	-11.404	-7.52827
K1033I.pdb_C	425	-10.8597	-10.9709	-8.58264
I1033A.pdb_C	443	-10.8623	-10.9709	-7.13671
K134L.pdb_A	454	-10.761	-10.2506	-24.6749
V116S.pdb_A	462	-11.1445	-10.5846	-24.0105
L1061E.pdb_C	471	-10.9576	-10.8718	-5.98265
W31F.pdb_A	485	-10.9596	-10.4613	-25.8602
K1040A.pdb_C	496	-11	-10.8732	-6.24209
F137M.pdb_A	505	-10.9997	-10.571	-25.1074
Y1044R.pdb_C	515	-11.0857	-10.8815	-6.04901
H110M.pdb_A	523	-11.1055	-10.6539	-25.6078
A1042R.pdb_C	532	-10.7815	-10.1936	-9.44244
P59N.pdb_A	540	-10.9301	-10.8196	-25.3294
I14Y.pdb_A	549	-11.1204	-11.0096	-24.4495
S156A.pdb_A	563	-11.1465	-10.9587	-24.0839
A156T.pdb_A	579	-11.2099	-10.8425	-24.6345
E130N.pdb_A	591	-10.832	-10.4718	-27.1089
L101I.pdb_A	598	-10.9357	-10.5558	-25.3879
C106Q.pdb_A	608	-10.9357	-10.5558	-25.8496
D49Y.pdb_A	635	-10.9772	-10.544	-24.5453
A143S.pdb_A	645	-10.9772	-10.6429	-25.2502
L126P.pdb_A	656	-10.9211	-10.8165	-24.2666
Q106H.pdb_A	665	-11.1833	-10.8244	-24.3034
P33N.pdb_A	670	-11.1876	-10.8491	-27.1597
L146S.pdb_A	678	-11.2157	-10.8491	-27.498
L6K.pdb_A	686	-10.9722	-10.558	-26.1047
Q108S.pdb_A	693	-11.1974	-10.951	-23.8056
H1079L.pdb_C	704	-11.2431	-10.5876	-8.24977
N33C.pdb_A	710	-10.9971	-10.3849	-24.1923
K1075S.pdb_C	723	-11.1222	-10.786	-7.87384
R1042K.pdb_C	731	-11.1191	-10.7847	-8.40284
S108Q.pdb_A	738	-10.945	-10.2448	-24.7352
H106D.pdb_A	748	-10.9334	-10.1842	-25.1323
C6G.pdb_A	760	-11.3254	-10.1837	-24.8285
N1030K.pdb_C	765	-10.9536	-10.3264	-9.72403
F81Y.pdb_A	778	-10.599	-10.0526	-26.4026
P66Q.pdb_A	786	-10.6004	-10.0845	-26.3999
L32P.pdb_A	794	-10.5	-10.0268	-25.5055
A106V.pdb_A	812	-10.5745	-10.0095	-25.1514
K156N.pdb_A	828	-11.57	-9.85728	-24.7928
Y1076C.pdb_C	843	-10.9062	-10.2212	-7.05483
V70P.pdb_A	853	-11.0776	-9.84693	-27.8898
K27F.pdb_A	861	-10.5417	-9.7522	-29.2855
R104N.pdb_A	869	-10.9426	-10.0965	-24.7871
K1030L.pdb_C	874	-10.9482	-9.82333	-8.52787
H150Y.pdb_A	881	-10.8956	-10.1181	-26.9686
F27E.pdb_A	887	-11.5277	-9.93661	-26.623
R140M.pdb_A	897	-11.6709	-9.71196	-26.2393
K1043W.pdb_C	903	-11.8491	-9.78946	-7.25619
F138L.pdb_A	917	-11.8574	-10.005	-24.6449
V1063F.pdb_C	945	-12.0405	-10.4131	-8.11856
V1039L.pdb_C	955	-12.2042	-10.3222	-12.1228
I1029L.pdb_C	968	-10.9785	-9.91105	-10.5031
K127W.pdb_A	981	-11.3169	-10.3357	-25.0377
Y150T.pdb_A	995	-11.3246	-10.3535	-25.2135
