name	count	evolved_interaction	ancestral_interaction	stability
W16N.pdb_A	1	-9.83291	-9.87623	-23.2848
L6F.pdb_A	15	-9.97795	-9.91459	-24.2369
K31R.pdb_A	41	-10.3637	-10.3095	-26.2484
S95M.pdb_A	50	-10.3295	-10.2908	-25.1263
N124E.pdb_A	61	-10.4417	-10.5094	-24.8956
C86S.pdb_A	75	-10.4415	-9.60058	-23.5289
Q130A.pdb_A	87	-10.3623	-9.51645	-23.8482
Y63Q.pdb_A	100	-10.3791	-9.5175	-25.3317
A1074N.pdb_C	107	-10.3844	-10.571	-7.05907
L4P.pdb_A	120	-10.3834	-10.4211	-24.5419
I60M.pdb_A	142	-10.4023	-10.4069	-24.612
Q39G.pdb_A	154	-10.5684	-10.4154	-24.9719
V57F.pdb_A	167	-10.8767	-10.6474	-24.4974
S1029M.pdb_C	182	-11.8747	-11.5701	-9.64315
I1024S.pdb_C	192	-11.8686	-11.5529	-9.55699
K27F.pdb_A	201	-11.2387	-10.6284	-27.9915
N1086G.pdb_C	207	-11.0295	-11.1652	-10.5458
K74M.pdb_A	214	-11.0182	-10.5767	-25.99
N1074I.pdb_C	222	-11.1132	-11.1658	-11.6838
E1050H.pdb_C	228	-11.1505	-11.206	-8.48236
Q154A.pdb_A	237	-11.6572	-10.6254	-24.6516
F147C.pdb_A	243	-11.8555	-11.0656	-25.3976
N66A.pdb_A	252	-11.6287	-10.8003	-23.9786
V29F.pdb_A	261	-11.7377	-10.8139	-25.1241
R1071S.pdb_C	275	-11.4699	-10.8939	-7.32307
M36L.pdb_A	287	-10.5871	-10.0113	-25.1066
N140M.pdb_A	303	-10.5568	-9.98971	-25.0134
K1038R.pdb_C	316	-10.5459	-10.5881	-6.15456
H59I.pdb_A	338	-10.6008	-9.99641	-25.0773
S136M.pdb_A	353	-10.4305	-9.79577	-27.1251
F114K.pdb_A	358	-10.6097	-10.0255	-25.0932
P128C.pdb_A	364	-10.4438	-10.006	-25.6279
E35N.pdb_A	372	-10.6052	-10.187	-27.1593
F1065H.pdb_C	378	-10.6022	-10.1887	-7.93032
T135I.pdb_A	386	-10.5304	-10.084	-27.4936
H1086K.pdb_C	397	-11.1865	-10.1722	-7.72188
D1075I.pdb_C	407	-11.2739	-10.0521	-7.12371
L119F.pdb_A	420	-11.2038	-10.3691	-24.2193
W30K.pdb_A	426	-10.8866	-10.6	-25.0613
P21F.pdb_A	438	-10.6269	-10.3954	-24.1418
I1075V.pdb_C	445	-10.6203	-9.84638	-6.3963
L1095W.pdb_C	451	-10.631	-9.84128	-6.39931
N32A.pdb_A	461	-10.6209	-10.5598	-29.9659
D7L.pdb_A	470	-11.043	-11.2444	-24.3582
R1047L.pdb_C	505	-10.9001	-9.77422	-6.7155
A133S.pdb_A	526	-11.0233	-10.3333	-23.6719
Q110L.pdb_A	544	-11.4505	-11.2832	-24.906
P4M.pdb_A	563	-11.0199	-11.2634	-24.7333
D100S.pdb_A	570	-11.0661	-11.343	-27.0531
A66R.pdb_A	580	-11.3148	-11.3296	-26.9937
Q57T.pdb_A	586	-10.845	-11.3536	-27.2943
Q1033K.pdb_C	592	-10.834	-9.64603	-8.90223
Q1093G.pdb_C	604	-10.8193	-9.62372	-8.34345
Y15V.pdb_A	611	-10.686	-11.268	-24.7691
F139Y.pdb_A	626	-10.6886	-11.2601	-23.9482
L1084T.pdb_C	644	-11.0342	-9.58382	-8.32562
Y70M.pdb_A	654	-10.6462	-10.6121	-29.1035
C1095A.pdb_C	662	-10.6125	-9.60063	-7.90394
R1080W.pdb_C	668	-10.7486	-10.0223	-7.24619
E1059D.pdb_C	680	-10.7438	-10.0022	-7.14349
D102F.pdb_A	691	-10.7358	-10.6015	-26.2644
W41L.pdb_A	697	-10.5597	-10.3849	-24.3575
R1042E.pdb_C	705	-10.4748	-9.65547	-6.82589
V1023H.pdb_C	713	-10.7233	-9.67703	-6.57017
R66D.pdb_A	723	-10.7242	-10.6289	-25.2753
V107W.pdb_A	732	-10.8214	-10.6302	-25.813
A89L.pdb_A	745	-10.535	-10.2325	-25.229
M149E.pdb_A	756	-10.522	-10.1375	-24.646
W88E.pdb_A	771	-10.6729	-10.2117	-26.0463
W151H.pdb_A	786	-11.4522	-10.1684	-24.0206
C128P.pdb_A	799	-11.465	-10.1624	-25.1265
D50S.pdb_A	812	-11.4638	-10.0663	-25.4522
S50F.pdb_A	819	-11.6023	-11.8221	-24.3836
W1055L.pdb_C	825	-11.6246	-9.64089	-9.50284
F102Y.pdb_A	836	-11.6346	-11.2464	-24.1796
S1032V.pdb_C	847	-11.5552	-9.57683	-8.7721
C138A.pdb_A	864	-11.0304	-10.725	-24.4221
E79Q.pdb_A	879	-11.0306	-10.6964	-24.3876
Y144F.pdb_A	889	-10.9714	-10.6956	-26.2158
D1075W.pdb_C	901	-11.6745	-10.1641	-9.77481
E1061W.pdb_C	913	-11.4758	-10.1503	-6.86508
L1095W.pdb_C	921	-11.7652	-9.84128	-6.39931
E1042K.pdb_C	930	-11.7938	-9.50845	-6.86815
G14L.pdb_A	959	-12.1196	-10.8162	-24.925
Q49M.pdb_A	968	-12.253	-10.8175	-25.0179
M151W.pdb_A	976	-12.2841	-10.8162	-24.9258
S43A.pdb_A	994	-12.261	-10.8048	-24.959
