name	count	evolved_interaction	ancestral_interaction	stability
P65F.pdb_A	1	-10.4671	-10.4885	-24.3011
D121V.pdb_A	11	-10.512	-10.5309	-25.3992
A106S.pdb_A	27	-10.5137	-10.5357	-24.2074
E1042Y.pdb_C	33	-10.5932	-10.5435	-6.8356
F1065W.pdb_C	42	-10.3363	-10.5299	-7.5565
S122Q.pdb_A	49	-10.3305	-10.2758	-27.7897
P128T.pdb_A	57	-10.3271	-10.2705	-24.141
K27R.pdb_A	77	-11.1483	-10.9842	-25.4321
S136F.pdb_A	91	-10.8876	-10.7978	-26.8305
S147T.pdb_A	99	-10.954	-10.8749	-25.9893
L6T.pdb_A	108	-11.2691	-10.9316	-24.4009
S70A.pdb_A	122	-11.2986	-10.932	-26.0059
E11W.pdb_A	136	-11.1673	-11.6098	-24.3434
E1090M.pdb_C	151	-11.0181	-8.8235	-8.51713
V129K.pdb_A	159	-11.4838	-12.6434	-26.6649
T61E.pdb_A	165	-11.5189	-12.6164	-23.5866
M1090E.pdb_C	174	-12.1992	-8.81148	-6.49469
C31L.pdb_A	185	-12.3829	-12.5749	-25.8606
Y68I.pdb_A	192	-11.4872	-12.8782	-25.2679
I100Q.pdb_A	208	-11.535	-12.8748	-24.975
N124H.pdb_A	227	-11.7358	-12.7407	-24.794
T6H.pdb_A	237	-12.7053	-12.8965	-24.1419
E131V.pdb_A	243	-12.7111	-12.9083	-25.403
T91L.pdb_A	252	-11.9158	-12.9099	-26.0213
K14S.pdb_A	259	-11.7076	-12.8366	-25.2242
L1061Q.pdb_C	271	-11.707	-9.50971	-9.09132
A1033F.pdb_C	282	-11.117	-8.73541	-8.34255
V121A.pdb_A	294	-11.162	-12.7302	-24.4379
W30C.pdb_A	303	-11.1337	-12.7349	-25.3176
D19Y.pdb_A	316	-11.1265	-12.5668	-25.1217
I1070H.pdb_C	321	-11.0037	-8.76326	-7.82451
N145V.pdb_A	328	-11.901	-12.4954	-28.0162
W70K.pdb_A	335	-11.9098	-12.6351	-26.2256
I1088G.pdb_C	342	-10.5638	-7.91582	-7.87427
D102W.pdb_A	350	-10.9635	-12.5498	-27.9887
A7Q.pdb_A	355	-10.9726	-12.9847	-26.1807
A61T.pdb_A	362	-11.2116	-12.558	-29.0514
K40D.pdb_A	367	-11.1953	-12.6297	-24.4859
M137L.pdb_A	374	-11.1608	-12.5646	-25.9354
W1043M.pdb_C	384	-12.3707	-8.65721	-8.08239
H18S.pdb_A	391	-11.5082	-10.7296	-27.6532
Y78D.pdb_A	397	-11.3361	-10.4679	-25.6853
W16F.pdb_A	413	-11.1007	-10.4204	-24.2459
K74A.pdb_A	427	-11.1827	-10.3885	-24.699
V29I.pdb_A	436	-11.1861	-10.3983	-24.8851
S106M.pdb_A	446	-11.0009	-10.4184	-26.7642
E129G.pdb_A	459	-10.9578	-10.4396	-25.6526
M115A.pdb_A	469	-10.9578	-10.4298	-24.4141
K110Y.pdb_A	495	-10.8518	-10.4163	-25.4702
D1046L.pdb_C	513	-10.851	-8.46594	-6.5677
I1042Q.pdb_C	537	-10.692	-8.37869	-6.86145
C1024A.pdb_C	544	-10.6703	-8.39053	-5.80538
G66A.pdb_A	558	-10.6459	-10.4259	-24.6515
A44K.pdb_A	577	-10.769	-10.4829	-25.2926
K76S.pdb_A	583	-10.8207	-10.6938	-24.9265
W121M.pdb_A	593	-10.7971	-10.6429	-27.8416
V49F.pdb_A	600	-11.0043	-10.8524	-29.8515
V45L.pdb_A	607	-10.8275	-10.7368	-30.4361
K71C.pdb_A	616	-10.7698	-10.7227	-28.3227
N1025G.pdb_C	623	-10.7882	-8.4392	-6.77901
W53Y.pdb_A	631	-10.827	-10.7436	-24.2884
S151R.pdb_A	645	-10.8339	-10.6604	-25.0624
M67N.pdb_A	661	-10.5554	-10.5845	-24.3353
E5V.pdb_A	685	-10.6467	-10.5891	-26.4051
A1059R.pdb_C	692	-10.7177	-8.51891	-7.22903
I70G.pdb_A	706	-10.6134	-10.7378	-25.5043
F135W.pdb_A	723	-10.8424	-10.6912	-24.4568
N101L.pdb_A	731	-10.785	-10.6289	-28.1262
A66M.pdb_A	739	-12.6429	-11.3473	-25.5706
G70D.pdb_A	751	-12.412	-11.3918	-25.5742
L91P.pdb_A	762	-12.3887	-11.3892	-24.3233
R27Y.pdb_A	787	-11.9182	-10.9265	-24.146
T1074C.pdb_C	803	-11.9176	-7.50568	-6.42417
M1032K.pdb_C	813	-11.9669	-7.52033	-6.25543
Y1026F.pdb_C	828	-12.0747	-7.54112	-7.28469
K1064N.pdb_C	835	-11.5579	-7.33507	-6.55388
G1025C.pdb_C	845	-11.955	-7.41717	-7.75155
M95Q.pdb_A	863	-12.057	-10.7198	-25.0372
W6R.pdb_A	871	-11.9581	-10.6989	-25.3214
R6C.pdb_A	881	-11.922	-10.7402	-27.2182
P141K.pdb_A	887	-11.9455	-10.3299	-26.9603
L74W.pdb_A	894	-11.9023	-10.5555	-24.6176
V42M.pdb_A	903	-11.8906	-10.4172	-26.8099
R3Y.pdb_A	909	-11.8691	-10.4009	-24.0766
R1074V.pdb_C	924	-11.8741	-7.124	-6.90811
D33N.pdb_A	940	-11.8321	-10.5552	-25.1467
S1042V.pdb_C	953	-11.9369	-7.39116	-7.24019
Y82F.pdb_A	963	-11.9119	-10.286	-24.2482
Y25W.pdb_A	978	-11.5904	-10.1298	-24.065
L1041P.pdb_C	992	-10.713	-8.46567	-6.5343
