name	count	evolved_interaction	ancestral_interaction	stability
T108W.pdb_A	1	-10.4927	-10.4904	-24.9891
E67D.pdb_A	10	-10.4798	-10.479	-24.197
W70M.pdb_A	24	-10.4708	-10.4838	-25.401
T1042D.pdb_C	42	-10.4806	-10.5061	-7.77921
K110L.pdb_A	55	-10.4764	-10.656	-24.9601
K1054W.pdb_C	62	-10.6805	-10.4635	-7.69392
D37N.pdb_A	68	-10.6504	-10.7044	-27.8611
K71A.pdb_A	74	-10.7155	-10.7389	-29.9597
Y58F.pdb_A	80	-10.4012	-10.4472	-31.4521
K76Q.pdb_A	89	-10.5389	-10.6209	-24.7657
P1044M.pdb_C	102	-10.7971	-10.6794	-8.51096
K30H.pdb_A	107	-10.6662	-10.7148	-25.1992
K1058F.pdb_C	122	-10.6516	-10.6018	-6.17359
F19M.pdb_A	130	-10.8261	-10.8282	-24.9807
A131V.pdb_A	135	-10.7573	-10.8126	-25.0254
K1040W.pdb_C	143	-10.7623	-10.5963	-8.11389
W145N.pdb_A	151	-11.2425	-10.7727	-23.8376
E1079A.pdb_C	161	-11.1902	-11.089	-6.77618
S35V.pdb_A	171	-11.0248	-10.5645	-25.9663
N126D.pdb_A	178	-11.0589	-10.5697	-28.6173
T51H.pdb_A	184	-11.0366	-10.5137	-30.9045
K27L.pdb_A	191	-11.1341	-10.757	-28.9924
H51N.pdb_A	197	-11.1212	-10.8127	-27.829
I96W.pdb_A	210	-12.1259	-10.6535	-24.5382
E1059P.pdb_C	218	-12.1876	-10.0862	-8.80314
Q154F.pdb_A	225	-12.3261	-12.1645	-24.6762
V1041H.pdb_C	236	-12.5766	-9.62686	-6.36145
C1070L.pdb_C	245	-12.5629	-9.62319	-7.76529
R1046K.pdb_C	254	-12.5691	-9.6153	-6.86392
N145E.pdb_A	267	-11.7365	-10.751	-25.0941
S136N.pdb_A	273	-11.7484	-10.7546	-25.975
K119E.pdb_A	278	-11.3285	-10.2568	-25.6517
C5M.pdb_A	288	-11.2714	-10.2798	-24.8859
D126K.pdb_A	312	-11.2644	-10.218	-24.0733
V29L.pdb_A	331	-11.0613	-10.3639	-24.0897
F137W.pdb_A	345	-11.0774	-10.3854	-23.573
H91W.pdb_A	375	-11.075	-10.3853	-24.0319
I36F.pdb_A	383	-10.9615	-11.2691	-24.4973
M19Q.pdb_A	389	-10.5911	-10.728	-24.6612
N51T.pdb_A	406	-11.6866	-11.6713	-25.3781
P100M.pdb_A	414	-11.7458	-11.6378	-26.007
E42L.pdb_A	423	-11.1756	-11.6811	-25.9916
A1056K.pdb_C	434	-10.9422	-5.17688	-7.27271
R1093W.pdb_C	443	-10.9404	-5.11638	-7.30515
K126R.pdb_A	458	-10.9793	-11.7773	-24.5693
M1062Y.pdb_C	476	-10.8029	-4.95463	-6.24218
L1077S.pdb_C	491	-10.8456	-4.9601	-5.9524
N1080M.pdb_C	505	-10.7935	-4.95108	-6.56498
L120M.pdb_A	523	-10.8705	-11.9827	-26.0685
C1050Y.pdb_C	533	-10.7687	-4.85077	-8.23407
T39S.pdb_A	544	-10.7686	-12.1069	-24.9968
A95Y.pdb_A	556	-10.7718	-12.024	-26.3841
K110R.pdb_A	567	-11.8721	-12.4708	-24.667
A1091R.pdb_C	575	-11.7688	-5.15289	-5.95
P1059F.pdb_C	589	-10.8753	-5.67864	-5.47138
T49R.pdb_A	608	-10.652	-9.63188	-25.0679
T1032R.pdb_C	623	-10.8811	-5.67871	-6.06059
D1061R.pdb_C	643	-10.8383	-5.86627	-6.35396
V35K.pdb_A	650	-10.6039	-9.89844	-29.7583
D61K.pdb_A	662	-11.2662	-9.6931	-26.8343
Y95R.pdb_A	675	-11.3387	-9.6636	-24.5612
Q1095S.pdb_C	682	-11.4391	-6.11776	-6.25171
A150R.pdb_A	693	-10.4816	-9.69154	-24.994
H1023S.pdb_C	715	-10.4798	-7.85772	-6.2073
F51Y.pdb_A	724	-10.4497	-9.66342	-24.1591
Q31G.pdb_A	736	-11.3599	-9.66056	-24.309
Q1042D.pdb_C	761	-11.4395	-5.5626	-6.27308
A26I.pdb_A	770	-11.4139	-9.9372	-26.1959
I141P.pdb_A	776	-11.4234	-9.93719	-26.7497
R1032L.pdb_C	785	-11.3952	-5.70643	-5.01194
I120M.pdb_A	799	-11.092	-9.66092	-26.3514
R1036M.pdb_C	806	-10.5758	-5.57465	-5.32142
W71I.pdb_A	832	-10.6467	-8.72982	-24.0369
A32I.pdb_A	849	-10.3018	-7.98977	-27.3775
A3C.pdb_A	858	-10.6938	-8.00576	-27.4445
W91N.pdb_A	875	-10.9016	-8.46474	-26.314
S1095L.pdb_C	887	-10.7649	-3.86315	-6.46127
T24H.pdb_A	893	-10.7864	-9.11369	-26.9736
C3D.pdb_A	904	-10.8503	-8.44019	-25.9684
S79D.pdb_A	913	-10.8254	-8.48184	-26.9119
E1056A.pdb_C	918	-10.7566	-5.64385	-8.85886
R95T.pdb_A	930	-10.7648	-8.65311	-25.511
R88P.pdb_A	945	-10.6994	-8.64109	-26.6872
Y1050A.pdb_C	951	-10.7088	-5.59146	-7.04112
M27R.pdb_A	962	-11.4332	-9.48087	-24.6634
L1066I.pdb_C	975	-11.1064	-5.0729	-7.20634
P132F.pdb_A	985	-11.1539	-9.51232	-24.3197
K61V.pdb_A	990	-11.1891	-9.51744	-25.5807
