name	count	evolved_interaction	ancestral_interaction	stability
Q39M.pdb_A	1	-10.4933	-10.5177	-27.0804
K74W.pdb_A	14	-10.6398	-10.4954	-25.0171
D37C.pdb_A	21	-10.5704	-10.4673	-24.2113
R1047M.pdb_C	27	-10.5295	-10.4208	-10.568
E1059H.pdb_C	34	-10.4849	-10.3756	-9.31294
S1033F.pdb_C	44	-10.4923	-10.3722	-10.7722
E127N.pdb_A	55	-10.4923	-10.4684	-25.2318
D1085V.pdb_C	66	-12.662	-10.5764	-9.51226
E11K.pdb_A	74	-13.0246	-12.937	-25.6043
K18Y.pdb_A	81	-11.4944	-12.8596	-26.8292
L114F.pdb_A	87	-11.7359	-13.112	-26.4889
Q1076L.pdb_C	96	-11.8076	-9.35161	-11.1535
F137L.pdb_A	103	-11.8499	-13.1212	-25.0037
V1095S.pdb_C	115	-11.9321	-9.53728	-6.57615
I45V.pdb_A	126	-11.8997	-13.0953	-24.9008
H1092L.pdb_C	135	-10.8846	-8.80156	-8.11327
K15L.pdb_A	143	-10.5092	-12.4849	-25.1614
A1074H.pdb_C	153	-10.951	-8.92264	-7.37726
F114A.pdb_A	160	-10.9668	-12.93	-25.6655
A1077Q.pdb_C	170	-10.9412	-8.92645	-8.04192
M81Y.pdb_A	177	-10.9411	-12.8837	-25.2535
R1061M.pdb_C	188	-10.9056	-8.95664	-7.05555
N1025P.pdb_C	218	-11.0234	-8.68214	-8.53181
H1067L.pdb_C	230	-10.8672	-8.63894	-8.60592
L9I.pdb_A	242	-10.827	-13.0072	-24.1967
V101Y.pdb_A	251	-10.8535	-13.0428	-26.2943
Q108Y.pdb_A	257	-10.6912	-12.3805	-26.1524
L38P.pdb_A	266	-10.9119	-12.4522	-25.2074
S89F.pdb_A	274	-10.8418	-12.3511	-26.1071
E1094D.pdb_C	281	-10.563	-8.27649	-6.04251
S1038D.pdb_C	294	-10.5409	-8.30136	-6.32339
Q66F.pdb_A	311	-10.8277	-12.3704	-24.2498
D1068E.pdb_C	320	-11.7296	-9.81479	-7.55044
V14W.pdb_A	352	-12.2791	-12.333	-24.7246
L1035F.pdb_C	364	-12.0829	-9.24602	-7.09147
M1060W.pdb_C	373	-12.3106	-9.22091	-6.60362
N52R.pdb_A	383	-12.2572	-13.2153	-24.8438
W36L.pdb_A	390	-12.0541	-13.2818	-24.223
R104Q.pdb_A	396	-12.3811	-13.1999	-24.1731
V73L.pdb_A	406	-13.0569	-13.1967	-28.5758
L1076E.pdb_C	416	-13.1493	-10.7798	-8.47909
V1085E.pdb_C	423	-12.708	-10.3397	-7.89422
D145Q.pdb_A	430	-12.6343	-13.1287	-26.7757
L36I.pdb_A	438	-12.6552	-13.1207	-24.768
M83T.pdb_A	444	-12.4614	-13.1112	-24.9199
L150R.pdb_A	453	-11.995	-12.5078	-25.2323
V57Y.pdb_A	463	-12.3627	-12.8674	-25.0131
Q1051R.pdb_C	479	-12.4092	-9.69846	-7.29288
W29C.pdb_A	486	-12.2395	-12.361	-25.5898
M1070G.pdb_C	498	-12.3492	-9.1769	-8.37257
M1061G.pdb_C	512	-12.3581	-9.17683	-6.78415
T1042F.pdb_C	526	-12.3266	-9.17684	-8.27057
G32R.pdb_A	536	-12.2978	-11.9633	-27.2465
I3G.pdb_A	547	-12.267	-11.5091	-25.0902
H67L.pdb_A	567	-12.4203	-10.9344	-25.226
K35G.pdb_A	588	-12.273	-10.8174	-24.1072
F146N.pdb_A	598	-12.216	-10.738	-25.2166
S121M.pdb_A	610	-12.0495	-10.864	-24.2534
W70Q.pdb_A	624	-12.155	-10.8641	-24.5614
L44K.pdb_A	634	-12.1482	-10.798	-26.7734
G79D.pdb_A	648	-12.0868	-10.4067	-24.3127
W103Y.pdb_A	666	-11.9874	-10.7611	-26.5982
Q1095C.pdb_C	683	-10.7194	-10.2748	-6.38801
