name	count	evolved_interaction	ancestral_interaction	stability
F81D.pdb_A	1	-10.4934	-10.5188	-21.6544
H1023F.pdb_C	8	-10.4558	-10.3269	-9.54337
A1074H.pdb_C	14	-10.4202	-10.3245	-8.96567
K110R.pdb_A	26	-11.2274	-10.7861	-24.5246
L1063I.pdb_C	32	-10.9699	-10.9142	-7.1249
E1059A.pdb_C	41	-10.9665	-10.9182	-7.18247
M110F.pdb_A	58	-13.4371	-10.1305	-24.8895
S127I.pdb_A	76	-13.3843	-10.1508	-26.1368
E1094Q.pdb_C	84	-13.5772	-14.2122	-9.85681
A54R.pdb_A	90	-13.5564	-10.3005	-24.6535
L1066R.pdb_C	99	-13.8141	-14.2645	-6.32291
A1091M.pdb_C	106	-10.9438	-14.2898	-8.12169
P78R.pdb_A	114	-10.6065	-7.16479	-24.1512
K76C.pdb_A	121	-10.5974	-7.18457	-24.2924
E1034M.pdb_C	134	-10.7592	-14.3178	-6.97593
E49L.pdb_A	157	-10.9085	-7.22707	-25.0494
N98E.pdb_A	171	-11.0681	-7.22355	-25.4911
N124E.pdb_A	179	-11.0562	-7.20845	-26.6321
A21E.pdb_A	188	-11.7727	-6.8953	-25.6728
S1062A.pdb_C	202	-11.5365	-14.5132	-6.84804
P46I.pdb_A	209	-11.6614	-6.45515	-25.123
M36I.pdb_A	215	-11.5697	-6.70088	-24.5987
S142Q.pdb_A	223	-10.7993	-6.50439	-25.0228
L149E.pdb_A	233	-10.7925	-6.50131	-24.571
L1048I.pdb_C	242	-10.7757	-14.5119	-6.46988
Y61L.pdb_A	252	-10.7564	-6.55605	-25.2745
L79Y.pdb_A	261	-10.7122	-6.53065	-27.9541
G139S.pdb_A	267	-10.7089	-6.53318	-28.6604
N52M.pdb_A	275	-10.6659	-6.53389	-29.4141
I60S.pdb_A	282	-10.6726	-6.54234	-24.1071
Y1080I.pdb_C	301	-10.6766	-14.4107	-6.5489
N1093F.pdb_C	318	-11.2442	-13.9329	-7.86463
D37E.pdb_A	331	-10.8537	-6.94396	-25.3689
S19L.pdb_A	339	-11.6874	-6.94878	-26.0846
F1093Q.pdb_C	355	-11.118	-12.0156	-7.50974
N66E.pdb_A	363	-11.4182	-7.08339	-26.7619
N1095P.pdb_C	370	-11.383	-12.0171	-7.70898
K137A.pdb_A	387	-11.38	-7.14289	-24.8754
I1089M.pdb_C	402	-11.3658	-11.7523	-6.40077
E1027I.pdb_C	417	-11.5675	-12.237	-8.13963
H115N.pdb_A	425	-11.1222	-7.45115	-24.7288
Y1067F.pdb_C	433	-11.595	-12.322	-10.5114
K48Q.pdb_A	441	-11.3493	-5.9612	-25.1255
H134I.pdb_A	452	-11.3566	-5.92669	-26.672
E21Y.pdb_A	470	-10.9363	-5.89746	-24.2732
A1046W.pdb_C	481	-10.9512	-12.5373	-6.99611
C144L.pdb_A	496	-10.9185	-5.83225	-25.8582
S1033I.pdb_C	505	-10.8885	-12.7044	-7.64433
W1082S.pdb_C	512	-11.1137	-12.6307	-8.60795
D1085I.pdb_C	545	-12.4838	-14.3888	-6.14213
E19S.pdb_A	561	-11.3655	-5.5359	-24.1044
C138L.pdb_A	572	-11.8728	-5.61447	-27.5727
G44S.pdb_A	577	-10.6528	-5.05255	-27.6938
L107W.pdb_A	585	-10.9361	-5.90258	-24.2784
D32G.pdb_A	597	-11.0021	-5.94555	-23.4806
H63Q.pdb_A	609	-11.0346	-6.1123	-23.6422
E1050L.pdb_C	622	-11.0634	-14.4867	-6.69693
G71M.pdb_A	629	-11.0826	-6.17399	-25.4853
S35C.pdb_A	634	-11.0523	-6.14528	-24.6457
P131M.pdb_A	640	-11.0453	-6.1958	-26.2118
D102I.pdb_A	650	-11.0453	-6.19601	-25.8405
T42H.pdb_A	658	-10.8038	-6.2181	-24.9713
E99C.pdb_A	674	-10.9028	-6.28814	-24.1612
L94V.pdb_A	684	-10.9163	-6.28809	-23.2226
H7F.pdb_A	693	-10.9875	-6.53099	-24.6772
H6W.pdb_A	701	-10.9881	-6.53321	-24.4715
F1044H.pdb_C	710	-10.9279	-14.3469	-8.92317
A99C.pdb_A	731	-10.7291	-6.203	-23.585
K74M.pdb_A	743	-10.7359	-6.203	-23.8764
H30P.pdb_A	751	-10.6324	-5.72081	-24.1793
L98V.pdb_A	766	-11.0996	-5.72315	-23.5034
H89D.pdb_A	777	-11.2627	-5.71009	-23.468
A25T.pdb_A	792	-11.4046	-5.83545	-23.6449
M74W.pdb_A	803	-10.8274	-7.16603	-23.5896
K1025M.pdb_C	816	-10.6512	-12.8389	-8.31493
M10W.pdb_A	825	-10.6937	-7.20821	-24.6588
N125F.pdb_A	835	-10.6928	-7.12786	-26.1067
H95E.pdb_A	843	-10.6969	-7.48724	-24.019
I54H.pdb_A	851	-10.8797	-7.61102	-24.6201
M1036W.pdb_C	858	-11.0572	-12.5034	-6.88761
W1036F.pdb_C	871	-10.815	-12.1759	-7.75299
H44D.pdb_A	877	-10.8044	-4.12727	-27.7112
V94L.pdb_A	890	-10.7859	-4.11343	-24.3908
Y1032K.pdb_C	907	-11.5621	-10.8618	-8.46889
Q63A.pdb_A	921	-11.976	-3.89428	-24.3403
A1094D.pdb_C	933	-11.8502	-10.7114	-6.68447
Y59P.pdb_A	941	-11.0643	-3.45863	-25.6825
K14F.pdb_A	951	-10.8	-3.00957	-24.7413
G49Q.pdb_A	961	-10.8022	-3.01268	-25.0767
I1071A.pdb_C	969	-10.8107	-10.6191	-5.91915
W121V.pdb_A	978	-10.8575	-2.88977	-24.2988
K35Y.pdb_A	991	-10.904	-2.96248	-25.0044
