name	count	evolved_interaction	ancestral_interaction	stability
P88E.pdb_A	1	-10.4946	-10.5196	-24.7145
R1047W.pdb_C	11	-10.3562	-10.4007	-10.1552
F1036N.pdb_C	23	-10.3696	-10.4968	-9.01685
S122C.pdb_A	41	-10.6509	-10.5266	-24.6856
A129L.pdb_A	50	-10.4183	-10.1471	-25.5416
P125E.pdb_A	61	-11.0428	-10.5098	-25.1365
C102Y.pdb_A	75	-10.5937	-9.9816	-25.5566
Y58M.pdb_A	87	-10.703	-9.99329	-24.724
K48Q.pdb_A	100	-10.4655	-9.77248	-24.8712
V1094C.pdb_C	108	-10.4771	-10.6789	-7.3995
P46T.pdb_A	123	-10.4857	-9.80598	-23.9478
R139Y.pdb_A	131	-10.4409	-9.80053	-25.3281
K141R.pdb_A	361	-10.4818	-9.7818	-24.7162
V156A.pdb_A	377	-10.5704	-9.93404	-28.3103
D118L.pdb_A	385	-10.563	-9.94987	-27.9266
S3R.pdb_A	393	-10.5716	-9.97048	-27.5633
L132I.pdb_A	407	-11.193	-10.1498	-25.3402
T1077H.pdb_C	419	-11.1618	-10.2958	-6.03532
N1036E.pdb_C	428	-10.7279	-10.0385	-6.45025
E1034R.pdb_C	439	-10.9234	-10.2534	-6.08651
K1027Y.pdb_C	460	-10.7376	-10.1826	-7.44405
R1055L.pdb_C	473	-10.6082	-10.0119	-9.73586
Q10S.pdb_A	482	-10.517	-9.99666	-25.6203
I147Q.pdb_A	492	-10.4714	-9.99666	-25.1514
W1042R.pdb_C	511	-10.4334	-9.85078	-7.61802
S95Y.pdb_A	521	-10.5724	-10.0586	-26.9671
T46P.pdb_A	532	-10.4681	-9.87665	-27.8702
C88T.pdb_A	545	-10.4732	-9.69155	-25.0269
Q151V.pdb_A	556	-10.6018	-9.60931	-26.0583
D121W.pdb_A	562	-10.5757	-9.60351	-26.0944
S127H.pdb_A	568	-11.2335	-10.276	-26.3976
R142F.pdb_A	575	-11.1904	-10.2256	-26.2319
A54D.pdb_A	581	-11.0142	-10.2295	-24.4597
E125A.pdb_A	589	-11.0247	-10.2307	-25.1933
I1049L.pdb_C	597	-11.0442	-10.0787	-7.9764
P124W.pdb_A	603	-11.0615	-10.5034	-30.8192
F136N.pdb_A	610	-10.9602	-10.5039	-33.3517
D126F.pdb_A	617	-11.0231	-11.0701	-29.916
Y155W.pdb_A	624	-11.0162	-11.0885	-24.2787
M1060W.pdb_C	635	-10.5135	-10.6538	-5.81859
S101Q.pdb_A	642	-10.644	-11.0584	-25.8282
I1094R.pdb_C	656	-10.8891	-10.4956	-6.42256
I1089F.pdb_C	662	-10.791	-10.4169	-6.58732
K40L.pdb_A	680	-10.888	-11.0252	-25.1136
V11S.pdb_A	686	-10.9923	-11.1488	-24.3879
Q51N.pdb_A	702	-11.0002	-11.1331	-24.6786
C32A.pdb_A	713	-10.9593	-11.012	-24.797
H88I.pdb_A	734	-10.9686	-11.012	-25.1056
I88K.pdb_A	745	-10.9327	-11.0123	-27.5194
W1095L.pdb_C	751	-10.5719	-10.5441	-6.49128
W154I.pdb_A	761	-10.6158	-10.3937	-25.1449
K63F.pdb_A	770	-10.6906	-10.4465	-25.1189
F63V.pdb_A	777	-10.7662	-10.1461	-26.4986
A66Q.pdb_A	794	-10.7715	-10.3831	-24.1203
N30W.pdb_A	801	-10.8326	-10.5527	-25.0015
V62M.pdb_A	811	-10.5955	-10.5429	-24.9019
T1043Y.pdb_C	823	-10.559	-10.4038	-7.73486
E71G.pdb_A	831	-10.5874	-10.4943	-25.6315
H4T.pdb_A	843	-10.7952	-10.6603	-25.8374
M62I.pdb_A	855	-10.8633	-10.6009	-24.3219
D1082M.pdb_C	867	-10.5653	-9.66736	-8.74657
Q147V.pdb_A	881	-10.5554	-10.9621	-25.5976
D59Y.pdb_A	888	-10.6332	-11.0524	-24.7176
P48E.pdb_A	901	-10.5583	-10.9126	-25.9385
C98A.pdb_A	908	-10.5728	-10.9319	-24.5771
M1051T.pdb_C	917	-10.6311	-9.65746	-8.26583
P21A.pdb_A	924	-10.7422	-11.0845	-24.8226
D115L.pdb_A	936	-10.686	-11.0185	-24.7939
L1081Y.pdb_C	943	-10.8063	-9.53977	-6.95397
Q57K.pdb_A	956	-11.2137	-11.2163	-26.8865
I132C.pdb_A	961	-11.6268	-11.2157	-25.4097
L121V.pdb_A	975	-10.6283	-11.1948	-26.3145
A76Q.pdb_A	985	-10.6976	-11.2894	-28.6278
R1034H.pdb_C	992	-11.0774	-9.05504	-9.10576
W145Q.pdb_A	998	-11.3927	-12.0257	-27.1278
