name	count	evolved_interaction	ancestral_interaction	stability
I96S.pdb_A	1	-10.4947	-10.5197	-22.8863
P108N.pdb_A	21	-10.5196	-10.5481	-24.5608
K74C.pdb_A	29	-10.5414	-10.5022	-24.5403
N108S.pdb_A	38	-10.5814	-10.497	-24.3363
S108C.pdb_A	50	-10.7774	-10.7169	-24.3899
F24K.pdb_A	55	-10.9265	-10.8969	-24.6768
V113L.pdb_A	64	-10.8204	-10.8811	-28.2502
S3W.pdb_A	71	-10.8661	-10.9102	-25.4667
N98V.pdb_A	78	-10.9058	-10.9259	-26.331
Y82H.pdb_A	89	-10.7689	-10.8126	-24.6693
P88W.pdb_A	109	-10.7654	-10.9151	-24.6263
G50K.pdb_A	118	-10.6919	-10.7785	-24.907
I1060Y.pdb_C	125	-10.7523	-10.4317	-9.27224
R106I.pdb_A	141	-10.8926	-10.8829	-23.918
I1035H.pdb_C	153	-11.3446	-10.9365	-6.06759
N1025L.pdb_C	164	-11.3912	-10.9583	-7.78264
M1060W.pdb_C	173	-11.0996	-10.6402	-7.37244
P128N.pdb_A	180	-11.0714	-9.93775	-24.2272
N128G.pdb_A	189	-10.9448	-9.89901	-21.8848
S70Q.pdb_A	198	-11.827	-11.4683	-25.426
D1094Y.pdb_C	204	-12.0026	-10.5477	-8.28579
M4R.pdb_A	213	-11.2589	-11.0303	-24.2391
Q1062W.pdb_C	223	-11.1955	-8.75778	-8.60811
G128N.pdb_A	235	-11.0397	-10.7529	-25.459
W107K.pdb_A	245	-10.9125	-10.6507	-25.3266
H1071E.pdb_C	255	-10.7654	-11.2494	-7.56023
I1095M.pdb_C	266	-10.9493	-11.4148	-8.42722
K40Q.pdb_A	277	-10.5812	-10.8291	-23.946
G66F.pdb_A	297	-10.578	-10.8244	-24.5751
L1045C.pdb_C	307	-10.8854	-8.90375	-6.21129
V61M.pdb_A	321	-10.8902	-11.0474	-24.1998
R38Y.pdb_A	335	-10.8948	-11.0061	-26.4492
G19R.pdb_A	343	-10.7445	-10.7823	-25.6161
T51V.pdb_A	350	-10.7745	-10.7884	-24.0244
I1059H.pdb_C	363	-11.327	-9.32235	-9.82494
N93F.pdb_A	373	-11.3313	-10.7334	-26.2436
L97Q.pdb_A	380	-11.2985	-10.1319	-24.1891
E1079Y.pdb_C	389	-11.0418	-10.7121	-7.33497
E61C.pdb_A	394	-11.1171	-9.6831	-25.3671
A1055E.pdb_C	408	-11.0985	-10.8091	-7.46939
F1037W.pdb_C	419	-11.1159	-10.843	-6.16657
D118S.pdb_A	433	-11.1208	-9.66753	-25.7379
S29G.pdb_A	439	-11.0195	-10.0469	-25.5017
N99S.pdb_A	446	-11.0284	-10.009	-23.9902
D74E.pdb_A	458	-10.9885	-10.0818	-24.4903
E11N.pdb_A	472	-11.013	-10.0905	-24.0783
Y25F.pdb_A	481	-10.9565	-10.0094	-24.5116
A24Q.pdb_A	495	-11.2136	-9.96802	-26.3897
G153S.pdb_A	501	-11.6283	-9.81621	-25.4223
N149K.pdb_A	511	-11.7221	-11.0431	-23.1191
L94Q.pdb_A	520	-11.3339	-11.0952	-23.3015
E1034I.pdb_C	532	-11.3642	-9.26419	-7.15186
M15G.pdb_A	539	-11.0178	-10.0571	-24.2284
I82M.pdb_A	562	-11.2675	-9.98105	-26.058
Q94V.pdb_A	580	-11.3998	-9.98128	-27.2689
W14M.pdb_A	597	-11.4835	-9.71378	-24.3668
V98M.pdb_A	604	-12.7725	-11.6007	-27.1899
Q40F.pdb_A	619	-11.2527	-11.4293	-23.9982
C1041V.pdb_C	636	-11.1695	-7.67581	-7.61587
R1084E.pdb_C	658	-12.1641	-8.44299	-5.94237
P109F.pdb_A	679	-12.0677	-11.297	-24.139
K1054E.pdb_C	696	-12.3599	-8.6651	-6.13719
S118K.pdb_A	708	-12.2594	-11.0569	-26.5145
Y124D.pdb_A	715	-12.1858	-11.1294	-24.7521
L1051F.pdb_C	732	-13.225	-9.28126	-5.90828
W37L.pdb_A	740	-13.2262	-11.2278	-25.2865
H102M.pdb_A	753	-12.9444	-11.0495	-25.5005
F149R.pdb_A	759	-13.1022	-11.2565	-26.0601
Y1047Q.pdb_C	766	-13.1437	-9.44403	-6.24414
V1082A.pdb_C	780	-10.8796	-9.82081	-7.60331
L1060Y.pdb_C	787	-10.8694	-9.86518	-8.77907
V1028I.pdb_C	792	-10.8769	-9.7978	-8.70802
D1062K.pdb_C	802	-10.8565	-9.82506	-6.51275
F66K.pdb_A	827	-11.2539	-9.4037	-23.6913
M1045L.pdb_C	841	-11.4305	-9.80241	-8.9439
C146L.pdb_A	852	-11.2686	-8.91047	-26.4895
Q151I.pdb_A	864	-11.2712	-8.8607	-25.4373
I1026V.pdb_C	879	-10.9463	-9.45159	-11.5638
F48T.pdb_A	888	-10.8919	-8.85544	-24.213
E1042G.pdb_C	899	-10.8398	-6.91083	-8.97916
K154E.pdb_A	922	-10.8247	-8.87599	-24.0908
K1062D.pdb_C	935	-10.8556	-6.97685	-5.78504
G124Y.pdb_A	954	-10.864	-9.07792	-27.6107
Q1047M.pdb_C	970	-10.8517	-7.023	-5.83386
T19S.pdb_A	979	-11.7623	-11.4836	-25.7208
A52L.pdb_A	999	-11.7802	-11.4344	-23.9726
