name	count	evolved_interaction	ancestral_interaction	stability
K76T.pdb_A	1	-10.4768	-10.5007	-26.1809
D118K.pdb_A	6	-10.4528	-10.4687	-30.849
L1066I.pdb_C	17	-10.5856	-10.6445	-9.47621
I1088T.pdb_C	28	-10.5237	-10.6863	-7.15699
K118I.pdb_A	34	-10.5825	-10.5089	-25.1735
I1024K.pdb_C	41	-10.5584	-10.5418	-8.07929
E99N.pdb_A	48	-10.5564	-10.5625	-26.4629
V113L.pdb_A	55	-10.4977	-10.5235	-27.9178
N140Q.pdb_A	61	-10.4853	-10.5449	-26.1656
Y68L.pdb_A	70	-10.4538	-10.5462	-24.8239
Q117E.pdb_A	80	-10.5824	-10.251	-23.9321
D121V.pdb_A	92	-10.6074	-10.2919	-24.9768
D1080P.pdb_C	103	-10.5814	-10.7891	-9.09529
V1077Q.pdb_C	112	-12.3927	-12.5446	-10.0474
S156K.pdb_A	117	-12.211	-10.1651	-24.289
K31N.pdb_A	143	-10.8016	-10.1066	-24.1413
W1085L.pdb_C	165	-10.8105	-11.0995	-7.25954
C5T.pdb_A	171	-10.8159	-10.0979	-27.0433
C93F.pdb_A	181	-10.8159	-10.0985	-26.6562
T1039A.pdb_C	187	-10.5313	-10.7853	-7.42671
Q143N.pdb_A	203	-10.4185	-9.97536	-24.0796
M119F.pdb_A	228	-10.4863	-10.0619	-25.1754
K147C.pdb_A	256	-10.4895	-10.0342	-23.9858
A79S.pdb_A	283	-10.5017	-10.0352	-24.3981
K156M.pdb_A	297	-10.8822	-10.0763	-24.4889
E1038I.pdb_C	306	-11.2238	-10.8561	-6.2365
G44P.pdb_A	320	-11.7644	-11.4288	-24.4162
K74M.pdb_A	337	-11.7899	-11.3128	-25.2633
A1051G.pdb_C	358	-11.8763	-10.6263	-6.33148
K1063W.pdb_C	369	-12.005	-10.5196	-6.53827
Q140F.pdb_A	378	-11.9879	-11.4451	-24.4667
A106T.pdb_A	394	-11.8429	-11.2853	-24.5111
C134V.pdb_A	406	-11.7885	-11.225	-25.2536
I70W.pdb_A	412	-11.7929	-11.2128	-25.1925
N1053S.pdb_C	420	-11.8788	-10.248	-7.9043
G1023D.pdb_C	426	-11.5971	-9.86377	-6.85297
A101W.pdb_A	436	-11.5354	-11.4982	-27.6969
T76N.pdb_A	444	-11.3478	-11.5632	-24.197
E49P.pdb_A	466	-11.2482	-11.6197	-25.1399
M87P.pdb_A	472	-11.2798	-11.5773	-24.6866
R1046V.pdb_C	488	-11.2123	-9.55457	-6.15732
I122L.pdb_A	508	-11.4442	-11.049	-25.3287
E1094G.pdb_C	516	-11.1183	-9.78517	-7.38918
N143K.pdb_A	537	-11.2505	-11.2053	-25.9322
N1085P.pdb_C	552	-11.4246	-10.1949	-6.654
I124F.pdb_A	571	-11.0244	-11.1979	-27.1238
L10I.pdb_A	579	-10.754	-11.7403	-25.0707
N125V.pdb_A	588	-11.456	-11.9824	-27.344
H46L.pdb_A	598	-11.9176	-11.637	-24.9631
F111D.pdb_A	604	-11.939	-11.6734	-23.7681
Y1037H.pdb_C	620	-10.9418	-9.52843	-6.45711
M61I.pdb_A	626	-10.9262	-12.0606	-26.0141
T1042V.pdb_C	631	-10.8153	-9.49705	-5.95006
I1038K.pdb_C	653	-10.6778	-9.53571	-6.44992
V134N.pdb_A	677	-11.0064	-11.1314	-23.8031
W144M.pdb_A	699	-11.03	-11.1345	-23.1137
I1035K.pdb_C	707	-11.0296	-8.98556	-8.57978
V1042K.pdb_C	730	-11.0466	-8.9457	-10.8752
S1024L.pdb_C	745	-10.6207	-8.78431	-10.9421
G1064V.pdb_C	752	-10.6137	-9.01216	-10.2131
D4K.pdb_A	760	-10.824	-11.0849	-24.8793
D1073S.pdb_C	766	-10.4132	-9.08491	-6.17315
M74R.pdb_A	775	-10.4113	-11.1599	-23.1199
Q1041C.pdb_C	788	-10.3975	-9.1431	-7.99027
E117V.pdb_A	800	-10.7214	-11.0016	-23.1981
E153I.pdb_A	815	-10.7286	-11.1586	-25.246
H89V.pdb_A	821	-10.8688	-11.7612	-25.3414
L1024C.pdb_C	829	-10.786	-8.85773	-6.5207
I107H.pdb_A	835	-10.7519	-11.8151	-24.6606
F121Y.pdb_A	843	-10.5436	-11.6068	-23.8705
A1050M.pdb_C	859	-10.607	-8.81068	-7.36259
I1061H.pdb_C	879	-10.5964	-8.82239	-5.98833
V117A.pdb_A	887	-10.5643	-11.3408	-26.3963
I1044F.pdb_C	904	-10.5414	-8.93335	-5.72302
H1061A.pdb_C	911	-10.541	-8.94622	-5.97766
L1045M.pdb_C	920	-10.5244	-8.79267	-5.80388
R134N.pdb_A	928	-10.5377	-11.3949	-26.6142
R135C.pdb_A	936	-10.5307	-11.3257	-25.0997
N134V.pdb_A	942	-10.5496	-11.3071	-26.3006
F88G.pdb_A	952	-10.7844	-11.3015	-23.6355
D1031M.pdb_C	964	-11.5992	-9.87708	-7.52734
F1032G.pdb_C	975	-11.7423	-9.93112	-6.63014
C122Q.pdb_A	996	-11.6364	-11.3315	-24.483
