name	count	evolved_interaction	ancestral_interaction	stability
L1066G.pdb_C	1	-10.4266	-10.312	-5.71332
H83T.pdb_A	6	-10.4601	-10.4882	-24.8971
D37Y.pdb_A	20	-10.4252	-10.4892	-26.2301
E42K.pdb_A	37	-10.5712	-10.6319	-24.3493
R1046A.pdb_C	50	-10.636	-10.4485	-7.40915
N52Y.pdb_A	57	-10.6351	-10.6679	-24.0131
D1075K.pdb_C	72	-10.542	-10.3928	-6.17423
I112K.pdb_A	85	-10.587	-10.7037	-24.8922
L147E.pdb_A	95	-10.9137	-10.6956	-23.9746
K63W.pdb_A	111	-10.8905	-10.6757	-25.5925
S89R.pdb_A	117	-10.889	-10.7198	-25.0444
Q1095S.pdb_C	124	-10.626	-10.6822	-7.60081
E143Y.pdb_A	137	-10.643	-10.4463	-26.2564
E67C.pdb_A	153	-11.52	-11.5913	-24.7797
C93H.pdb_A	175	-11.5218	-11.618	-24.3398
Q104R.pdb_A	192	-11.453	-11.7385	-24.8704
Q39N.pdb_A	202	-11.2144	-11.8711	-23.8712
W1060E.pdb_C	215	-10.6096	-9.61769	-8.59858
L94I.pdb_A	233	-10.6216	-11.946	-24.8925
E131A.pdb_A	250	-10.6267	-11.9603	-23.7477
Q1073K.pdb_C	272	-10.8426	-9.91942	-6.90678
D1080C.pdb_C	279	-10.7944	-9.72449	-6.94254
M1056F.pdb_C	296	-10.8302	-9.8259	-7.79139
N98Q.pdb_A	310	-10.8274	-11.744	-25.6109
M107I.pdb_A	316	-10.7935	-11.7401	-25.2208
Y37T.pdb_A	321	-10.8103	-11.7012	-24.3701
D1095G.pdb_C	332	-11.3269	-10.9171	-7.39389
D145S.pdb_A	344	-11.3166	-11.6022	-26.1914
S3K.pdb_A	358	-10.8377	-11.625	-24.1834
H93W.pdb_A	371	-10.54	-11.4832	-24.9986
K27I.pdb_A	380	-10.4973	-11.4973	-25.1697
E1094R.pdb_C	390	-10.6743	-10.4409	-8.98269
M1083I.pdb_C	399	-10.6688	-10.0569	-8.2803
Q7A.pdb_A	409	-10.7227	-11.4603	-25.3165
Q46W.pdb_A	418	-10.7651	-11.5163	-24.9336
D1047M.pdb_C	429	-10.7962	-10.6017	-7.38573
Y146I.pdb_A	438	-10.8119	-11.653	-24.3558
C1080L.pdb_C	446	-10.7975	-10.3567	-9.01501
Q101Y.pdb_A	457	-10.7879	-11.766	-24.8151
S57R.pdb_A	472	-11.8044	-12.9089	-24.6168
K1027R.pdb_C	481	-11.5645	-9.95813	-7.76975
M1047L.pdb_C	488	-10.6856	-10.0373	-8.55461
K1030D.pdb_C	500	-10.6821	-10.015	-8.8249
Y108V.pdb_A	510	-10.7837	-11.7142	-24.0638
N126W.pdb_A	527	-10.7391	-11.7139	-24.1082
C87M.pdb_A	538	-10.4084	-11.9286	-26.9705
Y122V.pdb_A	546	-10.4309	-11.8994	-23.6417
A26R.pdb_A	556	-11.3398	-12.0061	-23.5251
R1095C.pdb_C	566	-10.9016	-8.82332	-7.70009
K71M.pdb_A	582	-10.9253	-12.1066	-24.2418
Q111F.pdb_A	594	-10.9271	-12.1066	-25.0752
F140S.pdb_A	601	-11.8193	-12.0713	-23.8897
M1042G.pdb_C	609	-11.8144	-9.15177	-6.44487
A44R.pdb_A	625	-12.0028	-11.8271	-28.248
I27R.pdb_A	631	-12.0259	-12.2833	-29.6599
A1023Y.pdb_C	637	-11.8157	-9.0741	-6.17393
V62N.pdb_A	643	-11.7963	-11.9513	-24.2179
N82L.pdb_A	662	-11.9031	-11.9504	-26.7233
M1091A.pdb_C	672	-11.9343	-9.02131	-8.47001
Y1067I.pdb_C	678	-10.6427	-7.94652	-8.34635
S145E.pdb_A	691	-10.5424	-11.8932	-24.4646
L1052G.pdb_C	701	-10.5705	-8.14996	-7.433
P1036M.pdb_C	710	-10.5716	-8.24972	-6.61917
Y52N.pdb_A	730	-10.6782	-11.6716	-24.436
M70F.pdb_A	740	-10.5746	-11.6715	-25.04
K112M.pdb_A	748	-10.7051	-11.7393	-28.1544
D1042L.pdb_C	755	-10.6851	-8.08192	-7.48279
A131Y.pdb_A	767	-10.691	-11.5196	-26.6988
T137S.pdb_A	780	-10.6117	-11.4814	-24.0683
E89S.pdb_A	795	-10.6067	-11.6322	-25.9462
A1077M.pdb_C	813	-10.5874	-8.22791	-7.32914
V86I.pdb_A	821	-10.3832	-11.6045	-24.0198
D32H.pdb_A	845	-10.3606	-11.5769	-25.1672
W1076I.pdb_C	858	-10.376	-8.10599	-6.92189
R1023C.pdb_C	869	-10.4793	-8.08827	-6.33051
F38W.pdb_A	877	-10.6863	-12.1072	-24.1372
L118M.pdb_A	887	-10.6739	-12.1072	-25.3439
H108Y.pdb_A	892	-10.6697	-12.1023	-24.1219
P39E.pdb_A	906	-10.8552	-12.1802	-24.6131
F111K.pdb_A	923	-10.7647	-12.587	-24.214
R1064M.pdb_C	948	-10.7801	-8.04983	-6.96429
E115H.pdb_A	955	-10.8329	-12.6936	-26.1561
I1072M.pdb_C	964	-10.6982	-8.0111	-7.39289
K52N.pdb_A	980	-10.4843	-12.8183	-24.2733
