name	count	identity	evolved_interaction	ancestral_interaction	stability
S1032G_C	1	0.986301369863	-10.5433	-10.4093	-7.6873
I1024V_C	12	0.945205479452	-10.5388	-10.5438	-6.96948
S70K_A	25	0.961038961039	-10.5331	-10.4853	-26.5649
T61V_A	35	0.935064935065	-10.8498	-10.5196	-26.9982
D145L_A	44	0.915584415584	-10.8742	-10.5074	-25.4795
T1046C_C	50	0.904109589041	-10.8115	-10.8583	-10.4708
L1045C_C	56	0.890410958904	-10.8257	-10.8446	-7.76023
L6I_A	65	0.863636363636	-11.3073	-10.8318	-25.342
Q154Y_A	80	0.850649350649	-11.4109	-10.9395	-24.9928
K146V_A	86	0.831168831169	-11.1205	-10.6504	-26.0664
A1053S_C	102	0.835616438356	-11.1401	-10.9547	-5.94437
D1061L_C	117	0.808219178082	-11.2214	-10.967	-6.63111
W94Y_A	124	0.798701298701	-11.1099	-10.5974	-23.9866
I107M_A	132	0.772727272727	-11.1084	-10.6033	-24.5598
Q128S_A	149	0.766233766234	-11.0585	-10.6038	-23.861
D118W_A	171	0.746753246753	-11.1771	-10.356	-27.4243
T1077G_C	179	0.767123287671	-10.9909	-11.321	-7.05235
S89A_A	185	0.720779220779	-10.573	-10.1222	-23.6968
Q1073E_C	196	0.753424657534	-11.525	-11.7075	-6.62434
P21I_A	203	0.701298701299	-11.9684	-10.7281	-24.3911
I6A_A	213	0.694805194805	-11.8198	-10.966	-24.4006
K153N_A	225	0.681818181818	-11.821	-10.8738	-24.9797
G1057K_C	234	0.684931506849	-11.7245	-11.4084	-7.95903
Q154E_A	264	0.668831168831	-11.7319	-10.8865	-25.761
M138W_A	277	0.662337662338	-11.7972	-10.9779	-23.9227
E143I_A	303	0.642857142857	-11.7977	-11.1021	-27.2065
T51E_A	310	0.62987012987	-11.7278	-11.0686	-23.5385
H6Q_A	326	0.623376623377	-11.7301	-11.0826	-24.1749
R1055L_C	345	0.602739726027	-11.7268	-11.3763	-6.30221
E42N_A	354	0.61038961039	-11.4984	-11.189	-24.4007
Q1056G_C	363	0.561643835616	-11.3229	-10.9984	-5.98988
G44H_A	379	0.571428571429	-11.9085	-11.8182	-24.7033
H79P_A	393	0.571428571429	-12.2961	-11.7765	-27.7084
L154M_A	411	0.558441558442	-11.9538	-11.699	-24.7073
N113G_A	421	0.558441558442	-12.1234	-11.8867	-26.5981
A106V_A	431	0.532467532468	-12.1233	-11.8485	-25.1202
I60A_A	442	0.525974025974	-12.3219	-11.8923	-24.3726
Q6Y_A	451	0.512987012987	-12.3131	-11.8918	-24.3436
W32M_A	460	0.506493506494	-10.5927	-9.40838	-24.2384
S146L_A	469	0.506493506494	-10.9338	-9.48278	-26.9347
M151K_A	477	0.506493506494	-11.4823	-7.77145	-24.9816
F87R_A	485	0.5	-11.3888	-9.61263	-26.7709
L114N_A	496	0.487012987013	-10.877	-9.63631	-23.851
E57F_A	532	0.474025974026	-11.1671	-10.1483	-25.2168
M32S_A	537	0.480519480519	-11.2457	-10.0926	-24.9444
E131Y_A	544	0.480519480519	-11.165	-10.1285	-26.7509
Y94L_A	556	0.480519480519	-11.1389	-10.0906	-26.328
A1091C_C	563	0.479452054795	-10.9784	-10.9154	-7.65381
M65F_A	573	0.467532467532	-12.2559	-10.4177	-25.8182
A43C_A	580	0.454545454545	-12.0722	-10.4265	-26.273
Y1067F_C	595	0.452054794521	-12.0193	-10.8203	-7.59591
F70D_A	604	0.448051948052	-12.2582	-10.3629	-24.3361
L1048M_C	619	0.424657534247	-12.1483	-11.0371	-6.47518
Q74W_A	637	0.441558441558	-12.1596	-10.2997	-27.126
D121H_A	642	0.428571428571	-12.1806	-10.3958	-25.5988
P32E_A	649	0.435064935065	-12.1783	-10.3958	-26.4726
W1031A_C	661	0.41095890411	-11.9639	-10.5603	-8.25321
V63I_A	669	0.428571428571	-12.0314	-10.8218	-25.9837
L146V_A	674	0.422077922078	-12.0339	-10.8013	-25.3234
L111R_A	687	0.415584415584	-12.317	-10.6811	-24.607
P1077A_C	695	0.383561643836	-12.2957	-10.5966	-6.01658
R87H_A	719	0.415584415584	-10.9731	-10.7902	-24.2312
T143F_A	728	0.415584415584	-10.938	-10.6829	-25.0027
A1035S_C	747	0.342465753425	-10.9564	-11.493	-5.70462
K1076F_C	778	0.328767123288	-10.9713	-11.4695	-6.48913
N66K_A	792	0.402597402597	-11.2927	-10.6397	-25.2507
F1070R_C	804	0.315068493151	-11.0083	-10.3171	-6.03354
H1095T_C	816	0.315068493151	-10.9862	-9.80115	-6.69496
E125M_A	826	0.402597402597	-10.9637	-10.6033	-24.1457
K71Y_A	836	0.38961038961	-10.9811	-10.6029	-24.9389
F57Y_A	849	0.396103896104	-11.3327	-10.6247	-25.9561
M51G_A	858	0.38961038961	-11.3369	-10.598	-25.6337
K66Q_A	866	0.38961038961	-11.1981	-10.598	-24.453
M1040D_C	874	0.315068493151	-11.0275	-9.60396	-7.16263
M1047F_C	879	0.315068493151	-11.1214	-9.688	-6.49679
Q33E_A	887	0.383116883117	-10.6403	-9.88133	-25.0803
Y71C_A	905	0.383116883117	-11.132	-9.76506	-24.6429
Q131D_A	925	0.383116883117	-10.4305	-9.75338	-24.2187
E70Y_A	934	0.383116883117	-10.5198	-10.0528	-23.96
I1093K_C	960	0.301369863014	-10.5812	-8.47809	-6.48536
R1064I_C	979	0.287671232877	-10.4144	-8.41503	-7.67568
L142A_A	995	0.383116883117	-10.9683	-10.2591	-24.214
