name	count	identity	evolved_interaction	ancestral_interaction	stability
Y82V_A	1	0.993506493506	-10.4946	-10.5197	-24.9581
L1066I_C	11	0.945205479452	-10.5878	-10.4838	-10.4556
R1071W_C	16	0.917808219178	-10.5624	-10.4402	-6.96357
K1038D_C	23	0.890410958904	-10.5923	-10.4798	-6.27525
G44L_A	29	0.915584415584	-10.3951	-10.2723	-24.7471
I1024F_C	41	0.86301369863	-10.5974	-10.4683	-6.93895
R1047W_C	53	0.835616438356	-10.5462	-10.8895	-10.4092
H31D_A	60	0.863636363636	-10.7229	-10.8224	-25.5203
T1042F_C	74	0.780821917808	-10.9553	-11.1188	-6.75551
I1072M_C	90	0.753424657534	-10.9555	-11.1192	-6.99147
Q117V_A	95	0.844155844156	-11.215	-10.8722	-25.1981
L150A_A	110	0.824675324675	-10.3966	-10.8608	-24.8238
W1071Q_C	121	0.739726027397	-10.4212	-10.6242	-6.64623
L1063Y_C	127	0.712328767123	-12.1448	-11.9554	-7.67281
E131R_A	132	0.779220779221	-11.0574	-10.6611	-24.3125
V75A_A	140	0.753246753247	-11.1401	-10.6469	-24.2811
P128T_A	150	0.74025974026	-10.9882	-9.22131	-22.7109
K1041C_C	164	0.643835616438	-11.364	-11.0105	-7.38999
I1058Y_C	169	0.630136986301	-11.3129	-10.9569	-7.35374
W48M_A	181	0.720779220779	-11.6525	-11.0273	-25.114
Q155C_A	187	0.707792207792	-11.639	-11.0011	-24.7321
W94V_A	203	0.694805194805	-12.1084	-11.4289	-27.4308
K1054A_C	210	0.58904109589	-11.8395	-11.4196	-6.44405
N52F_A	230	0.675324675325	-11.2123	-10.3735	-24.0898
N1025E_C	237	0.547945205479	-11.3798	-12.1794	-6.80178
Q1046Y_C	246	0.547945205479	-11.3671	-12.3818	-7.34914
T36Y_A	256	0.62987012987	-11.2507	-10.1766	-26.3213
N137F_A	267	0.636363636364	-11.1891	-10.1832	-26.0376
L149M_A	273	0.616883116883	-11.2481	-10.1774	-26.2967
F11D_A	280	0.61038961039	-11.2195	-10.1266	-24.3627
I67N_A	288	0.603896103896	-10.8489	-9.71488	-25.2425
Q1056L_C	297	0.479452054795	-10.7119	-11.5354	-12.9275
E12L_A	307	0.603896103896	-11.1631	-9.90291	-23.9836
M1042W_C	318	0.438356164384	-10.9747	-11.8655	-7.85418
N67E_A	326	0.616883116883	-10.9556	-9.89353	-26.7482
V1028I_C	348	0.41095890411	-10.9413	-11.8645	-8.44307
K110C_A	363	0.597402597403	-10.9068	-9.79425	-24.0878
I48S_A	380	0.597402597403	-10.8714	-9.8045	-24.6228
R102V_A	387	0.590909090909	-10.8571	-9.77761	-27.0035
R74W_A	398	0.584415584416	-10.8444	-9.80192	-24.9319
Y114F_A	414	0.571428571429	-10.8506	-9.79051	-24.8071
Y144W_A	433	0.564935064935	-11.2771	-9.97637	-25.2241
D127V_A	455	0.551948051948	-11.0593	-9.80476	-24.3159
V94C_A	470	0.532467532468	-11.1316	-9.72092	-24.4808
Q122L_A	477	0.512987012987	-11.1316	-9.72092	-23.886
I45V_A	505	0.506493506494	-11.1106	-9.69752	-24.9532
T1077Q_C	527	0.342465753425	-11.1928	-12.271	-5.86822
C110K_A	537	0.506493506494	-11.1873	-9.71456	-24.8214
M1093W_C	548	0.356164383562	-11.705	-11.7133	-6.75197
L35F_A	574	0.493506493506	-11.8114	-8.90726	-24.1615
S48E_A	584	0.487012987013	-11.8286	-8.71738	-25.5778
K30S_A	591	0.480519480519	-12.0293	-8.83401	-25.2738
I95D_A	600	0.474025974026	-12.7866	-9.56574	-24.6063
F1074Y_C	610	0.356164383562	-12.7619	-11.4175	-6.07175
V86T_A	617	0.454545454545	-12.7615	-9.52083	-25.0212
L100N_A	627	0.441558441558	-12.3035	-9.10809	-24.6421
F22Y_A	637	0.441558441558	-12.6463	-9.21363	-24.7442
K106P_A	648	0.441558441558	-11.5363	-8.62338	-26.5123
S156K_A	662	0.422077922078	-11.689	-8.43557	-24.3217
E48A_A	675	0.415584415584	-11.7199	-8.53027	-24.6316
A1058L_C	682	0.315068493151	-11.7794	-11.0089	-6.22226
A115Q_A	699	0.409090909091	-12.1915	-8.5588	-24.3599
K61W_A	717	0.409090909091	-12.4587	-8.95021	-26.1031
E11L_A	728	0.38961038961	-12.5757	-8.97867	-25.3888
K74I_A	748	0.383116883117	-11.6911	-8.97179	-27.0566
M99I_A	760	0.376623376623	-11.6896	-8.95482	-24.0897
I119M_A	780	0.383116883117	-11.6897	-8.95482	-28.9582
T91K_A	794	0.37012987013	-11.7532	-9.22875	-25.3762
C79R_A	804	0.37012987013	-10.7464	-9.25443	-25.4468
W101G_A	824	0.383116883117	-10.8179	-9.3196	-24.6346
E1035R_C	831	0.301369863014	-10.9107	-9.20299	-8.66811
C43A_A	838	0.383116883117	-11.0027	-9.26556	-24.6087
M1050Q_C	862	0.315068493151	-10.9797	-9.36456	-7.54951
P72E_A	868	0.376623376623	-12.1225	-10.9339	-24.83
C74G_A	875	0.376623376623	-12.1317	-10.9259	-24.7018
V1025E_C	882	0.315068493151	-12.0462	-9.35606	-7.62553
D1082R_C	889	0.301369863014	-11.4405	-8.54878	-6.86931
V1060H_C	898	0.301369863014	-11.4412	-8.55242	-8.22954
W134L_A	904	0.331168831169	-11.3848	-10.283	-25.1816
A1076R_C	913	0.301369863014	-11.6387	-8.68597	-9.23609
R32F_A	922	0.331168831169	-11.6048	-10.3307	-25.2689
I1088Q_C	930	0.287671232877	-10.5735	-7.52039	-5.79458
F4T_A	944	0.318181818182	-11.1212	-10.538	-25.4915
Q7Y_A	955	0.311688311688	-11.0334	-10.4787	-24.8173
V102N_A	973	0.305194805195	-11.2965	-10.5133	-29.7987
L33M_A	993	0.298701298701	-12.2125	-10.571	-24.7595
