name	count	identity	interface_identity	non_interface_identity	evolved_interaction	ancestral_interaction	stability
S3Y_A	1	0.993506493506	1.0	0.992592592593	-10.4946	-10.5197	-25.0607
S70D_A	8	0.974025974026	1.0	0.97037037037	-10.5179	-10.4816	-26.9148
Q101K_A	17	0.954545454545	1.0	0.948148148148	-10.6649	-10.4908	-25.5876
L149D_A	24	0.941558441558	1.0	0.933333333333	-10.5868	-10.5131	-26.1944
A1091K_C	30	0.890410958904	0.863636363636	0.901960784314	-10.6643	-10.6407	-9.90217
P1044S_C	38	0.849315068493	0.863636363636	0.843137254902	-10.66	-10.6305	-6.41254
K27I_A	47	0.883116883117	0.894736842105	0.881481481481	-10.6493	-10.6261	-25.6134
D1061S_C	55	0.794520547945	0.863636363636	0.764705882353	-10.7081	-10.6744	-7.00353
S1044F_C	60	0.780821917808	0.863636363636	0.745098039216	-10.7031	-10.667	-8.78635
G115Y_A	76	0.831168831169	0.842105263158	0.82962962963	-10.6226	-10.4127	-26.4368
Y82N_A	83	0.805194805195	0.842105263158	0.8	-11.3004	-8.71858	-24.6589
K1057R_C	92	0.753424657534	0.833333333333	0.714285714286	-12.8169	-10.2911	-7.56523
D121A_A	101	0.772727272727	0.8125	0.768115942029	-12.8829	-9.6675	-25.8595
V118R_A	107	0.766233766234	0.75	0.768115942029	-11.7903	-8.40948	-26.3845
E1094S_C	112	0.712328767123	0.75	0.69387755102	-11.6203	-10.1265	-7.91543
M1055I_C	122	0.712328767123	0.75	0.69387755102	-12.0184	-10.5793	-7.83127
W103Y_A	132	0.753246753247	0.722222222222	0.757352941176	-13.4123	-8.59635	-25.3504
E6K_A	138	0.733766233766	0.722222222222	0.735294117647	-13.802	-10.8113	-26.6689
H20N_A	149	0.714285714286	0.666666666667	0.720588235294	-11.0828	-8.35845	-26.425
I1055T_C	156	0.643835616438	0.625	0.65306122449	-10.9309	-10.5731	-7.01335
K31A_A	166	0.694805194805	0.666666666667	0.698529411765	-10.9631	-8.40408	-23.9119
I60M_A	178	0.675324675325	0.666666666667	0.676470588235	-10.94	-8.28054	-25.5226
N66Y_A	187	0.649350649351	0.666666666667	0.647058823529	-10.9401	-8.28052	-28.0886
K1023C_C	193	0.58904109589	0.583333333333	0.591836734694	-11.6691	-10.5955	-6.26439
A152V_A	200	0.62987012987	0.611111111111	0.632352941176	-11.6121	-8.21827	-24.5846
R1047W_C	217	0.561643835616	0.583333333333	0.551020408163	-11.4245	-10.6566	-6.98637
V1046T_C	224	0.575342465753	0.583333333333	0.571428571429	-11.6684	-10.6836	-7.82657
V152T_A	231	0.623376623377	0.611111111111	0.625	-11.4402	-6.96555	-24.4883
D1082T_C	240	0.547945205479	0.541666666667	0.551020408163	-10.6815	-9.4691	-5.63153
N126R_A	255	0.61038961039	0.611111111111	0.610294117647	-10.7188	-8.51089	-24.3075
Q127V_A	265	0.597402597403	0.611111111111	0.595588235294	-10.8226	-8.44729	-24.36
A33S_A	272	0.584415584416	0.611111111111	0.580882352941	-10.8272	-8.44729	-24.8679
Y42C_A	278	0.571428571429	0.611111111111	0.566176470588	-10.9114	-8.4398	-24.1655
Y1047H_C	288	0.493150684932	0.541666666667	0.469387755102	-11.0247	-9.85579	-7.51765
A156W_A	298	0.564935064935	0.588235294118	0.56204379562	-10.9916	-8.86301	-22.7427
K6I_A	313	0.564935064935	0.588235294118	0.56204379562	-11.0448	-7.08577	-25.9572
L4D_A	320	0.558441558442	0.588235294118	0.554744525547	-10.7884	-9.9954	-24.2577
A121F_A	331	0.551948051948	0.588235294118	0.547445255474	-10.5447	-8.17683	-26.3689
D66S_A	343	0.545454545455	0.625	0.536231884058	-11.2641	-10.8685	-23.8957
I1074S_C	353	0.452054794521	0.5	0.428571428571	-11.2779	-8.7002	-6.31387
A32M_A	363	0.519480519481	0.625	0.507246376812	-11.2397	-10.9031	-23.7799
Y102M_A	375	0.512987012987	0.625	0.5	-11.2399	-10.9067	-24.1274
L50M_A	387	0.512987012987	0.625	0.5	-11.2546	-9.31226	-24.8501
G5C_A	398	0.512987012987	0.588235294118	0.503649635036	-10.6494	-10.3983	-25.8645
I112A_A	407	0.493506493506	0.588235294118	0.481751824818	-10.68	-8.87422	-25.8822
D132C_A	417	0.487012987013	0.588235294118	0.474452554745	-10.6555	-8.66561	-24.4381
S1074V_C	428	0.438356164384	0.458333333333	0.428571428571	-10.7007	-8.5918	-9.17621
F1036C_C	440	0.424657534247	0.458333333333	0.408163265306	-10.8835	-8.95742	-8.24092
S138N_A	447	0.474025974026	0.588235294118	0.459854014599	-10.8778	-8.65838	-25.2678
T1077I_C	457	0.41095890411	0.458333333333	0.387755102041	-10.8421	-8.93317	-9.22246
I89M_A	464	0.467532467532	0.588235294118	0.452554744526	-12.167	-8.86385	-26.016
E125R_A	476	0.467532467532	0.588235294118	0.452554744526	-11.9251	-8.67684	-24.5741
I1073M_C	485	0.383561643836	0.416666666667	0.367346938776	-11.6576	-7.76062	-7.11027
Y151M_A	493	0.467532467532	0.588235294118	0.452554744526	-12.2203	-10.9204	-27.3102
W97M_A	499	0.454545454545	0.588235294118	0.43795620438	-12.2986	-10.9105	-25.9226
E149H_A	507	0.461038961039	0.588235294118	0.445255474453	-12.2983	-10.8749	-25.5346
V127S_A	523	0.467532467532	0.588235294118	0.452554744526	-12.5564	-11.2558	-24.7072
W1094Y_C	540	0.356164383562	0.416666666667	0.326530612245	-12.6512	-8.944	-8.21766
Y1039H_C	548	0.356164383562	0.416666666667	0.326530612245	-12.7862	-8.80079	-6.91287
R20Y_A	565	0.454545454545	0.588235294118	0.43795620438	-12.1292	-9.1872	-25.298
C5Q_A	578	0.448051948052	0.588235294118	0.430656934307	-10.6747	-10.3813	-24.5873
G1057L_C	590	0.342465753425	0.416666666667	0.30612244898	-10.658	-8.24436	-6.15266
C98Q_A	610	0.448051948052	0.588235294118	0.430656934307	-10.749	-10.6175	-26.0027
N1040W_C	620	0.342465753425	0.416666666667	0.30612244898	-10.766	-8.47137	-6.31197
Y15G_A	638	0.448051948052	0.588235294118	0.430656934307	-10.9169	-10.43	-24.6417
N26G_A	648	0.448051948052	0.588235294118	0.430656934307	-11.0669	-10.6716	-25.5165
E67D_A	668	0.441558441558	0.588235294118	0.423357664234	-11.1842	-10.4347	-25.5002
V57M_A	674	0.441558441558	0.588235294118	0.423357664234	-11.0228	-12.1452	-24.9782
W1040Y_C	688	0.342465753425	0.416666666667	0.30612244898	-10.6298	-7.85434	-7.39323
N102W_A	694	0.435064935065	0.588235294118	0.416058394161	-10.6257	-12.0032	-25.6104
I71N_A	706	0.428571428571	0.588235294118	0.408759124088	-10.642	-10.3513	-25.0145
I61Y_A	720	0.422077922078	0.588235294118	0.401459854015	-10.6306	-12.1435	-25.2175
G1043N_C	731	0.328767123288	0.416666666667	0.285714285714	-10.6845	-7.79319	-6.91307
V147M_A	739	0.415584415584	0.588235294118	0.394160583942	-10.6831	-11.8845	-27.6118
M147I_A	744	0.409090909091	0.588235294118	0.386861313869	-10.6897	-11.8845	-27.6373
Y66S_A	755	0.409090909091	0.588235294118	0.386861313869	-10.6085	-11.7958	-25.9084
Q1044R_C	772	0.328767123288	0.416666666667	0.285714285714	-10.595	-7.98331	-6.90905
V113N_A	781	0.38961038961	0.588235294118	0.36496350365	-10.7549	-10.0056	-24.8948
Y58V_A	788	0.38961038961	0.588235294118	0.36496350365	-10.7541	-10.3822	-24.4357
K1049T_C	795	0.315068493151	0.375	0.285714285714	-10.9149	-7.77013	-7.67954
M89C_A	801	0.38961038961	0.588235294118	0.36496350365	-10.918	-10.3575	-25.1817
M142S_A	811	0.38961038961	0.588235294118	0.36496350365	-11.1956	-10.3421	-24.2046
W134S_A	819	0.376623376623	0.588235294118	0.350364963504	-10.7741	-10.3837	-25.7262
Y50M_A	825	0.383116883117	0.588235294118	0.357664233577	-10.7837	-10.3867	-24.4894
G15C_A	832	0.383116883117	0.588235294118	0.357664233577	-10.6761	-8.96194	-23.8733
W156T_A	845	0.383116883117	0.588235294118	0.357664233577	-10.6677	-9.85488	-24.9285
G33M_A	852	0.376623376623	0.588235294118	0.350364963504	-10.6987	-9.64551	-24.9755
E143F_A	861	0.357142857143	0.588235294118	0.328467153285	-10.4062	-9.64531	-27.0378
A112L_A	881	0.357142857143	0.588235294118	0.328467153285	-10.4312	-9.62903	-27.0691
P65W_A	889	0.344155844156	0.588235294118	0.313868613139	-10.4213	-9.62918	-24.6522
N7W_A	895	0.344155844156	0.588235294118	0.313868613139	-10.4448	-9.86951	-23.9289
C1066Y_C	913	0.232876712329	0.291666666667	0.204081632653	-11.6733	-7.34298	-7.38089
R1042W_C	921	0.246575342466	0.333333333333	0.204081632653	-11.4286	-8.43638	-7.88064
Q1074W_C	928	0.246575342466	0.333333333333	0.204081632653	-11.4298	-8.41898	-8.45134
D4Q_A	938	0.344155844156	0.588235294118	0.313868613139	-11.5554	-9.19454	-25.8798
C1029V_C	947	0.260273972603	0.333333333333	0.224489795918	-10.7658	-8.13011	-7.07646
W1085R_C	968	0.246575342466	0.291666666667	0.224489795918	-10.6701	-7.36892	-5.07174
N1082H_C	986	0.246575342466	0.291666666667	0.224489795918	-10.6785	-7.33317	-5.1299
H115K_A	1000	0.344155844156	0.5625	0.31884057971	-10.6871	-9.27814	-25.2544
