name	count	identity	interface_identity	non_interface_identity	evolved_interaction	ancestral_interaction	stability
S1029W_C	1	0.986301369863	0.954545454545	1.0	-11.4039	-11.357	-3.64957
L94I_A	10	0.967532467532	1.0	0.962962962963	-11.4285	-10.6194	-25.5402
N98I_A	22	0.941558441558	1.0	0.933333333333	-11.4117	-10.6249	-24.9839
Y114L_A	44	0.922077922078	1.0	0.911111111111	-11.4387	-10.6351	-25.0873
A1091G_C	79	0.931506849315	0.863636363636	0.960784313725	-10.3062	-9.82604	-6.02067
R1071G_C	90	0.904109589041	0.818181818182	0.941176470588	-11.0138	-9.76996	-6.77283
K33M_A	108	0.902597402597	1.0	0.889705882353	-10.7451	-11.1517	-24.0247
Q117M_A	120	0.883116883117	1.0	0.867647058824	-10.7084	-11.1053	-24.7455
N1044R_C	133	0.808219178082	0.727272727273	0.843137254902	-11.0675	-9.95617	-7.82747
V1059I_C	141	0.780821917808	0.727272727273	0.803921568627	-11.0832	-9.97453	-8.38148
V1075E_C	148	0.739726027397	0.727272727273	0.745098039216	-10.988	-9.89797	-7.01668
Q151D_A	154	0.831168831169	1.0	0.810218978102	-11.0235	-11.057	-23.7637
K71H_A	160	0.811688311688	1.0	0.789855072464	-11.0413	-11.0829	-25.4062
T91M_A	174	0.792207792208	1.0	0.766423357664	-11.1562	-11.1159	-25.7519
I1039Q_C	183	0.712328767123	0.727272727273	0.705882352941	-10.921	-10.1278	-8.33242
Y25C_A	195	0.766233766234	0.941176470588	0.744525547445	-10.7288	-10.3798	-24.2479
D1040Q_C	203	0.684931506849	0.739130434783	0.66	-10.5613	-8.71546	-6.21407
D37P_A	211	0.746753246753	0.941176470588	0.722627737226	-10.5712	-10.3325	-23.8029
C134T_A	221	0.74025974026	0.941176470588	0.715328467153	-10.6048	-10.3524	-25.6878
L4Y_A	231	0.714285714286	0.941176470588	0.686131386861	-10.5898	-10.3524	-24.1268
E63Y_A	237	0.694805194805	0.941176470588	0.664233576642	-10.5898	-10.3331	-25.0082
T1042K_C	253	0.630136986301	0.695652173913	0.6	-10.5717	-8.52033	-9.17089
P78L_A	271	0.681818181818	0.941176470588	0.649635036496	-10.5373	-10.4041	-23.9722
I1024L_C	289	0.602739726027	0.695652173913	0.56	-10.5306	-8.5551	-6.93603
A131W_A	300	0.668831168831	0.941176470588	0.63503649635	-10.5663	-10.4038	-25.0818
L79R_A	306	0.668831168831	0.941176470588	0.63503649635	-10.5659	-10.4048	-25.1521
L109I_A	321	0.668831168831	0.941176470588	0.63503649635	-10.5424	-10.5356	-24.0653
Q101A_A	331	0.662337662338	0.941176470588	0.627737226277	-10.7504	-10.4524	-25.6331
H1093G_C	340	0.575342465753	0.652173913043	0.54	-10.7808	-8.71985	-8.00444
N104L_A	357	0.642857142857	0.941176470588	0.605839416058	-11.0128	-10.7792	-25.3863
E136A_A	371	0.642857142857	0.941176470588	0.605839416058	-11.0263	-10.7746	-24.7595
T1055R_C	380	0.547945205479	0.695652173913	0.48	-10.5894	-8.84067	-7.02586
A142G_A	391	0.623376623377	0.894736842105	0.585185185185	-10.8034	-10.7732	-26.2895
L67F_A	397	0.61038961039	0.894736842105	0.57037037037	-10.9259	-11.0273	-25.0322
D145T_A	408	0.603896103896	0.894736842105	0.562962962963	-10.893	-11.0428	-23.1619
T145E_A	419	0.603896103896	0.894736842105	0.562962962963	-11.5284	-11.3675	-24.7908
L6P_A	430	0.584415584416	0.894736842105	0.540740740741	-11.5789	-11.3795	-30.439
N1034I_C	437	0.520547945205	0.652173913043	0.46	-10.6998	-8.41805	-8.40674
N1086H_C	453	0.493150684932	0.608695652174	0.44	-11.0112	-8.44578	-6.23012
A128N_A	460	0.558441558442	0.894736842105	0.511111111111	-10.5146	-11.5916	-23.6654
E11R_A	482	0.538961038961	0.894736842105	0.488888888889	-10.7062	-11.7889	-22.9071
E1051T_C	498	0.465753424658	0.565217391304	0.42	-11.8056	-8.92706	-7.27472
A100E_A	511	0.532467532468	0.857142857143	0.481203007519	-11.6891	-9.76918	-24.5095
R1091T_C	523	0.452054794521	0.565217391304	0.4	-11.2399	-8.69864	-10.1873
A35R_A	536	0.512987012987	0.809523809524	0.466165413534	-11.3976	-9.37264	-24.2058
T1046F_C	546	0.424657534247	0.565217391304	0.36	-11.3096	-8.64539	-8.56032
L1026Y_C	553	0.41095890411	0.565217391304	0.34	-10.9356	-8.67296	-7.0407
I1076R_C	566	0.397260273973	0.565217391304	0.32	-10.8895	-8.14811	-6.06452
V148W_A	586	0.480519480519	0.761904761905	0.436090225564	-10.8962	-8.85606	-25.1141
F153R_A	592	0.480519480519	0.761904761905	0.436090225564	-10.7671	-8.80922	-25.123
P132C_A	600	0.467532467532	0.761904761905	0.421052631579	-10.5332	-8.31094	-24.0251
C141W_A	635	0.461038961039	0.761904761905	0.413533834586	-10.4956	-8.31757	-25.6642
M131P_A	641	0.467532467532	0.761904761905	0.421052631579	-10.5583	-8.31759	-28.7795
H1023P_C	658	0.383561643836	0.565217391304	0.3	-10.5489	-8.01879	-9.05631
K18F_A	666	0.480519480519	0.736842105263	0.444444444444	-10.7195	-8.01465	-25.4626
L1063Q_C	676	0.383561643836	0.565217391304	0.3	-10.5651	-8.01386	-9.12809
R1050D_C	690	0.383561643836	0.565217391304	0.3	-10.619	-8.06491	-9.1084
Y1026P_C	696	0.369863013699	0.521739130435	0.3	-10.8123	-8.26016	-6.82877
E99P_A	708	0.474025974026	0.736842105263	0.437037037037	-10.863	-7.99351	-28.2604
D93R_A	719	0.474025974026	0.736842105263	0.437037037037	-10.9311	-7.99442	-24.7068
E1038T_C	729	0.356164383562	0.521739130435	0.28	-10.9447	-8.70559	-6.32882
E135I_A	738	0.487012987013	0.789473684211	0.444444444444	-10.9302	-7.97818	-24.8607
K15I_A	750	0.480519480519	0.789473684211	0.437037037037	-10.8375	-7.92599	-24.9316
P1078M_C	763	0.342465753425	0.521739130435	0.26	-11.1017	-8.78552	-8.26397
Q143V_A	783	0.467532467532	0.75	0.425373134328	-11.1123	-7.89503	-24.0021
P1026H_C	800	0.287671232877	0.478260869565	0.2	-10.9773	-8.55428	-7.04898
V1061S_C	807	0.287671232877	0.478260869565	0.2	-11.0048	-8.55575	-6.51576
Q39L_A	817	0.454545454545	0.75	0.410447761194	-11.0513	-7.89431	-29.1137
M103P_A	826	0.448051948052	0.75	0.413043478261	-10.6768	-7.89447	-25.1683
F105I_A	835	0.448051948052	0.75	0.413043478261	-10.6479	-7.89468	-25.3061
I1034Y_C	848	0.287671232877	0.478260869565	0.2	-10.7478	-8.22073	-6.08258
I1060F_C	865	0.287671232877	0.5	0.183673469388	-10.8331	-8.22073	-6.67338
S138W_A	882	0.428571428571	0.75	0.391304347826	-10.8342	-8.61604	-24.8035
G1093I_C	889	0.287671232877	0.5	0.183673469388	-10.607	-7.56125	-6.53279
L149M_A	906	0.409090909091	0.75	0.369565217391	-10.6752	-8.76067	-23.8792
H40Q_A	922	0.396103896104	0.75	0.355072463768	-10.6685	-8.76239	-25.3582
L1043V_C	939	0.287671232877	0.5	0.183673469388	-10.7404	-9.04386	-7.35277
I1093N_C	947	0.287671232877	0.5	0.183673469388	-10.5266	-7.97552	-7.27385
A1063M_C	956	0.27397260274	0.5	0.163265306122	-10.5518	-7.92594	-7.68379
Q40H_A	962	0.383116883117	0.705882352941	0.343065693431	-10.4028	-9.33617	-25.3532
F126N_A	968	0.38961038961	0.705882352941	0.350364963504	-10.3771	-9.27426	-24.7355
A128F_A	980	0.38961038961	0.705882352941	0.350364963504	-11.7215	-8.78271	-24.2949
H1033S_C	990	0.287671232877	0.541666666667	0.163265306122	-11.905	-9.62349	-6.7386
I1025Y_C	997	0.287671232877	0.541666666667	0.163265306122	-12.1558	-9.51169	-6.52426
