name	count	identity	evolved_interaction	ancestral_interaction	stability
Y82K_A	1	0.993506493506	-10.4946	-10.5197	-25.4915
Y64F_A	14	0.974025974026	-10.5143	-10.4949	-26.7075
S1062K_C	25	0.917808219178	-10.483	-10.3415	-7.37253
T91P_A	35	0.935064935065	-10.5035	-10.5119	-25.499
E131K_A	48	0.915584415584	-10.5589	-10.5194	-24.0482
A79C_A	70	0.902597402597	-10.5646	-10.5135	-23.9677
S1046E_C	78	0.849315068493	-10.4624	-10.3791	-7.27286
K15N_A	89	0.876623376623	-11.3063	-11.0488	-24.5212
A142W_A	99	0.857142857143	-10.8259	-10.5413	-24.175
Q7R_A	110	0.831168831169	-10.6843	-10.4988	-24.5294
K31S_A	118	0.818181818182	-10.654	-10.5842	-24.6768
R7C_A	125	0.805194805195	-10.8697	-10.7207	-25.41
S136Y_A	136	0.798701298701	-10.8681	-10.7207	-25.5061
K30A_A	146	0.779220779221	-10.5809	-10.4381	-24.7279
F137H_A	154	0.75974025974	-10.6056	-10.4287	-24.3055
M110L_A	162	0.746753246753	-10.5835	-10.4288	-24.7193
Q1094G_C	176	0.698630136986	-10.6086	-10.8641	-6.26675
S70T_A	188	0.720779220779	-10.6044	-10.4328	-24.3969
L139Q_A	205	0.701298701299	-11.675	-11.3312	-24.3509
K18Y_A	213	0.688311688312	-11.7315	-11.3461	-27.8277
C39V_A	221	0.662337662338	-11.0423	-10.6762	-23.939
H1023G_C	237	0.657534246575	-11.0123	-10.4892	-7.23766
K153Q_A	244	0.649350649351	-10.9866	-10.5917	-23.9534
Y1042C_C	256	0.630136986301	-11.0448	-10.4119	-8.46623
Q154K_A	262	0.636363636364	-10.9779	-10.5911	-23.7915
Q117R_A	276	0.62987012987	-11.3015	-10.8262	-25.4791
N1086W_C	284	0.561643835616	-11.6889	-11.0899	-6.64397
W91V_A	296	0.616883116883	-12.2291	-11.2899	-25.472
Q139N_A	309	0.616883116883	-12.5416	-11.5771	-25.8096
M140K_A	317	0.603896103896	-12.5	-11.4884	-25.7919
D1085V_C	322	0.534246575342	-11.1276	-10.3424	-7.67926
D1082E_C	331	0.520547945205	-10.9793	-10.2077	-6.56975
E35L_A	351	0.584415584416	-11.9047	-11.4703	-24.6393
C1061H_C	362	0.493150684932	-11.9061	-10.895	-8.69508
K147F_A	374	0.577922077922	-11.9061	-11.482	-23.8597
K1040G_C	384	0.465753424658	-11.9035	-10.889	-6.68462
I1088M_C	398	0.465753424658	-10.8848	-10.6765	-7.87632
S156N_A	410	0.532467532468	-11.031	-11.0593	-24.5769
Y1051N_C	417	0.465753424658	-11.032	-10.6397	-8.38412
N100A_A	436	0.519480519481	-10.9538	-10.7585	-24.4405
N118G_A	450	0.512987012987	-10.9537	-10.766	-24.5661
L51S_A	460	0.506493506494	-10.9334	-11.07	-27.5945
T1029L_C	470	0.452054794521	-11.5935	-11.16	-6.8283
G1095V_C	484	0.424657534247	-11.0293	-10.5443	-7.51689
F108Y_A	521	0.5	-10.5726	-10.7653	-24.3916
W1075S_C	537	0.397260273973	-10.4904	-10.0273	-7.98772
G115K_A	552	0.487012987013	-10.6382	-10.7779	-25.3042
A35N_A	557	0.480519480519	-10.6549	-10.7958	-24.1534
Y1081M_C	570	0.383561643836	-10.5819	-10.1086	-6.9257
L1036Y_C	578	0.383561643836	-10.4389	-10.0333	-6.72739
N35L_A	583	0.480519480519	-10.4332	-10.7492	-24.3968
F1080P_C	594	0.383561643836	-10.9483	-10.4044	-7.67998
I1074E_C	603	0.383561643836	-10.9215	-10.3756	-8.84545
I1060V_C	611	0.383561643836	-11.0203	-10.3723	-8.46135
Q1040M_C	619	0.383561643836	-10.9886	-10.3723	-8.497
A1042E_C	635	0.383561643836	-10.9847	-10.1984	-8.17265
K66Q_A	644	0.454545454545	-11.086	-10.9736	-24.3192
L1066I_C	657	0.356164383562	-11.5644	-10.8912	-5.98368
S31K_A	671	0.448051948052	-12.2518	-10.9285	-25.2377
Q148M_A	677	0.441558441558	-12.4027	-11.0115	-29.3495
W70G_A	684	0.441558441558	-12.3339	-10.9333	-26.5656
F151N_A	690	0.441558441558	-12.3354	-10.9334	-24.5061
D15G_A	700	0.441558441558	-11.4355	-10.9484	-24.4374
G44R_A	714	0.428571428571	-11.0843	-12.9742	-25.8473
C147Q_A	734	0.428571428571	-11.104	-12.9653	-26.3094
L114I_A	743	0.422077922078	-11.0463	-13.0812	-26.0461
D1025K_C	755	0.342465753425	-11.1714	-9.264	-9.94921
I142W_A	768	0.428571428571	-10.7678	-13.1893	-26.3293
W1050V_C	774	0.315068493151	-10.6744	-9.08516	-8.90571
A63H_A	785	0.415584415584	-10.672	-12.6336	-27.9792
W142L_A	792	0.402597402597	-11.27	-13.0054	-25.8707
C1092F_C	805	0.315068493151	-11.7736	-10.8539	-6.71558
M1037A_C	815	0.287671232877	-11.8086	-10.8368	-6.3156
E1061I_C	835	0.287671232877	-11.7926	-10.8056	-6.52356
I1043Q_C	842	0.287671232877	-11.8012	-10.7264	-7.26436
S138E_A	850	0.383116883117	-10.8932	-10.9454	-28.2237
C1079A_C	861	0.27397260274	-10.7487	-8.85937	-7.82931
G1094H_C	871	0.27397260274	-10.7656	-8.75545	-6.97099
E11C_A	879	0.37012987013	-11.6515	-10.2777	-25.908
N139L_A	888	0.37012987013	-11.7391	-8.36922	-26.332
A101H_A	903	0.37012987013	-11.2763	-8.47764	-26.0476
L1058Q_C	910	0.27397260274	-11.2748	-8.93591	-7.55531
Y1052I_C	920	0.27397260274	-11.1913	-8.92358	-7.4936
N42G_A	930	0.363636363636	-11.2299	-10.7369	-25.9809
T95H_A	939	0.37012987013	-11.3172	-10.3037	-26.6665
H134W_A	950	0.383116883117	-11.3019	-10.4912	-27.45
T1093V_C	961	0.246575342466	-11.3334	-8.75842	-7.70212
M137F_A	971	0.38961038961	-11.6296	-10.8302	-25.8888
Y27R_A	983	0.383116883117	-11.7657	-11.2286	-28.3544
E136Q_A	1000	0.376623376623	-12.9509	-9.90191	-24.6897
