name	count	identity	evolved_interaction	ancestral_interaction	stability
P132K_A	1	0.993506493506	-10.4946	-10.5196	-24.2188
R1046Q_C	14	0.958904109589	-10.3759	-9.70923	-8.70625
N124L_A	22	0.954545454545	-10.3698	-10.4851	-26.3394
Q1056L_C	32	0.904109589041	-10.3804	-10.3848	-6.54187
D129C_A	40	0.922077922078	-10.6312	-10.6341	-28.2497
D19P_A	45	0.902597402597	-11.2315	-11.1137	-24.6954
Q7M_A	57	0.876623376623	-11.0951	-10.989	-25.2377
A1091K_C	70	0.835616438356	-10.741	-11.1045	-7.97827
R1055N_C	79	0.821917808219	-10.8243	-11.2684	-8.49361
K153I_A	84	0.831168831169	-11.3108	-10.7216	-24.9017
A32S_A	92	0.818181818182	-11.4849	-10.785	-24.5078
K27H_A	102	0.792207792208	-12.1975	-10.4761	-24.6373
A26N_A	107	0.785714285714	-12.1473	-10.4353	-24.3363
N26Q_A	116	0.785714285714	-11.9912	-10.5646	-26.8147
S70H_A	123	0.75974025974	-12.1462	-10.5326	-24.681
M1060I_C	130	0.684931506849	-11.7973	-11.7093	-7.45432
I1039G_C	140	0.671232876712	-11.6339	-11.3745	-6.0126
Q154T_A	152	0.727272727273	-11.8038	-9.62746	-24.3883
I60M_A	166	0.707792207792	-10.8674	-9.63404	-26.4963
K69D_A	178	0.694805194805	-10.5132	-9.03756	-25.7711
S122Q_A	192	0.675324675325	-10.8474	-9.63931	-24.4897
K29V_A	202	0.668831168831	-10.9205	-9.71954	-24.5644
A54R_A	210	0.655844155844	-11.6464	-9.75416	-25.1402
T1043L_C	217	0.602739726027	-11.5177	-10.2624	-10.2843
E117T_A	227	0.636363636364	-11.6714	-9.71428	-24.6656
M1049F_C	235	0.561643835616	-11.5736	-10.9678	-10.7147
D102Q_A	241	0.61038961039	-10.4729	-9.70019	-25.6605
Q124P_A	246	0.603896103896	-10.4619	-9.40988	-23.686
L32E_A	258	0.603896103896	-10.4819	-9.5106	-24.6724
L1063H_C	271	0.493150684932	-10.4404	-10.0225	-6.9727
K1052F_C	281	0.493150684932	-10.5827	-11.262	-8.49782
E38H_A	289	0.590909090909	-10.5878	-9.49956	-25.2675
R104S_A	295	0.577922077922	-11.1747	-10.0324	-24.8183
N101Q_A	302	0.584415584416	-11.1846	-10.0415	-28.6763
K1036I_C	309	0.452054794521	-11.1832	-11.0972	-6.05946
L1056H_C	321	0.438356164384	-11.0367	-10.9952	-6.45997
D1082F_C	329	0.424657534247	-10.6042	-10.3607	-7.32112
K40W_A	335	0.564935064935	-10.5428	-10.0489	-24.8992
H1056T_C	348	0.424657534247	-10.4781	-10.287	-7.0351
K18Y_A	363	0.558441558442	-10.4724	-9.89853	-24.9343
Q1046E_C	375	0.397260273973	-10.5595	-10.2837	-6.81294
N128G_A	386	0.538961038961	-10.4265	-9.75867	-24.4766
E127K_A	403	0.538961038961	-10.3654	-9.82207	-24.9938
S104I_A	415	0.532467532468	-10.4287	-9.88404	-25.7177
C117S_A	428	0.519480519481	-10.6201	-9.89173	-26.8894
E1061H_C	437	0.369863013699	-10.6745	-10.5119	-5.51017
H32D_A	458	0.487012987013	-10.6017	-9.7056	-24.9466
Y82W_A	469	0.467532467532	-10.7215	-9.91412	-24.9908
N150V_A	494	0.474025974026	-13.1089	-11.2546	-24.9817
V57R_A	503	0.461038961039	-13.2423	-11.6622	-26.2691
M19F_A	517	0.467532467532	-12.6211	-11.6664	-24.7468
R1095K_C	522	0.369863013699	-12.7111	-10.2005	-5.60125
E1046W_C	535	0.383561643836	-13.1477	-10.1449	-7.51713
G1038N_C	541	0.369863013699	-13.1282	-10.575	-7.89326
I154R_A	550	0.467532467532	-13.1221	-12.1682	-24.4856
D1087P_C	557	0.356164383562	-11.9141	-8.03584	-8.93894
Y18L_A	563	0.461038961039	-11.2501	-8.38922	-25.8964
S70T_A	577	0.454545454545	-11.0855	-8.2204	-24.5677
T51H_A	586	0.435064935065	-10.8772	-8.20232	-25.5877
A142R_A	597	0.415584415584	-10.8792	-8.22723	-25.0971
M45V_A	614	0.409090909091	-10.8212	-8.0834	-27.1369
L94R_A	625	0.402597402597	-10.8138	-8.04395	-25.0368
H27I_A	635	0.396103896104	-10.491	-7.59643	-24.1909
L109M_A	653	0.38961038961	-10.4894	-7.62992	-24.6857
K76I_A	664	0.376623376623	-10.3529	-7.6382	-24.1956
M124P_A	674	0.376623376623	-10.3384	-7.64531	-25.3459
T70A_A	684	0.376623376623	-10.3375	-7.63534	-26.0006
E131F_A	694	0.363636363636	-10.6891	-7.53725	-24.6658
K1094N_C	707	0.342465753425	-10.4859	-7.52585	-6.05639
D69L_A	718	0.363636363636	-10.5034	-7.29915	-24.568
V1074A_C	731	0.342465753425	-10.5053	-7.54361	-6.08895
Y35L_A	738	0.37012987013	-10.4922	-7.26742	-29.6499
W103Y_A	744	0.363636363636	-10.8983	-7.44529	-28.651
D118Y_A	750	0.357142857143	-10.8987	-7.23096	-27.409
P96K_A	758	0.363636363636	-10.7692	-7.23911	-26.3297
E66W_A	766	0.363636363636	-10.7692	-7.52779	-24.0838
L1051T_C	781	0.342465753425	-10.7695	-7.26917	-6.4056
C1060E_C	788	0.342465753425	-10.7502	-7.97441	-6.34455
P105I_A	810	0.350649350649	-10.8857	-7.68755	-25.2024
T102G_A	820	0.350649350649	-10.9429	-7.68372	-24.9032
Y6F_A	831	0.350649350649	-11.0125	-6.25412	-24.587
N1086F_C	844	0.315068493151	-12.3314	-5.48685	-7.77967
E1092F_C	853	0.328767123288	-13.777	-7.08251	-6.48856
G1095S_C	860	0.328767123288	-13.0457	-7.1625	-6.5396
E1084N_C	872	0.315068493151	-12.258	-7.58102	-6.37812
S108E_A	882	0.311688311688	-12.0391	-10.8895	-25.681
V1028L_C	889	0.315068493151	-12.0609	-7.61998	-8.89106
I42L_A	896	0.311688311688	-12.2851	-7.7171	-23.5376
C97H_A	904	0.311688311688	-11.6904	-11.049	-24.4109
S30C_A	919	0.298701298701	-11.2302	-10.7157	-25.2993
C71M_A	932	0.292207792208	-11.1951	-10.6685	-26.6478
Y52S_A	937	0.292207792208	-11.1444	-6.97811	-23.9279
D1075E_C	954	0.287671232877	-11.1867	-7.73318	-6.47639
A110M_A	965	0.292207792208	-10.9367	-9.94851	-26.1169
P1077C_C	974	0.287671232877	-11.8264	-7.3779	-6.36576
M71V_A	985	0.298701298701	-12.1809	-11.2131	-28.1634
V126L_A	990	0.298701298701	-12.1944	-7.53561	-24.248
A5S_A	999	0.292207792208	-12.1927	-7.53066	-24.2898
