name	count	identity	evolved_interaction	ancestral_interaction	stability
Y82R_A	1	0.993506493506	-10.4946	-10.5197	-24.3629
T1043H_C	16	0.972602739726	-10.7719	-10.4645	-10.4082
A129C_A	26	0.954545454545	-10.8818	-10.4257	-28.8726
K1076C_C	33	0.945205479452	-10.9253	-10.7058	-11.1564
R1046H_C	41	0.931506849315	-10.8234	-10.773	-10.9251
R1064C_C	46	0.904109589041	-10.3576	-10.3198	-11.403
Q1046L_C	53	0.904109589041	-10.3867	-10.3495	-12.0738
K74E_A	60	0.857142857143	-10.4207	-10.4426	-24.1138
A91V_A	77	0.837662337662	-10.4737	-10.4713	-26.1809
S1029R_C	84	0.821917808219	-10.8871	-11.4727	-7.01485
Y67P_A	94	0.805194805195	-10.8777	-10.4624	-25.6135
E63I_A	107	0.779220779221	-10.7	-10.3815	-26.302
Q36I_A	116	0.75974025974	-10.7131	-10.3566	-26.5637
S1062F_C	123	0.753424657534	-10.8042	-11.4076	-6.4977
H83C_A	128	0.753246753247	-12.1755	-10.2413	-23.9125
K1054F_C	139	0.739726027397	-12.0811	-12.5489	-8.35828
F1065R_C	147	0.712328767123	-11.2363	-11.3894	-6.39016
Q7F_A	165	0.714285714286	-11.3623	-10.3588	-24.6244
G1038E_C	172	0.684931506849	-11.3067	-12.188	-7.65591
K76M_A	186	0.694805194805	-11.3061	-10.337	-24.9902
N52T_A	195	0.681818181818	-11.2333	-10.2356	-24.9322
R82M_A	201	0.662337662338	-10.9514	-10.2138	-26.9544
P59G_A	214	0.636363636364	-10.9826	-10.2204	-25.3528
I141P_A	221	0.623376623377	-11.0613	-10.1445	-26.3941
T115L_A	232	0.616883116883	-11.0712	-10.1357	-27.6676
W1080V_C	237	0.643835616438	-11.1918	-11.5622	-6.50319
W39A_A	249	0.590909090909	-11.0792	-9.95854	-25.373
C1076G_C	258	0.643835616438	-11.0121	-12.2392	-5.96338
Y1042S_C	269	0.630136986301	-10.9141	-12.1005	-5.59481
E102L_A	283	0.571428571429	-11.1526	-9.82086	-25.5222
S1033A_C	290	0.616438356164	-11.4685	-12.5095	-6.94229
C83N_A	302	0.551948051948	-11.7227	-9.99544	-24.2132
A124Y_A	319	0.551948051948	-10.7506	-9.70576	-26.6459
K1027R_C	329	0.575342465753	-10.5679	-10.3316	-6.20159
V135I_A	336	0.551948051948	-10.4614	-9.64033	-24.5076
G1076Y_C	356	0.561643835616	-10.3802	-10.1234	-7.54138
D143Q_A	367	0.538961038961	-10.8637	-9.70832	-25.0215
F89I_A	378	0.538961038961	-10.895	-9.7026	-24.4628
S122M_A	394	0.525974025974	-10.9059	-9.65453	-24.2665
R1047E_C	400	0.520547945205	-10.8834	-10.358	-12.3945
S125R_A	405	0.512987012987	-10.8833	-9.77057	-26.184
M1040T_C	411	0.506849315068	-10.877	-10.4415	-11.8126
C1064W_C	419	0.506849315068	-10.8728	-10.3543	-9.01398
E79A_A	429	0.506493506494	-10.853	-9.65843	-24.1003
T108H_A	443	0.493506493506	-10.9633	-9.76694	-23.8691
R1061T_C	461	0.493150684932	-10.9655	-10.5093	-6.33717
L115T_A	472	0.474025974026	-10.9536	-9.71297	-23.5195
K79C_A	500	0.467532467532	-10.9594	-9.71875	-25.5402
D19C_A	514	0.441558441558	-11.0172	-9.94534	-24.2018
R125E_A	537	0.441558441558	-10.9797	-9.9098	-26.4063
K150M_A	549	0.435064935065	-10.9711	-9.9034	-25.9708
Q31K_A	560	0.441558441558	-10.8018	-9.9236	-25.5796
V1080W_C	575	0.479452054795	-10.8072	-10.507	-7.70575
F1053A_C	589	0.493150684932	-10.9545	-10.5069	-9.92077
R6W_A	600	0.435064935065	-10.6784	-9.96747	-24.1063
L94D_A	610	0.422077922078	-10.6699	-10.091	-24.7224
Y68C_A	621	0.415584415584	-10.6573	-9.97273	-23.4752
C79P_A	641	0.415584415584	-10.6653	-10.0167	-26.186
L137W_A	652	0.415584415584	-10.8492	-11.8959	-23.5668
K131N_A	665	0.415584415584	-10.8652	-11.8971	-24.9764
Q117G_A	671	0.396103896104	-10.5972	-11.991	-24.3253
F7N_A	679	0.396103896104	-11.2664	-11.8121	-26.6451
Y64W_A	689	0.383116883117	-11.2827	-11.9055	-26.5027
I1066C_C	700	0.479452054795	-10.784	-9.10006	-6.0729
I1088L_C	705	0.465753424658	-10.7858	-9.05888	-10.0496
C1059K_C	721	0.438356164384	-10.7055	-8.86939	-6.48437
K87D_A	730	0.363636363636	-10.6521	-11.7717	-24.695
D87M_A	737	0.350649350649	-10.6199	-11.7482	-27.506
S1042P_C	746	0.424657534247	-10.7346	-8.69566	-7.89044
S100R_A	755	0.337662337662	-10.5206	-11.6189	-24.2173
N1025V_C	765	0.369863013699	-10.6185	-8.8238	-6.72904
I1028F_C	771	0.356164383562	-10.5766	-8.87628	-9.79041
E99K_A	781	0.331168831169	-11.4488	-11.6038	-24.8985
W5N_A	798	0.331168831169	-11.5408	-11.7631	-24.0289
R132S_A	806	0.331168831169	-11.5279	-11.7932	-24.2216
Q1061L_C	833	0.301369863014	-11.5214	-9.81315	-8.06413
N32V_A	838	0.324675324675	-11.3835	-11.6313	-24.9556
Y63I_A	847	0.324675324675	-11.3802	-11.6088	-25.3808
L1073D_C	856	0.315068493151	-11.4394	-9.81545	-7.17304
L102Q_A	868	0.318181818182	-11.4377	-11.5791	-24.3193
E104I_A	883	0.324675324675	-11.9252	-11.5741	-24.4417
V86L_A	891	0.318181818182	-11.8551	-11.5615	-27.4516
Q50E_A	900	0.318181818182	-11.7894	-11.536	-26.3069
S68T_A	908	0.311688311688	-11.7844	-11.5289	-23.8989
N1043Q_C	917	0.301369863014	-11.7925	-10.6541	-6.65682
N5P_A	923	0.311688311688	-11.8078	-11.5339	-26.6981
I112F_A	931	0.311688311688	-11.8116	-11.5425	-25.3204
N98M_A	942	0.305194805195	-11.5075	-11.6436	-24.9919
S61N_A	957	0.311688311688	-11.5501	-11.6442	-26.1653
M36F_A	964	0.305194805195	-11.5186	-11.6175	-23.9221
H1080W_C	974	0.301369863014	-11.3814	-10.4404	-8.11234
G1044R_C	982	0.287671232877	-11.3542	-10.4458	-6.69325
M108Q_A	990	0.305194805195	-11.3573	-11.5217	-24.1385
