name	count	identity	interface_identity	non_interface_identity	evolved_interaction	ancestral_interaction	stability
R135V_A	1	0.993506493506	1.0	0.992592592593	-10.4946	-10.5196	-24.9198
S1033N_C	10	0.958904109589	1.0	0.941176470588	-10.5235	-10.3695	-8.22665
K76F_A	24	0.967532467532	1.0	0.962962962963	-10.492	-10.5102	-24.2609
V116H_A	33	0.941558441558	1.0	0.933333333333	-10.4092	-10.501	-24.1516
R1047C_C	42	0.890410958904	1.0	0.843137254902	-10.3906	-10.3016	-7.73603
A152G_A	52	0.896103896104	1.0	0.881481481481	-10.4939	-10.7567	-24.0576
R1055H_C	59	0.849315068493	0.954545454545	0.803921568627	-10.4318	-10.1848	-6.54169
K149V_A	74	0.87012987013	1.0	0.855072463768	-10.4762	-10.8023	-26.1667
T61K_A	82	0.844155844156	0.9375	0.833333333333	-10.7201	-10.9437	-24.2736
K31W_A	91	0.824675324675	0.947368421053	0.807407407407	-11.0104	-10.9131	-24.8605
D146Q_A	104	0.805194805195	0.947368421053	0.785185185185	-10.7252	-10.6123	-25.3761
M1060P_C	115	0.780821917808	0.863636363636	0.745098039216	-10.6957	-10.6322	-6.46744
D33S_A	121	0.785714285714	0.947368421053	0.762962962963	-11.05	-10.974	-24.2959
E1050A_C	133	0.753424657534	0.863636363636	0.705882352941	-10.7225	-10.6375	-7.8057
W15A_A	144	0.772727272727	0.947368421053	0.748148148148	-10.7189	-10.6215	-24.2592
A142M_A	158	0.75974025974	0.947368421053	0.733333333333	-10.6763	-10.6292	-24.0185
R1046E_C	173	0.712328767123	0.818181818182	0.666666666667	-10.6796	-10.6393	-6.73394
E1046R_C	196	0.72602739726	0.818181818182	0.686274509804	-10.595	-10.6394	-6.91148
L113F_A	206	0.733766233766	0.947368421053	0.703703703704	-10.6243	-10.643	-24.7661
N85C_A	211	0.720779220779	0.947368421053	0.688888888889	-10.6246	-10.6415	-24.334
G32K_A	228	0.714285714286	0.947368421053	0.681481481481	-11.4703	-10.6458	-25.6058
N1033C_C	239	0.643835616438	0.772727272727	0.588235294118	-11.5037	-11.9153	-7.35091
F1036P_C	247	0.630136986301	0.772727272727	0.56862745098	-11.1982	-10.6443	-9.87755
P126E_A	257	0.707792207792	0.947368421053	0.674074074074	-11.3277	-10.8463	-24.651
A26D_A	264	0.688311688312	0.894736842105	0.659259259259	-10.7312	-10.1684	-25.6742
C85P_A	275	0.681818181818	0.894736842105	0.651851851852	-11.1834	-10.2031	-24.4915
W134I_A	284	0.668831168831	0.842105263158	0.644444444444	-11.4264	-10.4787	-23.7779
C93I_A	300	0.662337662338	0.842105263158	0.637037037037	-11.2597	-10.4348	-24.891
I1070R_C	307	0.561643835616	0.727272727273	0.490196078431	-11.2205	-11.6633	-9.3407
S95K_A	318	0.636363636364	0.842105263158	0.607407407407	-11.2159	-10.5517	-24.5019
I1024K_C	326	0.534246575342	0.727272727273	0.450980392157	-10.9607	-11.4376	-8.50955
K1033V_C	337	0.534246575342	0.727272727273	0.450980392157	-11.4711	-11.1938	-8.06274
Y1081F_C	343	0.534246575342	0.681818181818	0.470588235294	-10.5986	-10.2078	-6.75154
F110W_A	358	0.616883116883	0.888888888889	0.580882352941	-10.9869	-11.1073	-23.8226
K32S_A	370	0.61038961039	0.888888888889	0.573529411765	-10.8556	-11.1603	-23.8976
K95L_A	381	0.61038961039	0.888888888889	0.573529411765	-10.8436	-11.128	-26.0289
F1058L_C	386	0.534246575342	0.681818181818	0.470588235294	-10.6125	-10.2521	-6.62191
R52K_A	402	0.590909090909	0.833333333333	0.558823529412	-10.4818	-10.8092	-24.41
S1027A_C	412	0.506849315068	0.681818181818	0.43137254902	-10.5681	-10.3792	-6.78875
E143D_A	420	0.577922077922	0.833333333333	0.544117647059	-10.6118	-10.8008	-25.6959
Q7K_A	438	0.551948051948	0.833333333333	0.514705882353	-10.612	-10.8008	-25.2256
M150R_A	454	0.545454545455	0.833333333333	0.507352941176	-10.6366	-10.8338	-24.2857
F66G_A	476	0.532467532468	0.833333333333	0.492647058824	-10.6367	-10.8602	-24.3694
I60M_A	484	0.512987012987	0.833333333333	0.470588235294	-10.614	-10.8433	-26.4917
D143Y_A	494	0.5	0.833333333333	0.455882352941	-10.6165	-10.8336	-25.3788
K1048M_C	503	0.465753424658	0.681818181818	0.372549019608	-10.6266	-10.1157	-10.4078
F1037C_C	513	0.424657534247	0.636363636364	0.333333333333	-10.6042	-10.1346	-6.77961
F67M_A	519	0.480519480519	0.833333333333	0.433823529412	-10.6043	-10.7926	-26.3741
A1070Y_C	527	0.397260273973	0.636363636364	0.294117647059	-10.5578	-10.1291	-7.11429
W154H_A	550	0.467532467532	0.833333333333	0.419117647059	-10.5549	-10.7804	-24.5084
E21D_A	557	0.461038961039	0.833333333333	0.411764705882	-10.5006	-10.7425	-25.2565
K1080W_C	566	0.41095890411	0.636363636364	0.313725490196	-10.5767	-10.1502	-7.33329
K1040M_C	577	0.397260273973	0.636363636364	0.294117647059	-10.6965	-10.6173	-6.00025
Y1067L_C	583	0.369863013699	0.545454545455	0.294117647059	-10.8443	-10.3682	-6.21456
S83M_A	594	0.448051948052	0.833333333333	0.397058823529	-10.8753	-11.146	-28.0435
P1078L_C	605	0.356164383562	0.545454545455	0.274509803922	-10.8074	-10.1853	-7.20665
Q151G_A	620	0.435064935065	0.8125	0.391304347826	-10.6359	-11.102	-24.5958
D1095Q_C	638	0.356164383562	0.545454545455	0.274509803922	-10.9103	-9.98923	-7.16647
I93Y_A	656	0.428571428571	0.823529411765	0.379562043796	-10.9092	-11.102	-24.689
N1042I_C	673	0.356164383562	0.545454545455	0.274509803922	-11.0063	-9.98927	-6.45795
K59H_A	688	0.422077922078	0.823529411765	0.372262773723	-10.9045	-11.1137	-24.2995
E74V_A	700	0.415584415584	0.823529411765	0.36496350365	-10.9037	-11.0558	-24.2511
V63K_A	728	0.415584415584	0.823529411765	0.36496350365	-10.5566	-11.1226	-24.1398
I57L_A	737	0.415584415584	0.823529411765	0.36496350365	-10.8313	-11.1972	-24.9122
A1024S_C	753	0.328767123288	0.5	0.254901960784	-10.7912	-9.53431	-6.65377
E37H_A	768	0.415584415584	0.823529411765	0.36496350365	-10.7674	-11.1295	-24.2939
S1063I_C	780	0.315068493151	0.5	0.235294117647	-10.699	-8.90292	-7.63815
I1042N_C	788	0.315068493151	0.5	0.235294117647	-10.7302	-8.74026	-8.32163
L1023V_C	812	0.315068493151	0.5	0.235294117647	-10.7417	-9.2141	-7.85544
M122S_A	821	0.422077922078	0.823529411765	0.372262773723	-10.7417	-11.1176	-25.4031
M1075N_C	839	0.315068493151	0.5	0.224489795918	-11.742	-9.26101	-7.28907
Q32C_A	849	0.409090909091	0.764705882353	0.36496350365	-11.7224	-12.112	-23.9902
L11Y_A	863	0.396103896104	0.705882352941	0.357664233577	-11.0186	-11.1541	-24.4383
H106V_A	880	0.396103896104	0.705882352941	0.357664233577	-11.0202	-11.141	-24.1824
Y1054E_C	917	0.315068493151	0.521739130435	0.22	-11.2526	-9.45481	-7.00783
G151K_A	931	0.376623376623	0.647058823529	0.343065693431	-11.5122	-11.1938	-25.9809
A27T_A	940	0.37012987013	0.647058823529	0.335766423358	-11.7938	-11.5826	-24.2284
E1054D_C	945	0.27397260274	0.434782608696	0.2	-10.748	-9.12689	-7.01926
S8R_A	959	0.376623376623	0.647058823529	0.343065693431	-10.7386	-11.5076	-27.2944
W149L_A	969	0.38961038961	0.647058823529	0.357664233577	-10.7515	-11.4496	-27.1687
Y1051F_C	981	0.260273972603	0.391304347826	0.2	-10.6336	-9.08367	-8.90319
K1047L_C	1000	0.260273972603	0.391304347826	0.2	-10.6267	-9.0977	-12.0202
