name	count	identity	evolved_interaction	ancestral_interaction	stability
L119E_A	1	0.993506493506	-10.4785	-10.5173	-23.4715
A152L_A	14	0.967532467532	-10.4396	-10.5062	-25.163
D145W_A	24	0.941558441558	-10.4376	-10.5121	-27.6951
Q111S_A	33	0.922077922078	-10.3768	-10.5183	-25.5545
K71H_A	42	0.896103896104	-10.4302	-10.8319	-24.816
S127L_A	49	0.87012987013	-10.4221	-10.8116	-25.6289
S111R_A	57	0.857142857143	-10.4156	-10.6351	-26.115
A79E_A	72	0.837662337662	-10.4235	-10.5897	-23.9779
S89H_A	86	0.824675324675	-10.4293	-10.592	-26.2519
Q101D_A	101	0.811688311688	-10.3689	-10.5864	-25.6041
F22Y_A	111	0.785714285714	-10.4725	-10.7021	-24.8814
Y87F_A	117	0.766233766234	-10.4798	-10.6965	-24.8215
E1050G_C	127	0.808219178082	-11.4927	-11.6685	-7.60852
A57M_A	134	0.753246753247	-11.6473	-10.5859	-25.5427
M1083Q_C	141	0.767123287671	-11.6502	-11.5754	-9.11699
N40M_A	150	0.733766233766	-11.365	-10.2188	-24.3069
L1066P_C	155	0.684931506849	-10.6627	-11.4435	-6.70828
Q151E_A	161	0.720779220779	-10.6789	-10.2453	-25.4797
W1023G_C	169	0.671232876712	-10.6956	-11.4619	-7.61251
P136Y_A	186	0.714285714286	-10.7807	-10.5299	-27.17
H1054C_C	196	0.657534246575	-10.8496	-10.7265	-6.99649
C1079G_C	210	0.657534246575	-11.0545	-11.5459	-10.6172
N126L_A	219	0.681818181818	-11.0067	-10.6094	-24.8276
C3E_A	232	0.675324675325	-10.8129	-10.2936	-25.0309
I70Y_A	245	0.662337662338	-10.8153	-10.3084	-24.373
C1025N_C	257	0.630136986301	-10.8412	-11.5455	-6.68986
C1054N_C	267	0.630136986301	-10.8387	-11.5455	-6.78265
L1081V_C	273	0.602739726027	-10.8789	-11.5113	-6.30744
R1047D_C	287	0.58904109589	-10.8709	-11.4431	-6.77131
N93F_A	299	0.616883116883	-10.9357	-10.2813	-25.7544
K101S_A	313	0.603896103896	-10.3786	-9.9765	-24.6582
C51G_A	321	0.597402597403	-10.3504	-9.94682	-25.1614
N140Y_A	330	0.584415584416	-11.1633	-10.2964	-26.1016
A129Y_A	338	0.571428571429	-11.1627	-10.2867	-23.9521
D119F_A	354	0.571428571429	-11.2126	-10.2897	-27.1911
R104K_A	367	0.551948051948	-11.2125	-10.0458	-24.5716
K141R_A	379	0.525974025974	-11.4951	-10.1648	-24.962
V102W_A	389	0.525974025974	-11.5481	-10.1516	-25.7947
Q130N_A	397	0.519480519481	-11.5272	-10.152	-27.4859
V7Q_A	404	0.525974025974	-11.5274	-10.1561	-27.376
K1038Q_C	410	0.534246575342	-11.9822	-10.9997	-9.80609
C1040R_C	424	0.520547945205	-12.0606	-10.5395	-13.3692
F87R_A	429	0.5	-12.1985	-10.0968	-25.0368
S1033A_C	439	0.479452054795	-12.0179	-10.6129	-7.06832
N49A_A	454	0.487012987013	-12.0159	-10.0949	-24.0094
L149Y_A	461	0.480519480519	-11.7467	-10.1317	-24.2007
A79E_A	485	0.467532467532	-11.7463	-10.1458	-23.7325
A1033T_C	504	0.452054794521	-11.8035	-10.3402	-6.95139
N98S_A	513	0.461038961039	-11.6391	-10.2273	-25.4715
P1073M_C	524	0.452054794521	-11.6493	-10.1688	-5.77699
W39E_A	540	0.461038961039	-11.6641	-10.4041	-23.808
A54C_A	554	0.454545454545	-11.6665	-10.4568	-24.0295
I135V_A	569	0.454545454545	-11.6365	-10.4223	-23.4814
C1033K_C	586	0.438356164384	-11.444	-10.1224	-7.34135
K14Y_A	599	0.428571428571	-11.3926	-10.1826	-24.4016
E42C_A	606	0.422077922078	-11.3248	-10.294	-24.3747
D4P_A	615	0.415584415584	-11.3876	-10.1681	-27.0552
R87M_A	631	0.415584415584	-11.4508	-10.3064	-25.5107
Q1056V_C	636	0.397260273973	-13.2032	-10.1055	-6.07803
D1030F_C	643	0.383561643836	-13.2773	-10.1664	-6.03043
S1032G_C	658	0.356164383562	-13.3917	-10.3	-5.98346
I66W_A	670	0.38961038961	-13.3894	-11.5587	-25.1207
R1040N_C	684	0.342465753425	-13.4845	-9.96139	-8.39574
L1083R_C	692	0.342465753425	-11.6872	-8.57035	-11.1556
F1076R_C	699	0.342465753425	-11.6513	-8.53066	-9.17508
K15W_A	707	0.376623376623	-11.0992	-11.9277	-25.1131
E1080M_C	713	0.328767123288	-11.0016	-8.05407	-9.77275
M123V_A	720	0.357142857143	-11.025	-11.8696	-23.8474
G1074E_C	737	0.315068493151	-10.6273	-7.56404	-14.1944
I1024F_C	744	0.301369863014	-10.8522	-7.51132	-12.6292
I57K_A	752	0.357142857143	-11.7583	-12.6274	-23.5808
E79M_A	758	0.350649350649	-11.8428	-12.5611	-23.5858
S68C_A	764	0.357142857143	-11.2554	-12.5503	-23.9364
S63A_A	772	0.350649350649	-11.0223	-12.5856	-24.7846
A1025W_C	788	0.287671232877	-11.0269	-7.31314	-8.05808
K106E_A	796	0.344155844156	-10.638	-12.5114	-25.8148
A63I_A	803	0.337662337662	-10.4252	-12.5118	-26.9924
F70I_A	809	0.337662337662	-10.4248	-12.6008	-24.9008
K91Y_A	815	0.337662337662	-10.425	-12.3629	-23.9638
E1055K_C	824	0.27397260274	-10.5053	-7.14326	-10.7202
V1023I_C	835	0.27397260274	-10.5612	-7.32662	-9.44638
T1077S_C	850	0.260273972603	-11.3043	-7.33665	-6.58471
A38Y_A	864	0.324675324675	-11.3046	-12.3419	-25.3737
A49N_A	886	0.324675324675	-11.3213	-12.3212	-25.0161
L1042I_C	909	0.260273972603	-10.8815	-7.27617	-7.7768
L10S_A	919	0.324675324675	-11.0679	-12.786	-24.0663
M1073H_C	928	0.260273972603	-11.0324	-7.74807	-7.83272
R1093Q_C	942	0.246575342466	-11.0099	-7.58263	-8.02465
N1081H_C	954	0.246575342466	-11.0434	-7.42893	-8.73479
M153T_A	964	0.305194805195	-10.6691	-12.936	-24.4242
E77F_A	981	0.311688311688	-10.6325	-12.9119	-23.8191
W102R_A	995	0.311688311688	-10.6454	-13.0077	-25.3702
