name	count	identity	evolved_interaction	ancestral_interaction	stability
D1080K_C	1	0.986301369863	-10.325	-10.3516	-8.50008
E1050Q_C	12	0.958904109589	-10.4034	-10.2931	-7.1333
E11V_A	25	0.954545454545	-10.5591	-10.6856	-25.4212
N126D_A	35	0.948051948052	-10.4508	-10.574	-25.6451
V62I_A	48	0.928571428571	-10.3726	-10.522	-26.476
N140D_A	62	0.902597402597	-11.3956	-11.5295	-28.1041
S36V_A	69	0.88961038961	-11.3222	-11.4873	-31.3901
Q1095C_C	76	0.835616438356	-11.4181	-10.3873	-6.66068
D1087M_C	82	0.821917808219	-10.6287	-10.2906	-8.32763
L119Y_A	93	0.837662337662	-10.8376	-10.3553	-26.691
K27F_A	101	0.811688311688	-11.3404	-10.5458	-25.9145
Q154I_A	114	0.792207792208	-10.7949	-11.0591	-24.2162
L1094R_C	129	0.753424657534	-11.0418	-9.73615	-7.17889
K37V_A	141	0.75974025974	-11.0311	-10.8657	-25.0848
T31M_A	154	0.75974025974	-11.3886	-10.8823	-25.6015
Y1034Q_C	166	0.712328767123	-11.4927	-9.73387	-7.86561
T91N_A	177	0.74025974026	-11.1991	-11.0339	-25.4651
C1095R_C	187	0.684931506849	-12.2947	-10.1021	-6.73037
R6W_A	210	0.714285714286	-11.0972	-12.0741	-25.4439
V75M_A	222	0.707792207792	-10.5206	-12.0741	-24.4619
F35G_A	232	0.688311688312	-10.4918	-12.1236	-25.5695
H19T_A	241	0.668831168831	-10.6511	-12.2166	-24.4714
A146M_A	255	0.662337662338	-10.5926	-12.1391	-24.9311
L1081M_C	272	0.616438356164	-10.7223	-2.423	-10.0757
D118I_A	281	0.62987012987	-10.7101	-12.6404	-24.967
L150N_A	289	0.616883116883	-10.8249	-12.64	-24.1272
R135I_A	298	0.61038961039	-10.8058	-12.6029	-24.4662
L114E_A	304	0.590909090909	-11.1711	-12.9836	-24.9099
H136M_A	309	0.584415584416	-11.1714	-13.1189	-24.7681
E42W_A	323	0.571428571429	-10.8737	-13.1541	-23.9527
Q9A_A	354	0.564935064935	-10.6874	-12.9652	-25.1209
Q39E_A	361	0.545454545455	-10.6772	-12.8895	-23.7273
C1039H_C	369	0.547945205479	-10.682	-1.49451	-7.2712
I107V_A	384	0.519480519481	-10.6495	-12.6296	-24.8109
T61L_A	392	0.5	-10.9783	-12.3737	-25.463
E108G_A	398	0.487012987013	-10.7621	-12.1582	-25.2648
Y1035V_C	405	0.520547945205	-11.3001	-3.2434	-7.14644
W36L_A	410	0.487012987013	-10.9326	-11.7549	-24.6589
H29K_A	419	0.487012987013	-10.6309	-11.4818	-25.8112
I154F_A	432	0.493506493506	-10.6969	-11.4838	-24.2079
Q74W_A	442	0.493506493506	-10.5478	-11.2378	-24.9528
C1038E_C	450	0.493150684932	-10.5548	-3.36947	-10.4335
F1050G_C	466	0.479452054795	-10.5866	-3.35424	-8.0561
R79Y_A	474	0.480519480519	-10.505	-11.3399	-28.1831
R1073P_C	480	0.479452054795	-10.978	-3.37502	-7.28288
F27A_A	486	0.461038961039	-10.4816	-11.1631	-23.7393
A106R_A	494	0.454545454545	-10.8246	-11.3189	-24.3957
G111R_A	506	0.448051948052	-10.8458	-11.3422	-25.7587
D154C_A	513	0.448051948052	-10.8164	-11.3149	-24.2234
W1047L_C	526	0.465753424658	-10.8939	-8.89894	-7.06892
T33S_A	539	0.448051948052	-10.8936	-11.3189	-24.6807
D6W_A	561	0.441558441558	-10.8254	-11.2609	-25.3536
Q1044L_C	568	0.465753424658	-10.8202	-8.81339	-7.71868
G35Y_A	576	0.441558441558	-10.7484	-11.3328	-24.6905
N104K_A	592	0.441558441558	-10.7026	-11.3136	-25.752
E91Q_A	599	0.422077922078	-10.7247	-11.2799	-24.6675
R1094N_C	614	0.452054794521	-10.4526	-8.4552	-6.62189
I92M_A	621	0.415584415584	-10.4178	-11.2977	-25.2712
L61S_A	629	0.415584415584	-10.3938	-11.2786	-24.9322
I1084E_C	646	0.452054794521	-10.7361	-8.90788	-7.2082
M1036Y_C	655	0.438356164384	-11.1787	-9.74026	-7.29646
T1059Y_C	660	0.424657534247	-11.1577	-9.79879	-8.83821
R18I_A	667	0.402597402597	-11.0345	-10.9573	-24.112
Y1036E_C	675	0.424657534247	-10.9342	-9.51895	-6.33272
R46K_A	683	0.396103896104	-10.5726	-10.7259	-24.3767
M1087V_C	701	0.424657534247	-10.4997	-9.42779	-6.95108
D138A_A	713	0.383116883117	-10.4952	-10.729	-24.5308
A1054H_C	724	0.438356164384	-10.6263	-9.44086	-6.59409
K48D_A	744	0.376623376623	-10.5142	-10.4069	-25.524
F144Y_A	758	0.383116883117	-10.5197	-10.4403	-23.861
C93Q_A	780	0.376623376623	-10.6121	-10.4585	-24.8536
K123A_A	789	0.363636363636	-10.6121	-10.4585	-26.446
Y79T_A	802	0.363636363636	-10.5787	-10.4585	-25.12
T150W_A	809	0.363636363636	-10.4736	-10.513	-25.3206
Q8T_A	817	0.357142857143	-10.4744	-10.513	-24.7474
Y1060K_C	836	0.424657534247	-10.457	-9.33266	-6.1314
N1023K_C	849	0.424657534247	-10.5824	-9.40295	-6.93924
Y155R_A	859	0.337662337662	-10.5552	-10.6407	-24.4359
Y102K_A	865	0.350649350649	-10.5742	-10.6466	-26.7169
E91T_A	870	0.350649350649	-11.0507	-10.9504	-24.564
I1073E_C	884	0.424657534247	-10.9897	-9.24775	-7.34334
F67L_A	895	0.350649350649	-11.1058	-11.2162	-24.8349
C11V_A	903	0.344155844156	-11.0719	-11.2162	-25.0539
Y1058F_C	908	0.438356164384	-10.8972	-9.20822	-7.6674
F14M_A	925	0.337662337662	-10.9558	-11.2072	-24.6743
P1041A_C	939	0.424657534247	-11.0239	-9.16197	-7.22431
Q71M_A	960	0.337662337662	-11.2573	-11.0979	-25.034
V1087D_C	968	0.424657534247	-12.3481	-9.89556	-8.22014
Q118E_A	979	0.344155844156	-12.6749	-11.3341	-24.1986
A1085V_C	993	0.424657534247	-12.7698	-9.81943	-8.07902
