name	count	identity	interface_identity	non_interface_identity	evolved_interaction	ancestral_interaction	stability
E67H_A	1	0.993506493506	1.0	0.992592592593	-10.5085	-10.5223	-25.3097
A79L_A	8	0.980519480519	1.0	0.977777777778	-10.4634	-10.5235	-26.7316
D1075K_C	15	0.931506849315	0.954545454545	0.921568627451	-10.4569	-10.4633	-8.7547
F1037Y_C	26	0.890410958904	0.954545454545	0.862745098039	-10.4142	-10.4133	-7.61124
E1061N_C	39	0.890410958904	0.954545454545	0.862745098039	-10.6472	-10.4693	-8.28849
D102E_A	51	0.902597402597	1.0	0.888888888889	-10.6375	-10.6643	-25.6099
V40R_A	58	0.883116883117	0.947368421053	0.874074074074	-10.6457	-10.7316	-24.3854
K48Q_A	69	0.876623376623	0.947368421053	0.866666666667	-10.6636	-10.6798	-25.1449
S1033T_C	75	0.808219178082	0.818181818182	0.803921568627	-10.5418	-10.3658	-6.17949
V29W_A	88	0.837662337662	0.947368421053	0.822222222222	-10.5358	-10.6846	-24.8033
C1074S_C	105	0.794520547945	0.818181818182	0.78431372549	-10.508	-10.3688	-6.51094
Y64F_A	113	0.818181818182	0.947368421053	0.8	-10.7901	-10.6943	-27.1074
N66F_A	132	0.805194805195	0.947368421053	0.785185185185	-10.7884	-10.6787	-24.2112
N1086Q_C	142	0.739726027397	0.818181818182	0.705882352941	-11.0237	-10.8882	-7.33897
I92L_A	157	0.792207792208	0.947368421053	0.77037037037	-11.0369	-10.6798	-23.8768
A142P_A	168	0.785714285714	0.947368421053	0.762962962963	-11.0482	-10.6798	-24.9267
D146M_A	174	0.75974025974	0.894736842105	0.740740740741	-10.9628	-10.5826	-27.8622
S127N_A	180	0.746753246753	0.894736842105	0.725925925926	-10.8795	-10.5666	-25.0416
T120N_A	188	0.74025974026	0.894736842105	0.718518518519	-10.8905	-10.5787	-24.2237
H67L_A	204	0.74025974026	0.882352941176	0.722627737226	-11.2914	-10.5615	-24.8652
L4R_A	212	0.720779220779	0.823529411765	0.70802919708	-10.8648	-10.4954	-24.5979
C5P_A	225	0.701298701299	0.764705882353	0.693430656934	-11.0978	-10.6777	-26.4157
V1033I_C	233	0.643835616438	0.636363636364	0.647058823529	-10.6876	-10.4884	-8.18737
C7K_A	240	0.688311688312	0.764705882353	0.678832116788	-11.292	-10.7205	-25.951
D118M_A	251	0.675324675325	0.764705882353	0.664233576642	-11.0775	-10.691	-25.9297
M4E_A	263	0.675324675325	0.764705882353	0.664233576642	-11.1426	-10.7326	-29.8026
E102S_A	269	0.681818181818	0.764705882353	0.671532846715	-11.1453	-10.7383	-30.9512
I1080L_C	276	0.616438356164	0.590909090909	0.627450980392	-10.5501	-9.9831	-7.80289
D93E_A	284	0.662337662338	0.764705882353	0.649635036496	-10.5746	-10.5976	-26.5256
E1059H_C	295	0.602739726027	0.590909090909	0.607843137255	-10.5902	-10.0367	-7.06023
S138K_A	302	0.636363636364	0.764705882353	0.620437956204	-10.5405	-10.609	-26.613
G95N_A	309	0.62987012987	0.764705882353	0.613138686131	-10.6502	-10.6742	-25.9322
F64M_A	322	0.623376623377	0.764705882353	0.605839416058	-11.1346	-10.6066	-25.1916
I1093R_C	331	0.58904109589	0.636363636364	0.56862745098	-11.1422	-10.8568	-8.14466
C156L_A	341	0.61038961039	0.764705882353	0.591240875912	-10.8913	-10.4213	-24.7287
Y134L_A	350	0.597402597403	0.764705882353	0.576642335766	-10.9191	-10.4238	-24.7455
H98K_A	360	0.590909090909	0.764705882353	0.569343065693	-10.9201	-10.419	-25.0431
L110V_A	369	0.571428571429	0.764705882353	0.547445255474	-10.9462	-10.1886	-24.7348
F81W_A	385	0.551948051948	0.764705882353	0.525547445255	-10.9362	-10.1785	-23.8094
K98Q_A	408	0.551948051948	0.764705882353	0.525547445255	-10.9456	-10.1964	-24.6195
R1074T_C	420	0.520547945205	0.545454545455	0.509803921569	-11.3431	-11.1185	-6.23255
D121F_A	432	0.545454545455	0.8	0.507462686567	-11.3417	-10.1979	-25.8896
S79M_A	442	0.538961038961	0.8	0.5	-10.5513	-10.1232	-25.856
S33K_A	449	0.519480519481	0.8	0.477611940299	-10.5753	-10.1472	-25.7437
G44K_A	457	0.512987012987	0.727272727273	0.477272727273	-10.9945	-11.2635	-25.8972
M42V_A	463	0.506493506494	0.727272727273	0.469696969697	-11.1399	-11.3708	-25.1441
N1079Y_C	476	0.506849315068	0.541666666667	0.489795918367	-10.9513	-10.2788	-9.47509
A133V_A	485	0.5	0.727272727273	0.462121212121	-10.9905	-10.9834	-25.0469
M79S_A	495	0.5	0.727272727273	0.462121212121	-10.9139	-11.4167	-24.8936
L134Y_A	504	0.5	0.727272727273	0.462121212121	-10.8794	-11.3562	-24.875
W1032T_C	520	0.479452054795	0.541666666667	0.448979591837	-10.3648	-9.60237	-9.71372
V100H_A	532	0.487012987013	0.727272727273	0.44696969697	-10.407	-11.299	-24.3266
Y68F_A	544	0.480519480519	0.727272727273	0.439393939394	-10.3891	-10.7967	-26.7412
L87R_A	559	0.474025974026	0.727272727273	0.431818181818	-10.3632	-10.7755	-25.6044
Q1073F_C	570	0.452054794521	0.541666666667	0.408163265306	-10.4555	-9.63247	-6.25656
C19M_A	585	0.454545454545	0.647058823529	0.430656934307	-11.6763	-11.3841	-24.9397
W53V_A	594	0.448051948052	0.647058823529	0.423357664234	-11.6967	-11.3998	-24.0089
A1094V_C	607	0.452054794521	0.541666666667	0.408163265306	-12.0137	-10.0394	-6.31317
G1079V_C	624	0.452054794521	0.541666666667	0.408163265306	-12.1086	-10.1091	-6.88339
I106L_A	636	0.428571428571	0.6	0.402985074627	-12.1099	-10.7954	-24.6106
L52Y_A	647	0.422077922078	0.6	0.39552238806	-12.1035	-10.7954	-26.2966
H70E_A	654	0.415584415584	0.6	0.388059701493	-12.0552	-10.8054	-24.867
T1032Y_C	672	0.424657534247	0.541666666667	0.367346938776	-12.2418	-10.1419	-7.66676
E4I_A	680	0.415584415584	0.6	0.388059701493	-12.2523	-10.8768	-24.908
G1034H_C	687	0.41095890411	0.541666666667	0.34693877551	-12.1442	-10.214	-6.93113
C95T_A	700	0.409090909091	0.631578947368	0.377777777778	-11.2885	-10.8781	-26.9237
G1046M_C	718	0.383561643836	0.5	0.326530612245	-11.2901	-9.24644	-8.66198
P6R_A	725	0.409090909091	0.631578947368	0.377777777778	-11.2237	-10.8767	-24.4683
K1062P_C	737	0.369863013699	0.458333333333	0.326530612245	-11.0928	-8.81639	-6.98629
Y59R_A	756	0.409090909091	0.666666666667	0.381294964029	-10.9337	-10.8781	-25.8799
S129L_A	764	0.409090909091	0.666666666667	0.381294964029	-11.2031	-10.9581	-28.9154
L54V_A	770	0.402597402597	0.666666666667	0.374100719424	-11.2009	-10.9589	-28.3124
V1025N_C	785	0.383561643836	0.458333333333	0.34693877551	-11.2275	-8.7355	-6.74636
F77L_A	799	0.38961038961	0.6	0.36690647482	-11.2368	-10.9546	-24.8515
E70K_A	809	0.38961038961	0.647058823529	0.357664233577	-10.8738	-10.9272	-26.4159
N21D_A	819	0.38961038961	0.647058823529	0.357664233577	-10.7825	-10.7283	-25.4685
F137M_A	843	0.383116883117	0.647058823529	0.350364963504	-10.6082	-10.5377	-24.7893
S136M_A	856	0.376623376623	0.647058823529	0.343065693431	-10.4963	-9.96285	-28.4762
T118R_A	863	0.376623376623	0.647058823529	0.343065693431	-10.5152	-10.0934	-28.8842
F1073S_C	870	0.342465753425	0.416666666667	0.30612244898	-10.5192	-8.78049	-7.63204
D37T_A	882	0.37012987013	0.647058823529	0.335766423358	-10.5175	-10.2008	-24.6394
I139N_A	900	0.363636363636	0.647058823529	0.328467153285	-10.6641	-10.2012	-24.9654
N1039E_C	908	0.328767123288	0.416666666667	0.285714285714	-10.6717	-8.21597	-7.76978
F35Y_A	916	0.37012987013	0.647058823529	0.335766423358	-11.2957	-10.299	-24.9849
A82R_A	923	0.37012987013	0.647058823529	0.335766423358	-10.7311	-10.335	-26.9681
W1058Q_C	932	0.315068493151	0.375	0.285714285714	-10.7229	-8.46992	-6.73039
V133D_A	938	0.363636363636	0.647058823529	0.328467153285	-10.7343	-10.3487	-25.6649
F92Y_A	944	0.363636363636	0.588235294118	0.335766423358	-10.434	-10.3686	-31.1304
K39C_A	952	0.344155844156	0.588235294118	0.313868613139	-10.5299	-10.6899	-25.6003
C95P_A	961	0.337662337662	0.588235294118	0.306569343066	-10.5161	-10.6956	-24.5497
R82V_A	970	0.337662337662	0.588235294118	0.306569343066	-10.7164	-10.6465	-24.6528
P123N_A	982	0.331168831169	0.588235294118	0.299270072993	-10.7244	-10.6955	-24.6737
