name	count	identity	interface_identity	non_interface_identity	evolved_interaction	ancestral_interaction	stability
H1023D_C	1	0.986301369863	1.0	0.980392156863	-10.478	-10.3956	-8.27563
P88T_A	12	0.987012987013	1.0	0.985185185185	-10.6661	-10.4826	-24.2395
L119T_A	23	0.967532467532	1.0	0.962962962963	-10.6363	-10.4949	-23.7681
D1061F_C	36	0.904109589041	1.0	0.862745098039	-10.6612	-10.6531	-5.85821
S95H_A	45	0.915584415584	0.947368421053	0.911111111111	-11.9383	-11.7475	-24.3813
N126R_A	58	0.896103896104	0.894736842105	0.896296296296	-11.5634	-11.2502	-24.6239
D118C_A	70	0.87012987013	0.894736842105	0.866666666667	-11.5705	-11.2865	-26.0407
K141E_A	77	0.844155844156	0.894736842105	0.837037037037	-11.6017	-11.3167	-26.5447
N93W_A	84	0.818181818182	0.894736842105	0.807407407407	-11.6722	-11.4062	-26.148
A54Y_A	91	0.792207792208	0.833333333333	0.786764705882	-12.1061	-11.7121	-27.4218
K15I_A	102	0.772727272727	0.833333333333	0.764705882353	-12.1596	-11.8029	-24.692
Q1073R_C	111	0.821917808219	0.913043478261	0.78	-12.3283	-10.8115	-10.0023
F1037E_C	123	0.808219178082	0.913043478261	0.76	-12.324	-10.7108	-7.78243
K1040E_C	131	0.794520547945	0.913043478261	0.74	-12.3353	-10.7215	-7.31603
E143K_A	143	0.733766233766	0.833333333333	0.720588235294	-12.3351	-11.8272	-23.9356
K1027N_C	155	0.767123287671	0.833333333333	0.734693877551	-11.4502	-7.64028	-7.42084
D1080Q_C	160	0.739726027397	0.833333333333	0.69387755102	-11.3779	-7.54083	-5.50664
D1075N_C	171	0.712328767123	0.833333333333	0.65306122449	-11.3253	-7.50713	-5.72357
W93R_A	186	0.668831168831	0.842105263158	0.644444444444	-11.0777	-10.5214	-25.33
E63Y_A	198	0.649350649351	0.842105263158	0.622222222222	-11.1269	-10.6905	-25.2093
E99W_A	210	0.62987012987	0.842105263158	0.6	-11.1269	-10.6955	-26.3532
E1094Y_C	228	0.698630136986	0.826086956522	0.64	-11.2198	-7.563	-5.40483
Q82I_A	245	0.616883116883	0.842105263158	0.585185185185	-11.2157	-10.6977	-25.6514
Q130G_A	253	0.597402597403	0.842105263158	0.562962962963	-11.1977	-10.5983	-24.174
C140L_A	264	0.584415584416	0.842105263158	0.548148148148	-11.3567	-10.5906	-24.5511
S127C_A	276	0.564935064935	0.842105263158	0.525925925926	-11.3565	-10.5901	-25.3253
E67R_A	282	0.545454545455	0.842105263158	0.503703703704	-10.7526	-8.77335	-27.4083
I45M_A	293	0.532467532468	0.842105263158	0.488888888889	-10.6207	-8.82347	-26.3664
D1082E_C	308	0.643835616438	0.826086956522	0.56	-10.6196	-7.09425	-5.37452
Q1095L_C	320	0.630136986301	0.782608695652	0.56	-10.638	-7.13389	-5.52155
K27M_A	334	0.512987012987	0.736842105263	0.481481481481	-11.024	-8.72725	-24.9885
V1042A_C	349	0.602739726027	0.782608695652	0.52	-10.9169	-6.83092	-6.42029
C122L_A	363	0.519480519481	0.736842105263	0.488888888889	-10.9196	-8.56618	-25.0158
A1029M_C	376	0.58904109589	0.739130434783	0.52	-11.5238	-7.68638	-8.26896
C123A_A	391	0.512987012987	0.75	0.477611940299	-11.422	-8.63824	-25.1794
G115L_A	406	0.506493506494	0.75	0.470149253731	-11.3437	-8.79426	-27.8493
A1091K_C	414	0.534246575342	0.695652173913	0.46	-11.2442	-7.98189	-6.69555
V66L_A	421	0.487012987013	0.7	0.455223880597	-11.1282	-8.55084	-27.7778
K13W_A	426	0.487012987013	0.7	0.455223880597	-11.2627	-8.06208	-29.3729
K19I_A	432	0.474025974026	0.7	0.440298507463	-11.1156	-8.21672	-24.6121
C141K_A	444	0.480519480519	0.684210526316	0.451851851852	-10.7756	-8.37441	-26.1025
Y99A_A	455	0.474025974026	0.684210526316	0.444444444444	-10.7269	-8.45253	-25.5992
I5M_A	479	0.467532467532	0.722222222222	0.433823529412	-10.7947	-8.55189	-23.8685
W67N_A	493	0.461038961039	0.722222222222	0.426470588235	-10.9361	-8.09634	-27.1421
M35I_A	503	0.448051948052	0.722222222222	0.411764705882	-10.9372	-8.09776	-25.4473
R1046M_C	509	0.520547945205	0.666666666667	0.448979591837	-11.0848	-7.30812	-9.24239
S149M_A	519	0.441558441558	0.647058823529	0.416058394161	-11.0167	-8.06255	-25.6776
L1023N_C	528	0.479452054795	0.625	0.408163265306	-11.0446	-7.70807	-5.71786
S3P_A	537	0.435064935065	0.647058823529	0.408759124088	-11.0158	-8.12969	-24.1459
C1068A_C	551	0.493150684932	0.625	0.428571428571	-10.7806	-7.41748	-5.83531
R1025A_C	561	0.479452054795	0.625	0.408163265306	-10.976	-7.58915	-7.09142
I15F_A	578	0.422077922078	0.647058823529	0.394160583942	-10.9952	-9.24567	-24.2401
A142E_A	599	0.415584415584	0.647058823529	0.386861313869	-11.1678	-7.99667	-25.7487
A1060C_C	612	0.465753424658	0.625	0.387755102041	-11.1804	-7.59507	-5.77304
R1079N_C	629	0.479452054795	0.666666666667	0.387755102041	-10.8951	-7.81611	-6.14739
I119L_A	648	0.409090909091	0.647058823529	0.379562043796	-10.9535	-8.23901	-24.3337
A1080K_C	657	0.465753424658	0.625	0.387755102041	-10.9692	-7.73279	-6.64731
L7M_A	674	0.402597402597	0.647058823529	0.372262773723	-11.108	-8.27441	-25.1548
D1095C_C	688	0.452054794521	0.625	0.367346938776	-11.2713	-8.43357	-6.21288
N67L_A	703	0.383116883117	0.588235294118	0.357664233577	-11.2701	-8.14388	-26.3397
R1047P_C	710	0.438356164384	0.625	0.34693877551	-11.2735	-8.43864	-8.2813
H1058W_C	719	0.438356164384	0.625	0.34693877551	-11.1295	-7.79511	-9.46907
R93Q_A	727	0.37012987013	0.5625	0.347826086957	-10.724	-8.07641	-23.8836
R98I_A	740	0.363636363636	0.5625	0.340579710145	-10.8412	-7.9409	-25.9281
Y1051C_C	746	0.41095890411	0.625	0.30612244898	-10.8129	-7.06666	-8.16887
R1041S_C	756	0.41095890411	0.625	0.30612244898	-10.9907	-7.56294	-7.02876
Q44M_A	770	0.357142857143	0.5625	0.333333333333	-11.3556	-7.9761	-24.9847
T1073A_C	780	0.41095890411	0.666666666667	0.285714285714	-11.3546	-7.81151	-6.87556
W48Y_A	793	0.357142857143	0.5625	0.333333333333	-11.4469	-8.03912	-24.0695
A123C_A	806	0.357142857143	0.5625	0.333333333333	-11.4453	-8.13647	-23.5431
L1034Q_C	817	0.41095890411	0.666666666667	0.285714285714	-11.419	-7.23804	-7.4068
T1032R_C	833	0.397260273973	0.608695652174	0.3	-10.7712	-7.34422	-7.26386
L1063V_C	847	0.356164383562	0.565217391304	0.26	-10.6364	-7.44394	-5.65806
I98K_A	863	0.350649350649	0.571428571429	0.328571428571	-10.6808	-8.26673	-25.3352
R1049M_C	870	0.369863013699	0.565217391304	0.28	-10.6057	-7.37632	-10.1761
N1072I_C	880	0.369863013699	0.565217391304	0.28	-10.6567	-6.79689	-11.3723
K1054V_C	888	0.356164383562	0.565217391304	0.26	-10.7319	-8.80426	-10.7784
N93M_A	901	0.350649350649	0.5	0.335714285714	-10.7887	-8.26572	-27.1527
C1051F_C	909	0.369863013699	0.565217391304	0.28	-10.6881	-9.45456	-11.6749
Q48V_A	921	0.344155844156	0.5	0.328571428571	-11.1268	-8.63501	-23.5969
L115M_A	928	0.344155844156	0.5	0.328571428571	-11.1085	-8.64528	-25.4784
L151W_A	946	0.344155844156	0.5	0.328571428571	-10.6409	-8.50964	-23.6508
Q104T_A	958	0.350649350649	0.5	0.335714285714	-10.642	-8.66415	-23.6607
A1079W_C	966	0.356164383562	0.583333333333	0.244897959184	-10.6619	-9.70378	-6.49729
A129M_A	979	0.344155844156	0.5	0.326086956522	-12.1452	-8.55114	-25.9974
N1048V_C	991	0.356164383562	0.583333333333	0.244897959184	-12.1764	-9.84358	-8.11808
