name	count	identity	evolved_interaction	ancestral_interaction	stability
L1063W_C	1	0.986301369863	-10.4517	-10.3326	-6.80885
A43M_A	11	0.974025974026	-10.6311	-10.5714	-26.6684
N1086W_C	17	0.917808219178	-11.1697	-11.5289	-7.68623
A79K_A	27	0.941558441558	-11.1269	-10.5731	-24.5325
S100F_A	33	0.928571428571	-11.111	-10.5821	-26.2776
K110V_A	43	0.902597402597	-10.8543	-10.4892	-25.2917
E143L_A	48	0.876623376623	-10.7759	-10.5012	-26.9689
Q10R_A	65	0.850649350649	-10.922	-10.6592	-24.9593
L1045M_C	74	0.835616438356	-10.9615	-11.1286	-6.96376
N1025F_C	89	0.794520547945	-11.1122	-11.6359	-7.72745
I107V_A	95	0.818181818182	-11.0113	-10.6834	-26.7235
D121G_A	105	0.798701298701	-10.9948	-10.6592	-26.7743
P59M_A	116	0.779220779221	-10.9867	-10.6627	-25.9767
R1047F_C	128	0.753424657534	-10.9957	-11.5642	-7.23733
T91C_A	136	0.746753246753	-10.8094	-10.6254	-24.8765
M12F_A	154	0.733766233766	-10.7808	-10.5917	-25.4228
D102A_A	163	0.707792207792	-10.7595	-10.5916	-24.1413
A102R_A	181	0.701298701299	-10.7653	-10.5853	-24.7852
E11I_A	187	0.675324675325	-10.8114	-10.6438	-25.7963
S142E_A	202	0.668831168831	-10.4737	-10.6382	-25.8804
S1032T_C	212	0.671232876712	-10.4779	-10.5344	-6.85232
F100V_A	218	0.662337662338	-10.4672	-10.6742	-24.1285
F3K_A	228	0.642857142857	-10.4832	-10.6883	-25.5625
K1073V_C	243	0.643835616438	-10.4466	-10.3857	-8.09437
D37R_A	252	0.616883116883	-10.5531	-10.7557	-25.5344
L4W_A	260	0.590909090909	-10.6114	-10.8587	-24.5101
V1073N_C	293	0.630136986301	-10.591	-10.5433	-7.55813
K1041P_C	306	0.602739726027	-11.0384	-10.8054	-7.96316
S35G_A	313	0.577922077922	-11.1629	-11.1411	-24.4621
T57V_A	325	0.577922077922	-11.7609	-11.1777	-24.6443
S29D_A	337	0.558441558442	-13.0649	-12.3959	-24.7338
A115K_A	344	0.551948051948	-13.4395	-12.5831	-24.7281
T1094H_C	353	0.575342465753	-13.1285	-11.0165	-7.01069
V86T_A	361	0.538961038961	-11.6888	-10.805	-24.29
G35Y_A	369	0.538961038961	-11.668	-10.8105	-24.5778
D87K_A	383	0.538961038961	-11.6524	-10.8105	-24.669
K1054G_C	389	0.534246575342	-11.483	-10.9439	-7.15884
K14G_A	399	0.532467532468	-11.0454	-10.4634	-24.0923
R37Q_A	410	0.532467532468	-10.9982	-10.465	-25.5902
L1074I_C	417	0.520547945205	-10.9903	-10.802	-7.47224
E42R_A	428	0.5	-11.1837	-10.6018	-24.3655
F1077G_C	435	0.534246575342	-11.4952	-11.1068	-9.33132
I1023M_C	451	0.534246575342	-11.6505	-11.1869	-10.6599
D1085L_C	459	0.506849315068	-10.9913	-10.4614	-12.6441
D145H_A	466	0.454545454545	-11.1421	-10.5494	-25.5137
A146Y_A	475	0.441558441558	-11.3782	-10.5217	-24.2073
T61W_A	500	0.441558441558	-11.3846	-10.5558	-25.2689
K1038C_C	510	0.479452054795	-11.3401	-10.8226	-6.23802
M36L_A	518	0.435064935065	-11.1551	-10.2432	-24.4583
T138V_A	540	0.441558441558	-11.1625	-10.3557	-25.5793
Y16W_A	549	0.441558441558	-11.37	-10.5882	-25.9703
W147K_A	562	0.454545454545	-11.6964	-10.4919	-24.8234
K1058I_C	594	0.452054794521	-11.6633	-11.0305	-6.27185
L1085D_C	622	0.479452054795	-11.8714	-11.2066	-6.33188
E5I_A	642	0.454545454545	-11.8991	-10.4457	-25.2299
E1051M_C	649	0.479452054795	-10.7386	-10.2497	-7.58506
E1079R_C	660	0.452054794521	-10.7938	-10.5139	-7.19402
F102Q_A	669	0.448051948052	-10.78	-10.4427	-24.0651
T86A_A	676	0.441558441558	-11.5335	-10.9709	-23.6848
T101Q_A	688	0.448051948052	-11.6112	-10.9295	-24.9271
T1075V_C	707	0.424657534247	-11.7011	-10.1216	-8.05468
I1072L_C	724	0.397260273973	-11.2805	-9.92549	-6.87012
R149L_A	738	0.448051948052	-11.6524	-10.939	-24.6973
R1079V_C	751	0.383561643836	-12.224	-11.0525	-7.79533
S117F_A	764	0.441558441558	-11.2937	-10.1395	-25.1601
I15L_A	776	0.435064935065	-11.2762	-10.1525	-27.4384
Y1023N_C	802	0.369863013699	-11.5835	-9.84915	-6.98441
K115Q_A	808	0.422077922078	-11.5709	-10.9532	-26.0334
A106Q_A	817	0.422077922078	-11.5709	-10.9532	-23.8459
W139A_A	825	0.422077922078	-11.756	-11.1006	-24.9098
R37V_A	832	0.415584415584	-11.7351	-11.0935	-23.8171
T1038V_C	838	0.383561643836	-11.7369	-10.0242	-6.57751
Q1063L_C	858	0.383561643836	-11.4279	-9.82532	-8.03235
T32P_A	869	0.402597402597	-10.8624	-11.1389	-25.8001
T142M_A	892	0.396103896104	-10.7865	-11.0642	-24.0485
T1094I_C	904	0.356164383562	-10.7593	-9.01102	-7.1324
S108C_A	912	0.396103896104	-10.7808	-11.1199	-25.0665
Q52W_A	923	0.396103896104	-10.4706	-11.1104	-27.3584
S156A_A	930	0.383116883117	-10.4737	-11.0989	-24.044
N1023D_C	956	0.356164383562	-10.4735	-9.62486	-6.83731
W52N_A	970	0.396103896104	-10.6323	-11.0398	-24.6106
W35D_A	981	0.38961038961	-10.683	-9.41654	-25.0198
L1081R_C	996	0.342465753425	-10.7277	-7.61526	-6.81964
