name	count	identity	interface_identity	non_interface_identity	evolved_interaction	ancestral_interaction	stability
E67A_A	1	0.993506493506	1.0	0.992592592593	-10.5085	-10.5223	-25.8415
S3Q_A	7	0.974025974026	1.0	0.97037037037	-10.5438	-10.5283	-27.0008
R1055Y_C	15	0.958904109589	1.0	0.941176470588	-10.5847	-10.535	-6.8652
G43Q_A	23	0.941558441558	0.947368421053	0.940740740741	-10.7982	-10.7488	-25.1993
G110R_A	31	0.928571428571	0.947368421053	0.925925925926	-10.7722	-10.7337	-27.0514
F81W_A	41	0.902597402597	0.947368421053	0.896296296296	-10.787	-10.7368	-24.5611
I1094V_C	63	0.890410958904	1.0	0.843137254902	-10.5884	-10.5925	-8.37128
A106Y_A	78	0.883116883117	0.947368421053	0.874074074074	-10.4698	-10.5076	-24.8214
N1086F_C	86	0.821917808219	0.909090909091	0.78431372549	-11.3408	-11.3924	-7.74638
I1070M_C	91	0.808219178082	0.863636363636	0.78431372549	-11.3308	-8.99605	-8.45661
K1059E_C	98	0.794520547945	0.818181818182	0.78431372549	-10.7751	-11.0365	-6.67879
Q101L_A	105	0.818181818182	0.894736842105	0.807407407407	-10.8203	-9.95161	-24.0444
H1023C_C	113	0.753424657534	0.818181818182	0.725490196078	-11.2738	-10.9533	-8.15515
E11K_A	121	0.772727272727	0.842105263158	0.762962962963	-11.3875	-10.7837	-24.946
T108F_A	129	0.746753246753	0.789473684211	0.740740740741	-11.2705	-10.9002	-24.5913
I45V_A	136	0.714285714286	0.789473684211	0.703703703704	-11.3414	-10.9044	-23.7379
V57W_A	143	0.707792207792	0.761904761905	0.699248120301	-11.3165	-11.7128	-25.1159
S67T_A	153	0.694805194805	0.761904761905	0.684210526316	-11.2006	-11.5016	-24.1028
T61G_A	162	0.688311688312	0.761904761905	0.676691729323	-11.3904	-11.6878	-24.1013
A142T_A	170	0.681818181818	0.761904761905	0.669172932331	-11.1962	-11.5306	-25.1453
G44L_A	191	0.655844155844	0.714285714286	0.646616541353	-11.1663	-11.431	-24.1311
Y1055T_C	202	0.657534246575	0.727272727273	0.627450980392	-11.3614	-11.4445	-6.69568
G61C_A	217	0.649350649351	0.666666666667	0.647058823529	-11.1712	-11.3386	-25.4118
K156Y_A	224	0.642857142857	0.666666666667	0.639705882353	-11.2931	-11.4842	-24.1954
G30Y_A	235	0.636363636364	0.666666666667	0.632352941176	-11.2388	-11.1127	-24.4428
G1031I_C	240	0.616438356164	0.666666666667	0.591836734694	-11.6536	-11.8037	-6.0677
I59F_A	253	0.623376623377	0.666666666667	0.617647058824	-11.7096	-11.1396	-23.387
P1044G_C	273	0.575342465753	0.625	0.551020408163	-11.5193	-11.7052	-6.32619
K74Q_A	281	0.603896103896	0.666666666667	0.595588235294	-11.4749	-9.42527	-24.1876
V135L_A	295	0.603896103896	0.666666666667	0.595588235294	-11.5486	-9.46705	-23.9973
N124K_A	304	0.590909090909	0.666666666667	0.580882352941	-11.3147	-7.56572	-25.6129
H33N_A	315	0.597402597403	0.666666666667	0.588235294118	-11.387	-7.61298	-25.6659
D1082W_C	321	0.506849315068	0.608695652174	0.46	-10.5367	-10.5417	-9.05529
Y1039A_C	330	0.506849315068	0.608695652174	0.46	-10.3959	-10.4911	-6.05101
T1032C_C	336	0.506849315068	0.608695652174	0.46	-10.4833	-10.5739	-6.10669
I71Q_A	353	0.564935064935	0.684210526316	0.548148148148	-10.4665	-7.68192	-23.7672
R1047D_C	377	0.493150684932	0.608695652174	0.44	-10.3266	-10.6633	-8.50815
W1082Y_C	382	0.479452054795	0.608695652174	0.42	-10.6458	-10.8922	-9.54346
S142K_A	389	0.564935064935	0.65	0.55223880597	-10.7063	-7.99455	-26.7875
C1071N_C	396	0.452054794521	0.608695652174	0.38	-10.6472	-10.8955	-8.02652
G39A_A	404	0.538961038961	0.6	0.529850746269	-10.9012	-10.1455	-28.2037
V63T_A	411	0.525974025974	0.55	0.522388059701	-10.8328	-9.70224	-26.4358
A152L_A	427	0.512987012987	0.5	0.514925373134	-10.9982	-8.07727	-24.3772
I1073K_C	434	0.438356164384	0.625	0.34693877551	-10.9908	-11.0568	-7.8148
M14K_A	444	0.519480519481	0.55	0.514925373134	-11.3249	-10.0152	-25.2705
N98L_A	459	0.512987012987	0.55	0.507462686567	-12.2456	-10.0931	-25.4285
C138E_A	468	0.5	0.55	0.492537313433	-12.3159	-10.1074	-24.711
L1081I_C	475	0.369863013699	0.458333333333	0.326530612245	-11.5155	-10.4597	-8.63647
K1073C_C	485	0.342465753425	0.416666666667	0.30612244898	-11.7575	-10.9408	-6.27893
A1051Q_C	508	0.328767123288	0.391304347826	0.3	-11.0911	-10.2294	-8.74784
I156F_A	520	0.5	0.55	0.492537313433	-11.9249	-7.44345	-26.3556
V146F_A	528	0.5	0.55	0.492537313433	-11.9561	-8.40793	-25.6816
F1058Q_C	538	0.328767123288	0.391304347826	0.3	-12.0079	-11.2045	-6.95825
C154A_A	548	0.487012987013	0.526315789474	0.481481481481	-11.133	-7.61694	-25.692
C121W_A	559	0.480519480519	0.526315789474	0.474074074074	-11.1234	-9.75297	-24.6551
K15V_A	568	0.474025974026	0.526315789474	0.466666666667	-11.1233	-9.57063	-25.8044
M1023K_C	574	0.315068493151	0.347826086957	0.3	-11.1645	-10.6931	-6.83789
P70M_A	582	0.461038961039	0.526315789474	0.451851851852	-11.1368	-9.19955	-25.9657
M79Y_A	599	0.454545454545	0.473684210526	0.451851851852	-10.6357	-8.72896	-27.086
R1077M_C	606	0.328767123288	0.391304347826	0.3	-10.4079	-9.58194	-7.86484
T67G_A	614	0.454545454545	0.45	0.455223880597	-10.6495	-8.85697	-25.3588
K153D_A	629	0.454545454545	0.45	0.455223880597	-10.4941	-9.29603	-26.886
L106H_A	644	0.454545454545	0.45	0.455223880597	-10.493	-9.29607	-27.7854
K140S_A	653	0.448051948052	0.45	0.44776119403	-10.5075	-9.89107	-25.76
Y30I_A	666	0.441558441558	0.45	0.440298507463	-10.5966	-10.1747	-25.4157
K44Y_A	679	0.441558441558	0.45	0.440298507463	-10.6997	-9.95995	-26.2077
R27W_A	696	0.441558441558	0.45	0.440298507463	-10.633	-9.04412	-25.991
H1070I_C	704	0.342465753425	0.454545454545	0.294117647059	-10.772	-10.7226	-7.01075
K1039Y_C	715	0.342465753425	0.454545454545	0.294117647059	-10.8227	-10.7046	-7.89202
L122F_A	731	0.441558441558	0.45	0.440298507463	-10.8225	-9.10953	-26.012
E1060A_C	739	0.315068493151	0.409090909091	0.274509803922	-10.7335	-10.6187	-7.18907
M111L_A	749	0.428571428571	0.4	0.432835820896	-10.737	-9.10491	-25.0117
A1071S_C	764	0.315068493151	0.409090909091	0.274509803922	-10.7372	-10.6192	-8.38942
H1032L_C	786	0.315068493151	0.409090909091	0.274509803922	-11.1522	-10.2193	-9.22842
E76T_A	803	0.428571428571	0.4	0.432835820896	-10.7893	-9.15534	-26.3018
R135L_A	811	0.415584415584	0.4	0.417910447761	-10.7494	-9.00701	-28.9437
N3F_A	819	0.409090909091	0.4	0.410447761194	-10.7481	-9.00745	-27.015
Y81F_A	828	0.415584415584	0.4	0.417910447761	-10.4267	-9.08045	-26.3138
A1059D_C	834	0.27397260274	0.363636363636	0.235294117647	-10.3761	-9.14672	-7.69944
H145R_A	852	0.409090909091	0.454545454545	0.401515151515	-10.3843	-9.21617	-25.7278
A1046F_C	868	0.260273972603	0.318181818182	0.235294117647	-10.3794	-9.17254	-7.08454
L1032E_C	883	0.260273972603	0.318181818182	0.235294117647	-10.4503	-9.15428	-6.0829
H89C_A	893	0.38961038961	0.454545454545	0.378787878788	-10.4663	-9.20187	-26.865
A1060M_C	904	0.27397260274	0.318181818182	0.254901960784	-10.5139	-9.06614	-7.30762
A1051G_C	912	0.260273972603	0.318181818182	0.235294117647	-10.5056	-9.76487	-5.7525
G139W_A	924	0.376623376623	0.454545454545	0.363636363636	-10.5057	-7.76173	-26.7604
E102K_A	932	0.376623376623	0.454545454545	0.363636363636	-10.5051	-7.28602	-26.328
D1059E_C	955	0.27397260274	0.318181818182	0.254901960784	-10.496	-9.74525	-7.28406
L138M_A	966	0.363636363636	0.409090909091	0.356060606061	-10.6223	-7.28196	-24.276
D130M_A	973	0.37012987013	0.409090909091	0.363636363636	-10.6554	-7.16103	-25.4363
Q1081M_C	983	0.287671232877	0.318181818182	0.274509803922	-10.5476	-9.86717	-8.48107
V86T_A	992	0.37012987013	0.409090909091	0.363636363636	-10.5895	-7.16544	-23.204
