name	count	identity	evolved_interaction	ancestral_interaction	stability
P128Y_A	1	0.993506493506	-10.5034	-10.5197	-25.2787
D1080K_C	9	0.972602739726	-10.4042	-10.4175	-9.88643
S89I_A	16	0.954545454545	-10.4526	-10.5903	-26.1572
D69K_A	23	0.935064935065	-10.5243	-10.6712	-24.9594
S1062E_C	31	0.917808219178	-10.5322	-10.3726	-9.46176
L109F_A	38	0.88961038961	-10.8173	-10.7797	-25.0874
Q39R_A	47	0.87012987013	-12.355	-11.1973	-26.1951
T1077M_C	52	0.821917808219	-12.1109	-11.4402	-12.6079
A142M_A	57	0.837662337662	-12.2555	-11.2004	-25.3408
Y140S_A	62	0.837662337662	-12.2432	-11.2091	-25.5492
W53F_A	69	0.811688311688	-11.8019	-10.4447	-24.2888
K14N_A	75	0.805194805195	-12.1107	-10.6694	-23.8807
F1065W_C	84	0.712328767123	-11.9503	-11.4878	-8.04735
H29G_A	98	0.779220779221	-12.6871	-10.6174	-24.5664
E1062V_C	107	0.698630136986	-12.664	-12.2819	-8.0362
E1034P_C	118	0.657534246575	-12.4537	-11.1916	-7.82899
K1038I_C	123	0.643835616438	-11.9616	-11.2047	-6.85286
K74F_A	132	0.727272727273	-12.0835	-9.37194	-24.8754
P125Y_A	144	0.714285714286	-11.6384	-9.05134	-24.2062
K130H_A	158	0.701298701299	-11.6406	-9.05133	-23.991
F129Y_A	181	0.701298701299	-11.3084	-9.09014	-23.9337
R137F_A	202	0.707792207792	-11.1054	-9.06369	-25.7183
Y87G_A	207	0.688311688312	-12.0637	-8.86588	-24.7317
P1073E_C	220	0.58904109589	-12.3115	-13.0717	-6.86339
V116I_A	230	0.668831168831	-12.3366	-9.04162	-25.6277
Q52I_A	241	0.649350649351	-11.5174	-9.20109	-25.6134
M1070E_C	249	0.561643835616	-11.8215	-12.3687	-6.32682
I7W_A	262	0.62987012987	-11.799	-9.2293	-25.1114
S76L_A	274	0.616883116883	-11.3633	-9.37866	-27.0018
E42V_A	287	0.61038961039	-11.3257	-9.03029	-24.1007
Y1036F_C	297	0.547945205479	-11.4555	-11.8877	-5.61796
V142E_A	306	0.597402597403	-11.4556	-9.04533	-26.0063
G44L_A	323	0.584415584416	-11.1674	-8.86724	-25.3818
F1036I_C	329	0.506849315068	-11.3344	-11.4208	-8.43225
F125L_A	343	0.571428571429	-11.3219	-9.15768	-25.8788
H1092I_C	350	0.465753424658	-10.5678	-10.528	-6.48178
T1079F_C	363	0.465753424658	-10.586	-10.5589	-7.37951
C1034E_C	377	0.465753424658	-10.6248	-10.5285	-6.38878
E1040W_C	385	0.465753424658	-10.4801	-10.4873	-5.828
D121E_A	392	0.545454545455	-10.9873	-9.42734	-25.035
D1059I_C	404	0.452054794521	-10.8591	-11.153	-7.12294
I1059S_C	415	0.452054794521	-10.8593	-11.1811	-6.26815
K40F_A	425	0.525974025974	-10.7439	-7.71198	-26.8199
R70E_A	436	0.519480519481	-10.8643	-9.14138	-26.6552
T1043Q_C	444	0.397260273973	-10.8989	-10.9564	-7.31188
E1050K_C	452	0.383561643836	-10.8996	-10.9833	-8.61043
F40D_A	457	0.512987012987	-10.9061	-9.48402	-24.6157
V62I_A	473	0.5	-11.066	-9.72543	-25.1
V148M_A	486	0.480519480519	-11.0878	-9.75458	-25.9249
K1027V_C	494	0.342465753425	-10.384	-10.6194	-6.22642
S1054R_C	513	0.342465753425	-10.3933	-10.6285	-7.36962
W7E_A	528	0.474025974026	-10.3828	-9.5198	-24.9187
R133L_A	544	0.461038961039	-10.429	-8.92105	-28.2704
C1057R_C	561	0.342465753425	-10.4602	-10.6566	-7.93419
W155K_A	573	0.448051948052	-12.5968	-11.2858	-25.2021
Y139L_A	586	0.441558441558	-12.7488	-11.349	-26.7211
M122N_A	593	0.428571428571	-12.6546	-11.6185	-25.1875
L1058V_C	598	0.315068493151	-12.0961	-10.054	-6.39284
L1029K_C	614	0.315068493151	-10.6802	-8.8878	-5.92384
S52T_A	635	0.422077922078	-10.7477	-12.6433	-24.7419
P79S_A	662	0.422077922078	-10.91	-12.7448	-24.572
F44Y_A	668	0.422077922078	-10.8718	-12.8415	-25.5138
A10M_A	679	0.415584415584	-10.8932	-13.1807	-26.5419
S1042R_C	686	0.315068493151	-10.8958	-8.83947	-7.05063
Y153E_A	694	0.415584415584	-10.8505	-13.0028	-25.6981
S15D_A	703	0.409090909091	-10.547	-11.9497	-25.8101
I154R_A	710	0.402597402597	-10.4604	-12.3395	-25.7601
R1093F_C	716	0.301369863014	-10.6723	-9.31521	-6.53387
P150Q_A	736	0.38961038961	-10.7573	-12.494	-27.083
K100Y_A	749	0.383116883117	-10.9076	-12.6077	-25.2307
C93S_A	757	0.37012987013	-10.7225	-12.9599	-26.0676
K149H_A	776	0.376623376623	-11.5402	-11.1567	-24.3515
I96E_A	789	0.37012987013	-11.5396	-11.1589	-23.8319
M100N_A	817	0.376623376623	-11.9116	-11.1686	-24.0245
G51S_A	831	0.38961038961	-11.9351	-11.1702	-25.7883
S3D_A	838	0.383116883117	-11.8925	-11.1186	-25.6828
I1039L_C	853	0.287671232877	-10.9045	-8.96214	-6.28888
F138W_A	866	0.376623376623	-10.9237	-11.2064	-23.8807
F98Q_A	874	0.376623376623	-10.9182	-11.2064	-24.3966
Y11A_A	883	0.376623376623	-10.9297	-11.0306	-24.6433
K1082D_C	898	0.315068493151	-11.6266	-8.73152	-7.52593
S51V_A	909	0.37012987013	-11.2914	-9.85518	-24.774
P1044R_C	927	0.287671232877	-11.4709	-8.83469	-6.18873
I9L_A	940	0.376623376623	-11.4727	-11.3663	-23.5227
G76W_A	971	0.376623376623	-11.0983	-11.2478	-24.1124
L37C_A	993	0.383116883117	-11.7593	-11.2478	-23.5502
