name	count	identity	interface_identity	non_interface_identity	evolved_interaction	ancestral_interaction	stability
E99D_A	1	0.993506493506	1.0	0.992592592593	-10.4942	-10.4912	-25.3103
S95Q_A	18	0.961038961039	0.947368421053	0.962962962963	-10.6027	-10.5461	-25.2164
K153W_A	33	0.941558441558	0.947368421053	0.940740740741	-10.6273	-10.5922	-24.0931
E1059V_C	42	0.945205479452	0.954545454545	0.941176470588	-10.5605	-10.4894	-6.33536
E1094F_C	56	0.904109589041	0.909090909091	0.901960784314	-10.6812	-10.5998	-8.43361
L49W_A	64	0.915584415584	0.941176470588	0.912408759124	-10.5622	-10.5899	-24.0806
Y111M_A	87	0.909090909091	0.941176470588	0.905109489051	-10.5108	-10.591	-24.8084
L149Q_A	98	0.883116883117	0.941176470588	0.875912408759	-10.4563	-10.4808	-24.0979
E63V_A	118	0.87012987013	0.941176470588	0.861313868613	-10.4433	-10.4851	-24.6515
S1029E_C	131	0.780821917808	0.863636363636	0.745098039216	-10.8936	-10.8267	-7.25905
D145K_A	138	0.837662337662	0.941176470588	0.824817518248	-10.9271	-10.4591	-25.2117
K141F_A	149	0.824675324675	0.941176470588	0.810218978102	-10.9472	-10.4762	-24.844
I1044G_C	157	0.739726027397	0.818181818182	0.705882352941	-10.947	-10.8389	-7.04542
M111E_A	171	0.792207792208	0.941176470588	0.773722627737	-10.8974	-10.4993	-24.4171
V113M_A	179	0.779220779221	0.941176470588	0.759124087591	-10.5969	-10.5093	-25.1342
G115A_A	188	0.75974025974	0.941176470588	0.737226277372	-10.5966	-10.5046	-26.0365
D29L_A	197	0.74025974026	0.941176470588	0.715328467153	-10.7038	-10.5809	-25.6875
K145M_A	202	0.733766233766	0.941176470588	0.70802919708	-10.9209	-10.8268	-27.6946
S127L_A	216	0.720779220779	0.941176470588	0.693430656934	-10.96	-10.886	-26.6634
Q101E_A	223	0.701298701299	0.941176470588	0.671532846715	-10.9311	-10.7541	-23.814
Q39W_A	233	0.694805194805	0.941176470588	0.664233576642	-11.4505	-10.7682	-23.8336
L6P_A	246	0.668831168831	0.882352941176	0.642335766423	-11.2989	-10.6884	-24.785
K74W_A	263	0.642857142857	0.882352941176	0.613138686131	-11.1705	-10.6425	-25.9397
M52I_A	276	0.636363636364	0.882352941176	0.605839416058	-11.2284	-10.6219	-24.4034
S8D_A	296	0.623376623377	0.882352941176	0.591240875912	-11.2098	-10.614	-24.7085
W135G_A	303	0.623376623377	0.882352941176	0.591240875912	-11.2749	-10.6495	-24.1849
S1032N_C	322	0.575342465753	0.727272727273	0.509803921569	-11.374	-11.143	-6.40263
E1060I_C	338	0.561643835616	0.727272727273	0.490196078431	-11.394	-11.1293	-7.30493
I1039W_C	345	0.534246575342	0.727272727273	0.450980392157	-10.6418	-10.6257	-7.00204
S89D_A	357	0.597402597403	0.882352941176	0.56204379562	-10.9094	-10.4014	-24.5442
M38F_A	365	0.597402597403	0.882352941176	0.56204379562	-10.9769	-10.4717	-26.6962
Q1040M_C	372	0.534246575342	0.727272727273	0.450980392157	-11.0129	-10.135	-10.686
Y25S_A	382	0.577922077922	0.823529411765	0.547445255474	-10.6882	-10.1057	-24.229
H135Y_A	393	0.571428571429	0.823529411765	0.540145985401	-11.881	-10.355	-25.1318
P105F_A	401	0.564935064935	0.823529411765	0.532846715328	-11.3814	-9.89663	-24.578
W1046M_C	410	0.465753424658	0.652173913043	0.38	-10.853	-10.8072	-12.3138
T61Y_A	422	0.558441558442	0.823529411765	0.525547445255	-11.527	-9.92725	-26.6223
G1044L_C	430	0.465753424658	0.652173913043	0.38	-11.53	-10.8697	-11.7664
Q1077Y_C	437	0.438356164384	0.652173913043	0.34	-11.4563	-10.873	-8.90095
M146I_A	443	0.545454545455	0.764705882353	0.518248175182	-11.4641	-10.0383	-28.4438
D113V_A	451	0.545454545455	0.764705882353	0.518248175182	-11.5545	-10.1261	-27.5814
C107M_A	459	0.538961038961	0.764705882353	0.510948905109	-11.5889	-10.1278	-28.879
I146R_A	472	0.538961038961	0.736842105263	0.511111111111	-11.3664	-9.78192	-25.269
L147F_A	491	0.532467532468	0.736842105263	0.503703703704	-11.3394	-9.77622	-25.0428
H1047D_C	507	0.424657534247	0.695652173913	0.3	-11.3243	-10.9335	-8.72209
R1057G_C	522	0.424657534247	0.695652173913	0.3	-11.3983	-10.9351	-7.85082
W27F_A	527	0.532467532468	0.736842105263	0.503703703704	-11.4941	-10.0635	-26.4692
L97I_A	535	0.519480519481	0.736842105263	0.488888888889	-11.4535	-10.0902	-26.8582
K1085P_C	543	0.41095890411	0.695652173913	0.28	-11.7562	-10.9096	-8.2255
E12L_A	557	0.493506493506	0.684210526316	0.466666666667	-11.4094	-10.0511	-25.0501
Y103W_A	572	0.506493506494	0.684210526316	0.481481481481	-11.3999	-10.0561	-26.4446
K48Y_A	579	0.487012987013	0.684210526316	0.459259259259	-11.3804	-9.82966	-25.7179
M1081L_C	590	0.397260273973	0.652173913043	0.28	-10.874	-10.6282	-7.20937
K62M_A	598	0.480519480519	0.684210526316	0.451851851852	-10.8842	-9.52405	-26.1408
T140E_A	604	0.480519480519	0.684210526316	0.451851851852	-10.8908	-9.52388	-27.9262
T1059W_C	609	0.383561643836	0.652173913043	0.26	-10.8908	-10.6319	-8.8239
L151V_A	619	0.480519480519	0.684210526316	0.451851851852	-10.9713	-9.73575	-26.7067
W1094M_C	628	0.383561643836	0.652173913043	0.26	-10.9725	-10.6896	-6.76059
S99M_A	643	0.474025974026	0.684210526316	0.444444444444	-10.9764	-9.56214	-26.83
L12F_A	658	0.461038961039	0.6875	0.434782608696	-10.7596	-9.76287	-24.9314
C4Y_A	676	0.461038961039	0.6875	0.434782608696	-10.9189	-9.89896	-25.766
D100N_A	684	0.454545454545	0.6875	0.427536231884	-10.9241	-9.90792	-27.4009
I49E_A	690	0.454545454545	0.6875	0.427536231884	-10.8925	-9.90413	-27.4599
S75A_A	697	0.441558441558	0.733333333333	0.410071942446	-10.6993	-9.90709	-30.5183
A75L_A	702	0.441558441558	0.733333333333	0.410071942446	-10.6915	-9.83249	-29.7958
M145C_A	708	0.435064935065	0.733333333333	0.402877697842	-10.6893	-9.83813	-28.715
K76I_A	718	0.415584415584	0.733333333333	0.381294964029	-10.6796	-9.82532	-25.5787
G23W_A	733	0.415584415584	0.666666666667	0.388489208633	-11.8453	-10.1771	-25.4538
I104T_A	744	0.415584415584	0.666666666667	0.388489208633	-11.8513	-10.1127	-24.6913
W71Y_A	752	0.409090909091	0.625	0.384057971014	-11.7135	-10.1102	-26.6758
N1025M_C	758	0.342465753425	0.583333333333	0.224489795918	-11.5189	-10.0829	-6.91464
V89Q_A	771	0.38961038961	0.625	0.36231884058	-11.5874	-9.9432	-25.1574
D1080E_C	788	0.328767123288	0.583333333333	0.204081632653	-11.8635	-10.2906	-5.93844
T1035I_C	795	0.328767123288	0.583333333333	0.204081632653	-11.8496	-10.2903	-9.58358
D1047N_C	801	0.315068493151	0.541666666667	0.204081632653	-11.5358	-9.8461	-11.863
K14W_A	812	0.376623376623	0.5625	0.355072463768	-10.8138	-9.78942	-27.3486
M9A_A	817	0.376623376623	0.529411764706	0.357664233577	-11.39	-9.37619	-24.9424
T7W_A	829	0.37012987013	0.529411764706	0.350364963504	-11.3731	-9.33828	-25.9439
F1076N_C	840	0.301369863014	0.478260869565	0.22	-11.368	-8.62076	-9.00892
N1047R_C	852	0.315068493151	0.478260869565	0.24	-11.3265	-8.61938	-7.5302
M1025S_C	859	0.315068493151	0.478260869565	0.24	-11.2818	-8.6376	-6.17491
I122D_A	870	0.357142857143	0.529411764706	0.335766423358	-11.2868	-7.97007	-25.5723
Y1077W_C	880	0.315068493151	0.478260869565	0.24	-11.3691	-8.67588	-5.71013
K121C_A	890	0.357142857143	0.529411764706	0.335766423358	-11.3222	-9.43439	-27.009
W132P_A	897	0.363636363636	0.529411764706	0.343065693431	-11.0901	-9.6534	-27.6859
D111Q_A	907	0.363636363636	0.529411764706	0.343065693431	-11.0218	-9.65266	-25.5754
V136A_A	925	0.363636363636	0.529411764706	0.343065693431	-11.0082	-8.29693	-25.4086
P125M_A	935	0.357142857143	0.529411764706	0.335766423358	-11.0079	-9.65438	-25.7254
L1028M_C	942	0.301369863014	0.478260869565	0.22	-11.0338	-8.64522	-6.03892
A9C_A	957	0.350649350649	0.529411764706	0.328467153285	-10.7423	-10.1443	-25.187
Q1032L_C	969	0.301369863014	0.454545454545	0.235294117647	-10.7703	-8.57386	-7.6447
Y68F_A	974	0.337662337662	0.529411764706	0.313868613139	-10.6716	-10.1458	-26.9341
W1059L_C	985	0.315068493151	0.454545454545	0.254901960784	-10.674	-8.47776	-8.59113
C40E_A	994	0.331168831169	0.529411764706	0.306569343066	-10.6611	-8.90727	-25.5162
V151S_A	1000	0.331168831169	0.529411764706	0.306569343066	-10.6292	-10.1462	-24.294
