name	count	identity	evolved_interaction	ancestral_interaction	stability
T1042E_C	1	0.986301369863	-10.4825	-10.5118	-7.98252
N140L_A	8	0.967532467532	-11.1951	-11.1339	-25.343
Y68L_A	18	0.948051948052	-11.1958	-11.16	-24.9821
K110N_A	30	0.928571428571	-10.9463	-10.6564	-25.6904
S35E_A	40	0.915584415584	-10.6756	-10.4204	-28.2832
D118M_A	46	0.896103896104	-11.3334	-10.6327	-27.2196
H153I_A	53	0.883116883117	-11.4995	-10.5764	-24.5621
I1035C_C	64	0.835616438356	-10.6987	-10.84	-8.17704
K14V_A	85	0.844155844156	-10.4747	-10.1922	-26.3606
I1039Y_C	91	0.821917808219	-10.5804	-10.0575	-9.10057
E131P_A	100	0.818181818182	-10.626	-10.3672	-24.9934
V57H_A	131	0.792207792208	-10.5628	-10.4976	-24.3566
Q101N_A	143	0.766233766234	-10.6732	-10.542	-25.1491
Y127M_A	171	0.75974025974	-10.4104	-10.5405	-24.7696
N66Q_A	178	0.746753246753	-10.3989	-10.5401	-25.4397
E12L_A	185	0.733766233766	-10.4521	-10.6264	-25.797
N1086Y_C	192	0.712328767123	-10.4566	-9.73988	-8.71529
K1093Y_C	199	0.712328767123	-10.386	-9.66143	-8.98987
V74Y_A	207	0.688311688312	-10.3978	-10.6146	-24.8675
K1046L_C	214	0.698630136986	-10.3982	-9.67133	-9.56267
C1035H_C	221	0.657534246575	-10.4431	-9.69938	-7.2023
L106F_A	227	0.655844155844	-10.4435	-10.4806	-26.9208
E67K_A	236	0.636363636364	-10.4493	-10.4859	-25.2377
E52W_A	245	0.62987012987	-10.4776	-10.493	-25.6507
K141S_A	253	0.61038961039	-10.4768	-10.5772	-25.7571
D1093N_C	259	0.643835616438	-10.4741	-9.72323	-7.96481
L150E_A	266	0.597402597403	-10.524	-10.4794	-25.7138
S1029G_C	276	0.616438356164	-11.2174	-10.5949	-6.82384
L137R_A	286	0.577922077922	-11.2655	-10.4764	-24.6642
G61Q_A	299	0.558441558442	-11.1715	-10.9441	-27.3411
L146Q_A	305	0.551948051948	-11.2108	-10.914	-27.6588
L4V_A	310	0.545454545455	-11.1664	-10.665	-26.376
V86T_A	317	0.532467532468	-11.1686	-10.7757	-25.2172
E150A_A	330	0.525974025974	-10.8241	-10.7457	-24.3804
T1043E_C	347	0.561643835616	-10.8325	-10.2888	-6.62653
F8W_A	364	0.519480519481	-10.9099	-10.8066	-25.8452
V94N_A	371	0.512987012987	-11.8145	-10.8352	-24.9058
L1079M_C	378	0.547945205479	-14.2323	-11.1027	-7.72734
C99P_A	389	0.512987012987	-12.9323	-11.8155	-26.2654
C1025L_C	399	0.506849315068	-11.3355	-9.71631	-7.99161
Y136Q_A	408	0.487012987013	-11.6624	-9.81489	-24.6565
F6P_A	424	0.487012987013	-10.6983	-9.3288	-25.171
N71W_A	445	0.480519480519	-10.7164	-9.40683	-25.6052
S15K_A	458	0.487012987013	-10.8435	-8.90732	-24.9687
A1051H_C	479	0.493150684932	-10.8279	-5.41528	-6.27216
N94A_A	485	0.454545454545	-11.4705	-9.31981	-25.7733
A30H_A	494	0.454545454545	-11.3565	-9.68705	-25.6836
D1085V_C	502	0.465753424658	-10.5686	-8.55371	-6.84097
V1053A_C	516	0.479452054795	-10.553	-8.55328	-7.83061
Q7F_A	526	0.435064935065	-10.618	-9.02956	-25.6869
I108W_A	535	0.435064935065	-10.6264	-9.18639	-29.2018
H30Y_A	542	0.435064935065	-10.5847	-8.6401	-29.8732
H142P_A	552	0.435064935065	-10.5713	-8.63434	-27.7362
I62T_A	560	0.441558441558	-10.5701	-8.82935	-24.9769
N1042Y_C	569	0.479452054795	-10.5824	-8.51672	-6.73496
N85G_A	576	0.435064935065	-10.8422	-8.51756	-25.0599
E11R_A	588	0.435064935065	-10.6513	-8.95343	-24.7355
Y1061K_C	603	0.479452054795	-10.6227	-8.65377	-8.22481
A148H_A	616	0.428571428571	-10.6779	-9.00457	-24.3054
C1063S_C	626	0.479452054795	-10.7265	-8.64824	-8.62032
S1032A_C	635	0.452054794521	-10.6378	-8.62446	-9.51998
L1034V_C	641	0.438356164384	-10.6186	-8.51324	-7.74939
S1074V_C	649	0.438356164384	-10.6154	-8.50774	-7.85487
P123I_A	657	0.396103896104	-10.563	-9.08346	-24.1933
T1077M_C	670	0.424657534247	-10.5924	-8.50548	-7.36524
M1079C_C	686	0.424657534247	-10.5693	-8.46486	-6.54314
Q151W_A	698	0.37012987013	-10.567	-8.79517	-26.9255
A129P_A	707	0.363636363636	-10.5596	-8.79695	-26.4232
C1058R_C	717	0.438356164384	-10.4926	-8.49647	-7.24892
P78V_A	724	0.357142857143	-10.5869	-8.69739	-26.8768
C1079V_C	730	0.397260273973	-10.6252	-8.21178	-8.6416
H1023S_C	738	0.383561643836	-10.624	-8.24699	-8.49651
E1038R_C	752	0.397260273973	-10.5513	-8.24864	-8.52083
Y1080G_C	761	0.397260273973	-10.649	-8.43044	-6.29712
G1080N_C	771	0.397260273973	-10.6435	-8.42939	-7.00705
G70Q_A	779	0.344155844156	-10.6435	-8.86986	-28.2847
T134V_A	789	0.344155844156	-10.7001	-8.85297	-24.4808
Y64C_A	796	0.337662337662	-10.7298	-8.58354	-24.6323
N67E_A	816	0.344155844156	-10.7194	-8.59677	-25.1966
P1091A_C	823	0.397260273973	-10.7132	-8.9384	-7.50217
K1082D_C	831	0.41095890411	-10.816	-9.6491	-7.99704
I1054W_C	848	0.397260273973	-11.0333	-9.57223	-6.12465
K3M_A	863	0.337662337662	-11.0333	-9.00154	-26.2255
C110Y_A	877	0.337662337662	-10.9837	-8.74858	-26.0749
W71N_A	891	0.337662337662	-10.833	-8.72223	-24.7766
S135L_A	918	0.337662337662	-10.8613	-8.72111	-26.4115
I122C_A	929	0.337662337662	-10.8375	-8.67944	-26.4235
L124M_A	938	0.337662337662	-10.8395	-8.69546	-25.8372
F1052Y_C	950	0.342465753425	-10.6887	-9.20651	-9.20128
A93R_A	962	0.324675324675	-10.6889	-8.09925	-25.6192
D106I_A	979	0.324675324675	-10.6638	-8.22932	-26.9548
H1076W_C	990	0.342465753425	-10.6797	-9.11014	-6.63806
K143N_A	995	0.324675324675	-10.6554	-8.10447	-27.3816
