name	count	identity	interface_identity	non_interface_identity	evolved_interaction	ancestral_interaction	stability
L9V_A	1	0.993506493506	1.0	0.992592592593	-10.4924	-10.5229	-26.15
E1050Y_C	8	0.958904109589	1.0	0.941176470588	-10.6532	-10.6353	-7.85867
G56A_A	16	0.954545454545	0.947368421053	0.955555555556	-10.6287	-10.48	-26.7655
K40S_A	22	0.935064935065	0.947368421053	0.933333333333	-10.6324	-10.4723	-25.7524
D19N_A	28	0.915584415584	0.894736842105	0.918518518519	-11.3696	-11.0925	-27.4165
S156D_A	35	0.896103896104	0.842105263158	0.903703703704	-10.9129	-10.7839	-24.951
P46E_A	41	0.87012987013	0.842105263158	0.874074074074	-10.663	-10.5889	-24.2231
T1043R_C	50	0.876712328767	0.954545454545	0.843137254902	-11.4388	-10.7634	-7.53299
Q154K_A	59	0.837662337662	0.789473684211	0.844444444444	-11.4252	-10.6576	-24.6608
E67M_A	66	0.824675324675	0.789473684211	0.82962962963	-12.0379	-11.0492	-26.4042
D1085I_C	73	0.821917808219	0.909090909091	0.78431372549	-12.0042	-10.9071	-9.55033
R1043G_C	84	0.794520547945	0.863636363636	0.764705882353	-12.18	-11.2476	-8.9705
V51C_A	92	0.785714285714	0.75	0.791044776119	-12.1743	-10.9496	-23.8774
W32G_A	102	0.785714285714	0.75	0.791044776119	-12.5498	-11.0922	-25.8982
M1024R_C	109	0.767123287671	0.863636363636	0.725490196078	-12.1625	-10.902	-7.99623
F48P_A	118	0.753246753247	0.75	0.753731343284	-12.0823	-11.0834	-27.6618
N124M_A	124	0.74025974026	0.75	0.738805970149	-12.1386	-11.0938	-31.1312
R4I_A	129	0.727272727273	0.7	0.731343283582	-11.9212	-10.7157	-27.1349
L149N_A	134	0.707792207792	0.6	0.723880597015	-10.5753	-9.57265	-24.2841
I1035R_C	142	0.684931506849	0.772727272727	0.647058823529	-10.768	-11.1112	-6.90437
A76R_A	153	0.694805194805	0.611111111111	0.705882352941	-11.1472	-9.62369	-25.1722
K59D_A	162	0.675324675325	0.611111111111	0.683823529412	-11.0912	-9.58565	-23.8227
A43C_A	182	0.668831168831	0.555555555556	0.683823529412	-11.5356	-9.58037	-24.6182
R1071E_C	194	0.630136986301	0.681818181818	0.607843137255	-12.256	-12.9904	-7.74833
D145H_A	201	0.636363636364	0.555555555556	0.647058823529	-12.2553	-9.58486	-24.1728
G50F_A	208	0.616883116883	0.555555555556	0.625	-12.2553	-9.58019	-23.821
P1061V_C	216	0.602739726027	0.636363636364	0.588235294118	-12.5052	-9.45396	-6.26325
V1058W_C	229	0.602739726027	0.652173913043	0.58	-12.8069	-9.72741	-6.36533
A10L_A	241	0.597402597403	0.473684210526	0.614814814815	-13.3396	-10.8379	-25.9873
V1028L_C	249	0.58904109589	0.608695652174	0.58	-12.4026	-6.23243	-6.31025
W46R_A	262	0.564935064935	0.473684210526	0.577777777778	-10.997	-10.4235	-24.5654
A101V_A	274	0.564935064935	0.473684210526	0.577777777778	-11.8385	-11.9058	-24.4912
L38M_A	295	0.551948051948	0.473684210526	0.562962962963	-12.0316	-11.8618	-23.9931
L1063F_C	305	0.520547945205	0.565217391304	0.5	-11.9253	-3.38265	-5.47582
P88A_A	314	0.538961038961	0.473684210526	0.548148148148	-11.9672	-11.8205	-24.475
A1074V_C	327	0.506849315068	0.565217391304	0.48	-11.9629	-3.53203	-5.81168
I107Y_A	340	0.532467532468	0.473684210526	0.540740740741	-11.5295	-11.7194	-25.1462
W1058C_C	347	0.479452054795	0.565217391304	0.44	-11.3888	-2.54986	-5.86204
Q1025E_C	359	0.465753424658	0.521739130435	0.44	-10.8087	-1.90897	-5.51559
Y107M_A	370	0.512987012987	0.473684210526	0.518518518519	-10.8151	-11.6812	-24.6499
F137Y_A	380	0.506493506494	0.473684210526	0.511111111111	-11.1698	-12.4545	-25.2876
V57Y_A	392	0.5	0.473684210526	0.503703703704	-11.5894	-12.7928	-24.9311
I1088V_C	400	0.424657534247	0.434782608696	0.42	-12.1303	-3.26919	-5.5696
M1084Q_C	425	0.397260273973	0.391304347826	0.4	-11.3331	-2.86119	-5.44218
L114I_A	438	0.474025974026	0.473684210526	0.474074074074	-10.9102	-12.8729	-25.3701
I114Q_A	449	0.480519480519	0.473684210526	0.481481481481	-10.9166	-12.9076	-26.3003
N1079A_C	457	0.383561643836	0.391304347826	0.38	-10.9213	-2.5674	-5.76134
C51Q_A	477	0.487012987013	0.473684210526	0.488888888889	-11.0315	-13.0698	-25.1299
T111K_A	484	0.480519480519	0.473684210526	0.481481481481	-10.9337	-13.1206	-27.0013
R1058W_C	490	0.369863013699	0.391304347826	0.36	-10.9453	-2.17449	-5.15859
Y1051Q_C	506	0.369863013699	0.391304347826	0.36	-10.8475	-2.10193	-5.46935
T15I_A	522	0.448051948052	0.473684210526	0.444444444444	-10.8167	-12.5229	-26.0759
K1086H_C	530	0.369863013699	0.391304347826	0.36	-10.973	-1.82498	-5.15569
S136A_A	547	0.441558441558	0.473684210526	0.437037037037	-10.7321	-12.5144	-25.9466
L1028M_C	555	0.356164383562	0.391304347826	0.34	-11.94	-4.30521	-7.57967
W39R_A	561	0.422077922078	0.473684210526	0.414814814815	-11.9248	-12.2304	-25.728
H53M_A	575	0.415584415584	0.473684210526	0.407407407407	-11.7134	-12.2977	-26.2967
P155W_A	589	0.415584415584	0.473684210526	0.407407407407	-12.25	-12.4088	-28.6109
W143Y_A	596	0.415584415584	0.473684210526	0.407407407407	-10.7656	-12.2889	-27.5184
H142A_A	602	0.422077922078	0.473684210526	0.414814814815	-10.6329	-12.2699	-27.4432
I45L_A	608	0.415584415584	0.473684210526	0.407407407407	-10.8866	-12.1401	-27.4243
M99A_A	613	0.409090909091	0.473684210526	0.4	-10.5136	-12.1768	-26.2728
L149A_A	619	0.402597402597	0.473684210526	0.392592592593	-10.5409	-12.0603	-25.988
Q130N_A	630	0.396103896104	0.473684210526	0.385185185185	-10.5698	-12.3136	-26.0654
R39A_A	641	0.396103896104	0.473684210526	0.385185185185	-10.6747	-11.7657	-25.7123
D10Y_A	647	0.383116883117	0.473684210526	0.37037037037	-10.9932	-12.2755	-28.3011
L140N_A	664	0.383116883117	0.473684210526	0.37037037037	-10.8955	-12.2586	-27.4956
V100R_A	672	0.383116883117	0.473684210526	0.37037037037	-10.6096	-11.8122	-26.3602
A136I_A	681	0.37012987013	0.473684210526	0.355555555556	-10.7724	-12.0679	-27.0213
S122Y_A	690	0.357142857143	0.473684210526	0.340740740741	-10.6564	-12.0944	-26.2924
N1067V_C	701	0.342465753425	0.434782608696	0.3	-10.5718	-3.88963	-8.5125
K14A_A	710	0.350649350649	0.421052631579	0.340740740741	-10.4401	-11.8423	-27.3843
A88G_A	717	0.357142857143	0.421052631579	0.348148148148	-11.6685	-11.8979	-25.0092
E1025Y_C	728	0.356164383562	0.434782608696	0.32	-11.2242	-7.83519	-7.69741
E29L_A	733	0.344155844156	0.428571428571	0.330827067669	-12.4896	-12.1091	-26.4338
E118Q_A	743	0.344155844156	0.428571428571	0.330827067669	-12.4842	-11.9955	-25.1789
F114S_A	756	0.337662337662	0.421052631579	0.325925925926	-12.4697	-12.3451	-25.8329
K1039Y_C	769	0.342465753425	0.416666666667	0.30612244898	-12.5486	-7.68187	-8.13587
Y107R_A	775	0.331168831169	0.421052631579	0.318518518519	-12.6167	-12.3533	-26.8035
D1030M_C	787	0.315068493151	0.375	0.285714285714	-13.1669	-8.24991	-9.88426
A1075L_C	801	0.301369863014	0.375	0.265306122449	-13.3465	-7.65037	-6.76004
D1068H_C	809	0.287671232877	0.333333333333	0.265306122449	-11.2169	-6.32524	-8.06677
Q51M_A	819	0.337662337662	0.444444444444	0.323529411765	-11.6651	-13.2091	-29.4096
R13W_A	830	0.350649350649	0.5	0.330882352941	-11.4917	-10.0719	-30.2251
I102A_A	837	0.344155844156	0.5	0.323529411765	-11.5578	-10.0363	-24.8314
K1032I_C	848	0.27397260274	0.347826086957	0.24	-11.5323	-6.43848	-7.8226
Y1025R_C	857	0.27397260274	0.347826086957	0.24	-11.2765	-6.64662	-7.8294
F1081G_C	864	0.287671232877	0.347826086957	0.26	-11.7945	-6.45157	-6.25981
W118V_A	879	0.337662337662	0.473684210526	0.318518518519	-12.5223	-9.7564	-24.8535
E138D_A	892	0.337662337662	0.5	0.313432835821	-11.1237	-9.74868	-24.3479
E37H_A	902	0.337662337662	0.5	0.313432835821	-11.2396	-10.3136	-25.5734
W11L_A	913	0.324675324675	0.5	0.298507462687	-11.7546	-10.3126	-26.4666
K82F_A	926	0.318181818182	0.52380952381	0.285714285714	-11.6404	-9.74004	-25.582
G19E_A	934	0.311688311688	0.52380952381	0.278195488722	-11.0191	-9.64212	-27.7361
A1055F_C	954	0.27397260274	0.347826086957	0.24	-11.0169	-6.23462	-7.96164
Q115W_A	960	0.305194805195	0.52380952381	0.270676691729	-11.2786	-9.45739	-26.6337
R76T_A	969	0.305194805195	0.52380952381	0.270676691729	-11.3751	-8.71798	-26.1554
I100S_A	977	0.311688311688	0.545454545455	0.272727272727	-11.3823	-8.75128	-24.3711
F131L_A	983	0.305194805195	0.545454545455	0.265151515152	-11.3694	-8.68019	-24.3473
