name	count	identity	interface_identity	non_interface_identity	evolved_interaction	ancestral_interaction	stability
T1042F_C	1	0.986301369863	1.0	0.980392156863	-10.4739	-10.4991	-8.26044
L94W_A	15	0.980519480519	1.0	0.977777777778	-10.6506	-10.5055	-24.6816
E1079G_C	21	0.917808219178	0.954545454545	0.901960784314	-10.686	-10.6994	-6.82726
A142M_A	30	0.948051948052	1.0	0.940740740741	-10.7247	-10.5199	-24.7817
P105R_A	36	0.928571428571	1.0	0.918518518519	-10.6428	-10.5149	-25.5216
L97M_A	44	0.896103896104	1.0	0.881481481481	-10.6489	-10.5089	-24.9561
E67L_A	57	0.876623376623	1.0	0.859259259259	-10.6441	-10.5143	-24.402
E32Y_A	71	0.850649350649	1.0	0.82962962963	-10.6621	-10.5014	-24.1086
K74L_A	84	0.844155844156	1.0	0.822222222222	-10.65	-10.5094	-24.134
M5S_A	106	0.824675324675	1.0	0.8	-10.6546	-10.503	-23.8305
R98L_A	123	0.824675324675	1.0	0.8	-10.5096	-10.4997	-23.8694
K146F_A	130	0.811688311688	1.0	0.785185185185	-10.5691	-10.527	-26.1645
S138I_A	140	0.785714285714	1.0	0.755555555556	-10.5234	-10.4531	-26.2352
G44S_A	149	0.75974025974	0.947368421053	0.733333333333	-11.155	-11.669	-24.29
I1032M_C	157	0.753424657534	0.913043478261	0.68	-11.6531	-10.4672	-8.87332
D1085V_C	167	0.72602739726	0.869565217391	0.66	-11.4199	-10.3052	-6.53208
A106P_A	183	0.74025974026	0.947368421053	0.711111111111	-11.3344	-11.5449	-26.2219
H1023Q_C	191	0.684931506849	0.826086956522	0.62	-12.0176	-10.4451	-6.70499
S1042D_C	200	0.657534246575	0.826086956522	0.58	-12.0373	-10.452	-6.89973
R1047T_C	210	0.630136986301	0.826086956522	0.54	-12.1232	-10.4915	-6.98079
V76S_A	223	0.701298701299	0.894736842105	0.674074074074	-12.0449	-11.6354	-25.4093
M94E_A	231	0.694805194805	0.894736842105	0.666666666667	-11.9711	-11.383	-23.8192
Q40V_A	238	0.681818181818	0.789473684211	0.666666666667	-12.4299	-12.1604	-25.0268
N59S_A	250	0.668831168831	0.789473684211	0.651851851852	-12.4709	-12.1545	-25.0959
S95Q_A	264	0.655844155844	0.789473684211	0.637037037037	-12.4816	-12.1648	-24.2725
A156M_A	275	0.649350649351	0.789473684211	0.62962962963	-12.3564	-12.0587	-25.5604
Y155K_A	283	0.636363636364	0.789473684211	0.614814814815	-11.5632	-11.3393	-23.9252
Q95W_A	291	0.636363636364	0.789473684211	0.614814814815	-11.6894	-10.818	-25.8814
A133M_A	300	0.636363636364	0.789473684211	0.614814814815	-11.7039	-10.8799	-26.006
V100A_A	312	0.623376623377	0.789473684211	0.6	-11.7038	-10.9675	-28.9053
Q1023R_C	319	0.547945205479	0.772727272727	0.450980392157	-11.7196	-10.2147	-6.57937
D98I_A	325	0.61038961039	0.736842105263	0.592592592593	-11.7546	-10.9448	-31.716
V57H_A	331	0.584415584416	0.736842105263	0.562962962963	-11.8136	-11.0548	-24.1036
S59Q_A	347	0.584415584416	0.736842105263	0.562962962963	-11.4271	-11.1885	-24.4185
L67Y_A	355	0.584415584416	0.75	0.559701492537	-11.557	-10.9558	-25.6686
Q151F_A	367	0.577922077922	0.75	0.55223880597	-11.5782	-11.3289	-25.9224
A43L_A	372	0.571428571429	0.684210526316	0.555555555556	-11.7248	-11.6139	-24.5216
C94N_A	381	0.558441558442	0.684210526316	0.540740740741	-11.7132	-11.5993	-24.8418
T61Q_A	394	0.551948051948	0.684210526316	0.533333333333	-11.7126	-11.5795	-25.4477
Q1038T_C	404	0.575342465753	0.727272727273	0.509803921569	-11.7641	-10.6314	-6.44919
A1071K_C	414	0.575342465753	0.727272727273	0.509803921569	-11.6937	-10.718	-7.19685
T108W_A	422	0.519480519481	0.684210526316	0.496296296296	-11.6172	-11.4638	-23.739
F78M_A	440	0.519480519481	0.684210526316	0.496296296296	-11.6178	-11.4638	-24.8436
F122E_A	448	0.506493506494	0.684210526316	0.481481481481	-11.5919	-11.2339	-24.1046
D1082F_C	461	0.561643835616	0.727272727273	0.490196078431	-11.0857	-9.92547	-7.93342
S147C_A	468	0.506493506494	0.647058823529	0.489051094891	-10.8499	-11.1915	-25.0626
W1081M_C	476	0.534246575342	0.681818181818	0.470588235294	-10.7492	-9.59599	-11.0376
R37D_A	482	0.512987012987	0.647058823529	0.496350364964	-10.7528	-11.6342	-26.5721
I43M_A	489	0.512987012987	0.666666666667	0.492647058824	-10.8086	-11.3422	-28.6929
W1023V_C	497	0.465753424658	0.681818181818	0.372549019608	-10.5992	-9.1596	-6.1717
V48A_A	505	0.5	0.647058823529	0.481751824818	-11.1751	-11.2933	-24.1962
R49W_A	514	0.493506493506	0.647058823529	0.474452554745	-11.5012	-11.021	-23.5593
Q39F_A	522	0.480519480519	0.647058823529	0.459854014599	-11.5065	-10.8662	-23.882
Y87F_A	531	0.474025974026	0.647058823529	0.452554744526	-11.4933	-11.0221	-23.8899
L109M_A	536	0.467532467532	0.647058823529	0.445255474453	-11.6552	-11.2105	-24.494
S139N_A	542	0.467532467532	0.647058823529	0.445255474453	-11.6013	-11.2345	-24.5873
T1044W_C	549	0.452054794521	0.636363636364	0.372549019608	-11.6016	-9.79506	-10.3863
K44W_A	559	0.461038961039	0.588235294118	0.445255474453	-10.4583	-10.8042	-25.888
N1094W_C	568	0.424657534247	0.636363636364	0.333333333333	-10.4896	-9.70623	-8.3974
P65F_A	573	0.435064935065	0.588235294118	0.416058394161	-10.4352	-9.62053	-27.2439
W153Q_A	581	0.435064935065	0.588235294118	0.416058394161	-10.4399	-10.6004	-23.9512
F35Y_A	587	0.428571428571	0.588235294118	0.408759124088	-10.43	-10.8056	-25.7678
W119K_A	594	0.422077922078	0.588235294118	0.401459854015	-10.5646	-10.8324	-24.6663
D1048Q_C	606	0.424657534247	0.608695652174	0.34	-10.5527	-9.90959	-9.31205
T1033S_C	616	0.438356164384	0.608695652174	0.36	-10.8016	-9.93559	-7.96364
I30E_A	627	0.415584415584	0.588235294118	0.394160583942	-11.0964	-10.8712	-26.3572
F99I_A	638	0.409090909091	0.588235294118	0.386861313869	-11.0291	-10.6998	-26.4973
A1051C_C	649	0.397260273973	0.590909090909	0.313725490196	-11.1689	-9.24475	-10.064
L1049Q_C	655	0.383561643836	0.590909090909	0.294117647059	-11.0624	-9.18411	-5.81029
M98I_A	669	0.396103896104	0.529411764706	0.379562043796	-11.6173	-11.5676	-24.1725
R4F_A	706	0.383116883117	0.470588235294	0.372262773723	-11.6087	-11.6053	-24.1442
E115A_A	717	0.383116883117	0.5	0.369565217391	-11.6157	-11.6425	-24.5223
L1066Y_C	731	0.369863013699	0.545454545455	0.294117647059	-11.2218	-9.23754	-8.08068
R1079W_C	746	0.369863013699	0.545454545455	0.294117647059	-11.1506	-9.14107	-7.91868
M131E_A	754	0.383116883117	0.4375	0.376811594203	-11.12	-11.0438	-24.9904
F68N_A	759	0.396103896104	0.4375	0.391304347826	-10.9853	-11.4478	-24.6931
S1053V_C	771	0.356164383562	0.5	0.294117647059	-10.9137	-9.12787	-6.35652
Q61T_A	787	0.396103896104	0.4375	0.391304347826	-10.4554	-11.0861	-24.9081
M140T_A	800	0.38961038961	0.4375	0.384057971014	-10.4655	-11.078	-24.1693
E1059Q_C	808	0.328767123288	0.5	0.254901960784	-10.4929	-9.12566	-6.59191
R29E_A	828	0.376623376623	0.4375	0.369565217391	-10.4259	-11.0895	-24.0639
G79E_A	841	0.376623376623	0.4375	0.369565217391	-10.4358	-10.5797	-25.3014
E131Q_A	858	0.357142857143	0.4375	0.347826086957	-10.4679	-10.8373	-24.3359
M1035R_C	872	0.342465753425	0.5	0.274509803922	-10.4491	-9.12791	-9.0338
L1059H_C	887	0.342465753425	0.5	0.274509803922	-10.5263	-9.19315	-7.02333
V1046F_C	903	0.342465753425	0.5	0.274509803922	-10.5281	-9.21412	-7.93757
T113C_A	920	0.357142857143	0.4375	0.347826086957	-11.0963	-10.988	-24.6581
V1023I_C	931	0.342465753425	0.5	0.274509803922	-11.1126	-9.06562	-7.89684
W1093L_C	941	0.342465753425	0.5	0.274509803922	-11.121	-9.07107	-6.92209
I1038Q_C	951	0.342465753425	0.5	0.274509803922	-10.8936	-9.06536	-6.41497
S1050I_C	965	0.328767123288	0.5	0.254901960784	-10.904	-9.0587	-8.45554
P14I_A	974	0.324675324675	0.4375	0.311594202899	-10.7115	-10.6952	-25.0137
I105H_A	986	0.318181818182	0.4375	0.304347826087	-11.0467	-10.6179	-24.8776
K1075M_C	992	0.328767123288	0.5	0.254901960784	-11.1007	-9.24536	-8.76734
A1051N_C	1000	0.301369863014	0.5	0.21568627451	-11.1106	-9.22788	-10.0944
