name	count	identity	evolved_interaction	ancestral_interaction	stability
K15E_A	1	0.993506493506	-10.0255	-10.8176	-25.801
N124W_A	8	0.974025974026	-10.6004	-10.9234	-25.5763
Q154R_A	25	0.948051948052	-10.6074	-10.9329	-26.1149
E1050K_C	44	0.931506849315	-10.6888	-10.3105	-9.28095
D1075I_C	56	0.904109589041	-10.6821	-10.3059	-9.63206
K146T_A	66	0.88961038961	-10.633	-10.8931	-24.7156
A1091Q_C	77	0.876712328767	-10.596	-10.213	-10.0347
M36P_A	90	0.863636363636	-10.6289	-9.99614	-22.0289
E1034V_C	107	0.821917808219	-10.6534	-10.2	-7.46223
E99N_A	116	0.831168831169	-11.0673	-11.4599	-24.3368
I1075H_C	127	0.794520547945	-10.7793	-10.1599	-6.2141
E12D_A	134	0.785714285714	-10.8022	-10.2281	-22.2034
S1062P_C	147	0.767123287671	-10.7935	-10.1473	-7.73692
I1088E_C	154	0.753424657534	-10.94	-9.00955	-6.65332
D59T_A	170	0.766233766234	-10.8921	-11.7809	-25.5935
A43L_A	192	0.746753246753	-10.9027	-11.7416	-29.8967
H1075I_C	205	0.739726027397	-10.9028	-8.82103	-6.46684
A54F_A	220	0.701298701299	-10.9747	-11.8043	-23.2838
Y122W_A	231	0.688311688312	-11.1661	-11.8003	-24.5796
K1054S_C	239	0.72602739726	-11.1654	-8.94814	-6.37031
E1059C_C	247	0.712328767123	-11.1687	-8.95764	-6.41302
Q1073M_C	256	0.684931506849	-11.5271	-9.3165	-7.88282
N1038K_C	277	0.684931506849	-10.7387	-9.21033	-8.06152
I1065W_C	292	0.684931506849	-10.6289	-9.25567	-9.31118
K52V_A	309	0.61038961039	-10.5742	-10.8437	-22.3392
F92M_A	321	0.61038961039	-10.5611	-10.8431	-24.1394
K21M_A	339	0.590909090909	-10.6517	-10.7683	-23.6246
E49H_A	349	0.577922077922	-10.6523	-10.8024	-22.7607
Q10M_A	361	0.564935064935	-10.6635	-10.7713	-24.2151
L18I_A	366	0.551948051948	-10.6657	-11.4719	-24.8954
N1043Q_C	372	0.671232876712	-11.6665	-9.33516	-7.72896
P36K_A	385	0.538961038961	-12.1067	-12.7224	-25.131
E143S_A	390	0.532467532468	-11.3178	-12.7061	-25.1058
K141L_A	397	0.525974025974	-11.3114	-12.7061	-24.11
Q1061T_C	413	0.58904109589	-11.4132	-8.77219	-6.49388
L1066R_C	424	0.575342465753	-11.5301	-9.60037	-6.99988
H33N_A	432	0.525974025974	-11.5461	-12.5765	-25.1573
K1027V_C	443	0.534246575342	-11.3992	-9.20736	-6.2834
S138H_A	451	0.506493506494	-11.3904	-12.5304	-24.6847
A1062E_C	462	0.493150684932	-11.7807	-9.20281	-7.65826
W1075M_C	474	0.493150684932	-11.5139	-9.30138	-7.00859
H142K_A	487	0.487012987013	-11.9504	-12.2721	-24.9064
L60I_A	499	0.480519480519	-11.18	-11.9676	-24.0444
D1080F_C	517	0.465753424658	-11.1501	-9.32449	-6.5059
C1059E_C	530	0.493150684932	-11.4005	-9.57506	-7.33953
I1039C_C	543	0.465753424658	-11.4169	-9.55366	-7.91856
I60M_A	553	0.467532467532	-11.5461	-11.8219	-29.5175
E1070Q_C	565	0.452054794521	-10.4769	-8.51252	-6.58482
K82A_A	574	0.441558441558	-10.4814	-11.8597	-25.3097
T136L_A	584	0.428571428571	-10.403	-11.8008	-26.0598
A82Y_A	594	0.428571428571	-10.7039	-11.9119	-24.6698
S1095N_C	607	0.424657534247	-10.8249	-9.36252	-6.52559
H156A_A	619	0.415584415584	-10.8443	-12.1067	-25.1055
E1062P_C	624	0.41095890411	-10.8465	-9.36163	-6.72424
P1062Q_C	643	0.41095890411	-10.5973	-8.9331	-6.40167
K76I_A	656	0.402597402597	-10.8017	-12.3015	-24.2517
Y100P_A	668	0.396103896104	-10.7777	-12.198	-24.5409
C57L_A	686	0.396103896104	-10.5964	-11.7869	-25.7159
Q1062G_C	695	0.41095890411	-10.6349	-9.06211	-6.54786
F104T_A	707	0.383116883117	-10.7755	-11.7325	-23.7427
D133V_A	722	0.38961038961	-10.7539	-11.8676	-24.1179
A156V_A	733	0.38961038961	-10.6376	-11.8304	-24.1023
Y6W_A	748	0.38961038961	-10.637	-11.9197	-26.2033
E61I_A	754	0.376623376623	-10.6795	-11.7205	-24.5375
W1093R_C	763	0.383561643836	-10.7213	-9.18966	-9.07808
N147I_A	776	0.376623376623	-10.7483	-11.8753	-26.9683
S146W_A	782	0.376623376623	-10.7462	-11.8487	-26.8636
I1038F_C	789	0.369863013699	-10.7216	-9.17192	-6.51782
T104V_A	796	0.357142857143	-10.6872	-11.5412	-25.5989
I1079Y_C	804	0.356164383562	-10.6908	-9.14535	-6.47905
K1042W_C	813	0.356164383562	-10.692	-9.12915	-7.18979
P108A_A	821	0.350649350649	-10.6557	-11.5963	-24.0893
Y155M_A	834	0.337662337662	-10.6387	-11.9947	-24.6329
M1073K_C	861	0.342465753425	-10.7619	-9.18795	-10.3941
S4H_A	870	0.324675324675	-10.8037	-11.6375	-25.789
F131I_A	881	0.324675324675	-11.1096	-11.5631	-25.2475
F71H_A	889	0.324675324675	-11.1066	-11.5619	-24.0007
M75L_A	896	0.324675324675	-11.0464	-11.5621	-24.8654
C1039I_C	911	0.328767123288	-10.5686	-8.77358	-7.93839
M66P_A	922	0.324675324675	-10.8286	-11.1859	-25.1683
C79H_A	929	0.324675324675	-10.8497	-11.1465	-24.7091
G55H_A	937	0.305194805195	-10.849	-11.145	-24.8607
M1083L_C	947	0.328767123288	-11.0409	-8.72459	-7.28566
C1025S_C	960	0.328767123288	-10.6975	-8.92822	-7.44453
F42R_A	976	0.292207792208	-10.9734	-11.1915	-23.9788
L9I_A	995	0.285714285714	-11.0643	-12.252	-25.301
