name	count	identity	evolved_interaction	ancestral_interaction	stability
D1068F_C	1	0.986301369863	-9.23294	-7.62063	-10.5258
A1091K_C	37	0.945205479452	-9.54278	-7.54859	-12.1874
A129R_A	53	0.954545454545	-9.71416	-9.87123	-25.6466
E1059W_C	78	0.931506849315	-10.0003	-7.58155	-11.6783
H144L_A	88	0.909090909091	-10.245	-11.0465	-25.8724
T1043W_C	98	0.904109589041	-10.6063	-7.02674	-13.0439
A1074N_C	110	0.876712328767	-10.4268	-7.03764	-11.4121
T1077W_C	120	0.821917808219	-10.4485	-7.06202	-7.55772
D1075C_C	130	0.808219178082	-10.463	-7.07636	-9.32845
K146C_A	142	0.837662337662	-10.3225	-10.4776	-27.4042
C93W_A	149	0.811688311688	-11.2466	-11.9001	-26.5311
N1025H_C	162	0.739726027397	-11.1819	-5.15044	-7.07372
L114Q_A	174	0.779220779221	-11.09	-9.23823	-24.1471
H36K_A	190	0.75974025974	-11.363	-9.72816	-26.7338
R40Q_A	197	0.746753246753	-11.3571	-9.67792	-24.4348
K76C_A	207	0.733766233766	-11.4688	-9.73831	-25.3351
A156R_A	217	0.727272727273	-11.3663	-9.60863	-26.5535
W1043H_C	227	0.684931506849	-12.066	-5.95539	-6.55393
L149E_A	239	0.694805194805	-12.3	-10.3947	-25.351
I96M_A	259	0.681818181818	-12.0938	-10.0621	-25.4145
T1042V_C	281	0.657534246575	-12.1375	-6.03544	-6.2874
L108R_A	294	0.649350649351	-12.1451	-10.0083	-25.4444
R1071E_C	300	0.630136986301	-12.0658	-5.96872	-6.39019
N52E_A	314	0.616883116883	-12.1224	-10.1916	-25.4498
S1094Q_C	321	0.58904109589	-12.0734	-5.66009	-8.04828
I1089V_C	332	0.561643835616	-10.8285	-6.04646	-9.35946
E149K_A	339	0.597402597403	-10.9015	-10.024	-24.6734
S118T_A	346	0.577922077922	-10.9212	-9.90822	-24.3298
K154G_A	361	0.571428571429	-10.9433	-9.9125	-24.8252
K153T_A	367	0.558441558442	-10.8885	-9.89775	-25.3547
E1051R_C	377	0.506849315068	-10.8906	-6.02129	-8.30178
W1041A_C	394	0.493150684932	-10.8966	-6.02824	-6.40679
R31V_A	405	0.532467532468	-10.8679	-9.90888	-24.4059
D1070Q_C	418	0.493150684932	-11.0514	-5.99452	-6.49928
M94V_A	431	0.512987012987	-11.2	-9.57236	-23.9187
K59F_A	441	0.512987012987	-11.2426	-9.60958	-25.9014
M1060A_C	450	0.479452054795	-11.4347	-5.95234	-6.69407
D1034M_C	459	0.465753424658	-11.7002	-6.15452	-6.86189
Q1054T_C	464	0.465753424658	-11.7133	-6.15798	-7.2303
R1046Y_C	471	0.438356164384	-11.71	-6.17013	-6.14594
V1042Q_C	478	0.424657534247	-11.3754	-5.83561	-6.69121
R108A_A	486	0.493506493506	-11.2877	-9.7016	-23.9133
K1067N_C	500	0.438356164384	-11.0322	-8.85986	-6.70391
Q111R_A	510	0.487012987013	-11.3093	-9.70533	-24.4458
M1034Q_C	517	0.452054794521	-11.1696	-8.74656	-6.38158
R156W_A	545	0.480519480519	-10.7965	-9.37097	-22.6645
C79S_A	556	0.474025974026	-10.6775	-9.64801	-23.6865
F1071L_C	561	0.465753424658	-10.7006	-8.61908	-6.30274
E110L_A	572	0.467532467532	-10.8924	-8.05701	-26.061
N67Y_A	582	0.467532467532	-10.9137	-8.19115	-24.2244
E1084P_C	596	0.452054794521	-11.1883	-6.69906	-6.37087
A1041H_C	622	0.452054794521	-11.3487	-6.76391	-6.56284
H106P_A	629	0.441558441558	-11.2542	-9.12975	-22.765
F27R_A	639	0.441558441558	-10.7874	-10.216	-23.3707
I44L_A	651	0.441558441558	-10.8837	-8.75345	-24.8634
K147R_A	658	0.435064935065	-10.7268	-8.76325	-24.737
E131Q_A	666	0.422077922078	-10.733	-8.77076	-23.7806
W1059H_C	673	0.424657534247	-10.7444	-8.24565	-6.28815
G154F_A	689	0.409090909091	-10.732	-11.0113	-25.2306
V40D_A	705	0.409090909091	-10.7332	-9.53872	-23.6312
Q1054V_C	723	0.424657534247	-10.7008	-8.31825	-6.1884
M74F_A	736	0.396103896104	-10.6997	-11.0607	-23.4489
V29W_A	744	0.38961038961	-10.8911	-10.9032	-23.7139
W126F_A	758	0.383116883117	-10.4119	-9.26567	-23.9557
V1048Q_C	769	0.424657534247	-10.5146	-7.8343	-6.98596
E1094N_C	774	0.41095890411	-10.6702	-7.66833	-6.75421
H138N_A	785	0.363636363636	-10.6765	-9.36532	-23.87
N150I_A	797	0.376623376623	-10.9363	-11.6503	-25.6128
A99R_A	806	0.37012987013	-10.9905	-11.7039	-24.9263
A31I_A	818	0.363636363636	-10.8039	-11.1145	-24.4904
F74M_A	825	0.363636363636	-10.7325	-11.1264	-24.8284
Y82L_A	836	0.357142857143	-10.5819	-11.0525	-24.146
F14L_A	849	0.350649350649	-10.5459	-10.457	-24.4113
E143T_A	857	0.350649350649	-10.6165	-11.2346	-25.5089
T143P_A	866	0.350649350649	-10.6166	-11.2766	-25.1932
L1081T_C	877	0.369863013699	-10.6251	-7.68612	-6.25861
C91T_A	890	0.363636363636	-10.6331	-11.2982	-25.6797
H1041P_C	899	0.369863013699	-10.5528	-7.52395	-7.58423
D40K_A	907	0.363636363636	-10.5402	-10.8644	-26.0894
I54L_A	922	0.363636363636	-10.526	-11.0018	-24.6009
Q93S_A	936	0.357142857143	-11.0321	-10.2575	-26.3836
C91D_A	944	0.344155844156	-10.531	-11.3593	-24.7463
C136I_A	959	0.331168831169	-11.3944	-12.1295	-28.1023
S1093Q_C	966	0.369863013699	-11.3929	-7.20068	-7.18882
Y131L_A	975	0.331168831169	-12.8639	-12.0142	-24.3342
H1061L_C	984	0.356164383562	-10.9014	-7.425	-7.30659
