name	count	identity	evolved_interaction	ancestral_interaction	stability
P78C_A	1	0.993506493506	-10.4947	-10.5197	-24.0831
E49C_A	10	0.961038961039	-10.4739	-10.5212	-25.7679
R1055N_C	20	0.958904109589	-10.3898	-10.3535	-7.55747
K15H_A	26	0.922077922078	-10.7433	-10.8597	-27.7403
K48P_A	32	0.88961038961	-10.5573	-10.6196	-27.0544
I32F_A	41	0.876623376623	-10.4989	-10.5809	-25.7232
R135F_A	49	0.857142857143	-10.5236	-10.5935	-25.4019
S70F_A	58	0.837662337662	-10.482	-10.5973	-25.0958
N1055G_C	65	0.876712328767	-10.3505	-10.1892	-6.83264
E99A_A	78	0.792207792208	-10.3661	-10.5968	-24.1211
E67W_A	84	0.772727272727	-10.6299	-10.9453	-25.3007
S1029K_C	90	0.86301369863	-11.2645	-11.3315	-9.31326
E131F_A	103	0.746753246753	-11.6236	-10.9281	-23.9559
L1075A_C	119	0.835616438356	-11.574	-11.6422	-6.07742
D33P_A	135	0.701298701299	-11.6635	-10.9344	-24.3991
A43L_A	144	0.688311688312	-11.6391	-10.9108	-24.0563
D145F_A	155	0.662337662338	-11.1296	-10.6382	-25.7242
M1049K_C	169	0.821917808219	-12.5069	-10.8925	-6.11461
C10R_A	181	0.649350649351	-12.6559	-11.9249	-25.8702
T1077S_C	190	0.780821917808	-12.6696	-10.9065	-6.98752
C1042L_C	197	0.767123287671	-12.6727	-10.9734	-7.83999
K31L_A	209	0.623376623377	-12.6463	-11.8603	-24.6845
S156C_A	218	0.603896103896	-12.6495	-11.8388	-24.9112
S136F_A	232	0.597402597403	-12.6418	-11.8621	-27.4058
K76Q_A	239	0.577922077922	-14.081	-13.6975	-25.7071
F135S_A	253	0.558441558442	-14.0196	-13.6063	-24.7002
T61K_A	273	0.551948051948	-11.593	-13.5144	-24.4743
D100G_A	283	0.545454545455	-11.6217	-13.5349	-24.7573
N155K_A	292	0.545454545455	-11.5898	-13.5159	-24.7577
R1025T_C	305	0.684931506849	-10.87	-8.95602	-5.9807
A9L_A	332	0.532467532468	-10.678	-11.7322	-27.3145
E1061K_C	343	0.657534246575	-10.5598	-8.79635	-6.09005
C87Q_A	355	0.506493506494	-10.5616	-11.596	-24.3337
H127Q_A	365	0.493506493506	-10.5708	-11.5838	-23.5154
N1086A_C	375	0.616438356164	-10.6354	-8.84721	-5.96658
N143E_A	384	0.487012987013	-10.5237	-11.5908	-24.473
N146R_A	397	0.5	-10.3881	-11.5648	-24.0862
Q106M_A	420	0.5	-10.3881	-11.538	-24.9211
W67P_A	431	0.493506493506	-10.4355	-11.5707	-23.785
K1038I_C	445	0.58904109589	-10.4564	-8.71837	-9.13743
R66K_A	453	0.480519480519	-10.4821	-11.6178	-24.0199
F38V_A	476	0.474025974026	-10.5304	-11.495	-26.0863
F1052Y_C	492	0.534246575342	-10.5369	-8.64359	-5.93066
D150F_A	506	0.467532467532	-10.664	-11.4591	-26.2583
Q4C_A	527	0.467532467532	-10.6295	-11.5161	-23.578
A99I_A	542	0.461038961039	-10.6261	-11.4816	-24.2645
K1062E_C	552	0.520547945205	-10.6488	-8.69717	-6.31612
T91S_A	563	0.454545454545	-10.5497	-11.4048	-23.3711
S89L_A	570	0.448051948052	-10.5682	-14.0614	-23.069
N1042I_C	592	0.479452054795	-10.6248	-6.19062	-6.59521
I1042S_C	607	0.479452054795	-10.6575	-6.28528	-8.63688
K1029T_C	624	0.465753424658	-11.0832	-6.57051	-8.95621
L6C_A	630	0.448051948052	-11.2787	-14.0161	-23.6225
K14H_A	636	0.441558441558	-11.587	-14.1601	-25.2352
R153L_A	642	0.428571428571	-11.5475	-10.7637	-25.9531
K102S_A	648	0.422077922078	-11.6329	-10.8043	-24.3344
Q126N_A	654	0.435064935065	-11.6436	-10.7967	-27.3848
E130R_A	661	0.428571428571	-11.5756	-11.2531	-27.4044
F77M_A	673	0.409090909091	-11.7827	-11.1098	-23.8627
M105R_A	683	0.402597402597	-12.9265	-11.256	-23.6114
V1033R_C	711	0.465753424658	-12.9113	-5.97409	-7.10403
R130A_A	718	0.38961038961	-12.5772	-11.3065	-25.6738
K1041R_C	725	0.424657534247	-11.4365	-4.39397	-8.31872
P28V_A	731	0.376623376623	-11.2324	-11.4747	-23.5279
Y150I_A	738	0.376623376623	-11.0762	-11.0316	-24.5293
R31L_A	780	0.376623376623	-11.1042	-11.0137	-24.285
L153F_A	799	0.376623376623	-11.0371	-10.0165	-24.5118
S35V_A	811	0.37012987013	-11.051	-9.98704	-24.6136
P142Q_A	821	0.37012987013	-11.0753	-10.0158	-24.4669
H146S_A	828	0.37012987013	-10.6943	-9.91566	-25.965
K1027Q_C	837	0.356164383562	-10.5061	-4.05122	-6.12108
W103Y_A	848	0.363636363636	-10.4597	-9.72169	-27.7634
M77W_A	853	0.363636363636	-10.4575	-9.65509	-24.3322
T1090L_C	868	0.369863013699	-11.7369	-4.82077	-7.94812
E1062I_C	879	0.369863013699	-11.7429	-4.79028	-6.94604
M1039F_C	887	0.342465753425	-10.8633	-4.3711	-7.64811
P67F_A	894	0.357142857143	-11.058	-9.6016	-27.4419
Q19K_A	906	0.350649350649	-11.5434	-10.2216	-26.1288
V116L_A	917	0.344155844156	-11.5233	-7.84585	-26.7607
M39Q_A	923	0.350649350649	-11.5187	-7.85586	-27.2661
S1095V_C	932	0.287671232877	-11.4945	-6.92752	-5.97483
I1062A_C	941	0.287671232877	-11.3415	-6.92752	-6.92965
Y122F_A	946	0.350649350649	-11.3503	-7.7775	-27.5313
R1051A_C	951	0.315068493151	-11.3647	-7.3565	-5.77914
V1074P_C	956	0.315068493151	-11.3143	-7.36639	-7.51404
C141M_A	969	0.331168831169	-11.3105	-7.6558	-26.4507
E1086H_C	979	0.301369863014	-10.5877	-6.90338	-6.81654
N146L_A	988	0.331168831169	-10.5555	-7.46087	-26.2414
