name	count	identity	interface_identity	non_interface_identity	evolved_interaction	ancestral_interaction	stability
N1025W_C	1	0.986301369863	1.0	0.980392156863	-10.5056	-10.485	-8.85647
A32E_A	14	0.980519480519	1.0	0.977941176471	-11.2629	-11.0435	-26.8798
F1036L_C	19	0.945205479452	1.0	0.921568627451	-11.3758	-10.6229	-9.97534
E1079R_C	28	0.931506849315	1.0	0.901960784314	-11.121	-10.5118	-10.7
R1079W_C	34	0.917808219178	0.954545454545	0.901960784314	-12.3153	-11.148	-12.0175
K146N_A	45	0.896103896104	0.888888888889	0.897058823529	-12.2305	-10.7887	-24.1911
S1047Y_C	56	0.876712328767	0.954545454545	0.843137254902	-12.467	-12.3218	-7.1322
K1058C_C	76	0.86301369863	0.954545454545	0.823529411765	-12.4918	-12.3484	-7.44776
E42W_A	83	0.857142857143	0.882352941176	0.85401459854	-12.0757	-11.0995	-24.5318
K1040Y_C	93	0.821917808219	0.909090909091	0.78431372549	-11.4421	-12.1971	-7.84141
R1046F_C	103	0.767123287671	0.909090909091	0.705882352941	-11.4406	-11.839	-8.15106
H1092W_C	110	0.739726027397	0.826086956522	0.7	-12.5405	-11.4453	-8.40262
D1061E_C	115	0.712328767123	0.818181818182	0.666666666667	-12.5135	-11.3325	-6.80901
V116I_A	124	0.766233766234	0.684210526316	0.777777777778	-12.5847	-10.3002	-26.3837
N98M_A	135	0.753246753247	0.684210526316	0.762962962963	-12.096	-11.02	-25.0816
E1090C_C	144	0.684931506849	0.782608695652	0.64	-10.7707	-8.98539	-6.14018
E143Y_A	155	0.727272727273	0.684210526316	0.733333333333	-11.051	-11.757	-28.5158
E131F_A	160	0.701298701299	0.684210526316	0.703703703704	-11.3078	-12.119	-24.983
G76A_A	166	0.688311688312	0.684210526316	0.688888888889	-11.3521	-12.2001	-25.0938
A26C_A	180	0.675324675325	0.631578947368	0.681481481481	-11.4056	-12.2239	-24.6929
M1062Y_C	186	0.657534246575	0.782608695652	0.6	-10.8167	-8.99729	-7.13428
S95V_A	199	0.655844155844	0.578947368421	0.666666666667	-10.728	-10.8881	-31.2237
I107W_A	205	0.62987012987	0.578947368421	0.637037037037	-10.7289	-10.8988	-29.6036
R139F_A	214	0.61038961039	0.578947368421	0.614814814815	-10.5191	-10.6798	-24.8146
K1054R_C	221	0.58904109589	0.782608695652	0.5	-10.539	-9.01703	-7.05706
F1037I_C	229	0.575342465753	0.782608695652	0.48	-10.5198	-8.98868	-7.80936
Y1070G_C	238	0.575342465753	0.782608695652	0.48	-10.5214	-9.00607	-7.45217
W1076Y_C	245	0.547945205479	0.739130434783	0.46	-10.9753	-9.00063	-6.70612
W1079A_C	254	0.534246575342	0.739130434783	0.44	-11.0698	-9.25423	-8.3374
T51L_A	265	0.577922077922	0.619047619048	0.571428571429	-10.8974	-10.6649	-24.0836
W107Y_A	275	0.564935064935	0.571428571429	0.563909774436	-10.9323	-10.853	-25.5681
A59C_A	287	0.558441558442	0.571428571429	0.556390977444	-11.028	-11.3777	-25.1112
R8L_A	296	0.551948051948	0.571428571429	0.548872180451	-10.783	-10.5102	-24.3677
N37K_A	315	0.545454545455	0.571428571429	0.541353383459	-10.8031	-10.608	-24.6687
S3H_A	324	0.532467532468	0.52380952381	0.533834586466	-10.8486	-10.8082	-24.7223
G115M_A	335	0.525974025974	0.52380952381	0.526315789474	-11.0992	-11.16	-27.2381
K37C_A	351	0.519480519481	0.52380952381	0.518796992481	-11.0984	-11.1737	-26.0527
L1036M_C	357	0.452054794521	0.695652173913	0.34	-10.9609	-7.88328	-6.06481
W1025F_C	371	0.465753424658	0.695652173913	0.36	-10.9864	-8.15192	-6.44258
Q130Y_A	378	0.487012987013	0.52380952381	0.481203007519	-10.8424	-10.4415	-25.646
H101M_A	385	0.487012987013	0.5	0.485074626866	-10.7194	-10.1608	-25.4729
I1037H_C	394	0.452054794521	0.652173913043	0.36	-10.7254	-8.13062	-7.13289
Q1044S_C	404	0.452054794521	0.652173913043	0.36	-10.6498	-8.09661	-8.22039
F54M_A	410	0.493506493506	0.5	0.492537313433	-10.6387	-10.202	-25.4824
C1061A_C	420	0.438356164384	0.652173913043	0.34	-10.663	-8.15281	-9.21873
A1043F_C	430	0.438356164384	0.652173913043	0.34	-10.6682	-8.15915	-10.5419
K135H_A	440	0.480519480519	0.5	0.477611940299	-10.5924	-10.0487	-24.1499
A1079D_C	452	0.438356164384	0.652173913043	0.34	-10.7966	-8.69109	-8.67747
C114Q_A	459	0.474025974026	0.5	0.470149253731	-10.6172	-10.5587	-26.6547
A48R_A	468	0.467532467532	0.473684210526	0.466666666667	-10.6849	-10.7123	-28.0167
I1089F_C	477	0.438356164384	0.652173913043	0.34	-10.6069	-8.09557	-7.51154
W1023S_C	490	0.438356164384	0.652173913043	0.34	-10.5969	-8.11179	-7.43862
P46M_A	502	0.435064935065	0.421052631579	0.437037037037	-10.9324	-10.6486	-24.4162
A57M_A	514	0.428571428571	0.421052631579	0.42962962963	-11.1572	-10.7136	-27.1544
E109M_A	526	0.428571428571	0.421052631579	0.42962962963	-11.2372	-10.6713	-28.7795
A1061D_C	532	0.424657534247	0.608695652174	0.34	-11.2224	-8.2093	-6.96109
Y15M_A	540	0.422077922078	0.421052631579	0.422222222222	-11.0143	-10.6476	-26.5115
S1023H_C	551	0.424657534247	0.608695652174	0.34	-11.014	-8.01611	-8.15025
D1061Y_C	561	0.397260273973	0.565217391304	0.32	-11.0016	-8.04813	-7.93659
D100Y_A	571	0.415584415584	0.473684210526	0.407407407407	-10.9459	-11.3789	-24.1732
S1093A_C	584	0.383561643836	0.565217391304	0.3	-10.9365	-8.42755	-6.41831
K153Y_A	596	0.409090909091	0.473684210526	0.4	-10.8186	-11.4057	-24.2691
D1079F_C	605	0.383561643836	0.565217391304	0.3	-10.7042	-8.10515	-8.4742
P39L_A	616	0.396103896104	0.473684210526	0.385185185185	-10.7295	-11.4347	-24.1212
H1093C_C	637	0.369863013699	0.565217391304	0.28	-10.7293	-8.15368	-7.82063
A112Q_A	652	0.396103896104	0.473684210526	0.385185185185	-10.7254	-11.4524	-25.872
F139N_A	660	0.38961038961	0.473684210526	0.377777777778	-10.7253	-11.4525	-25.8288
A1076G_C	670	0.369863013699	0.565217391304	0.28	-10.7308	-8.14454	-6.17757
E145I_A	681	0.383116883117	0.473684210526	0.37037037037	-10.9142	-11.6378	-26.5852
V1055F_C	690	0.356164383562	0.565217391304	0.26	-10.8586	-8.1425	-7.5508
E1050N_C	696	0.342465753425	0.565217391304	0.24	-10.8546	-7.91228	-6.63838
Q147L_A	713	0.376623376623	0.473684210526	0.362962962963	-10.9573	-11.694	-25.1705
T3Y_A	719	0.38961038961	0.473684210526	0.377777777778	-10.9546	-11.6053	-24.8566
R118F_A	728	0.38961038961	0.473684210526	0.377777777778	-10.976	-11.5339	-23.836
S122E_A	742	0.383116883117	0.5	0.367647058824	-10.5864	-11.4409	-24.7468
V113L_A	749	0.363636363636	0.5	0.345588235294	-10.5877	-11.5482	-24.2624
L8Y_A	758	0.357142857143	0.5	0.338235294118	-10.4904	-11.5422	-23.9698
Y54F_A	766	0.357142857143	0.5	0.338235294118	-10.4904	-11.5437	-24.3393
I42Y_A	771	0.350649350649	0.5	0.330882352941	-10.4464	-11.446	-25.1224
F1049L_C	781	0.328767123288	0.565217391304	0.22	-10.4466	-7.95379	-6.02554
H98R_A	791	0.350649350649	0.5	0.330882352941	-10.6122	-11.4579	-24.2923
M56S_A	797	0.344155844156	0.5	0.323529411765	-10.6125	-11.0542	-23.9092
D1042M_C	806	0.328767123288	0.565217391304	0.22	-10.7467	-7.74263	-6.38871
N1037C_C	827	0.328767123288	0.545454545455	0.235294117647	-10.5028	-7.73726	-6.25163
C1093L_C	853	0.328767123288	0.590909090909	0.21568627451	-10.696	-8.11018	-7.26555
C1037M_C	868	0.328767123288	0.590909090909	0.21568627451	-10.85	-8.94932	-9.23174
S49R_A	880	0.337662337662	0.5	0.316176470588	-11.0442	-10.9243	-24.052
M155W_A	889	0.337662337662	0.5	0.316176470588	-11.1094	-10.8286	-24.0841
I1062H_C	898	0.287671232877	0.545454545455	0.176470588235	-10.981	-7.53791	-10.2222
P1071C_C	911	0.287671232877	0.545454545455	0.176470588235	-10.7547	-8.28574	-7.825
W155K_A	925	0.331168831169	0.444444444444	0.316176470588	-10.6707	-10.9945	-24.8463
C93R_A	938	0.318181818182	0.444444444444	0.301470588235	-11.0148	-10.4681	-24.2597
Q32N_A	948	0.318181818182	0.444444444444	0.301470588235	-11.0168	-10.4186	-24.385
E48K_A	962	0.318181818182	0.352941176471	0.313868613139	-11.0309	-11.117	-24.0268
Y1039V_C	972	0.27397260274	0.545454545455	0.156862745098	-11.3703	-9.53308	-7.63293
A1091I_C	986	0.260273972603	0.5	0.156862745098	-11.395	-9.5205	-6.02368
Q1059K_C	999	0.260273972603	0.5	0.156862745098	-11.3935	-9.51756	-6.97975
