name	count	identity	evolved_interaction	ancestral_interaction	stability
R1047Q_C	1	0.986301369863	-10.4946	-10.3807	-8.90162
E49G_A	11	0.987012987013	-10.4861	-10.5039	-24.588
K1040P_C	18	0.876712328767	-10.475	-10.3338	-13.5823
E1050G_C	26	0.835616438356	-10.4564	-10.3066	-8.39977
I112S_A	38	0.941558441558	-10.4151	-10.4883	-26.2865
K153W_A	44	0.909090909091	-10.3963	-10.4427	-27.1243
A133G_A	60	0.88961038961	-10.3692	-10.4039	-25.5312
R104Q_A	74	0.876623376623	-11.268	-10.4473	-23.7943
V1028C_C	90	0.739726027397	-11.2785	-11.3744	-6.73822
Q154K_A	96	0.844155844156	-12.2557	-11.2682	-24.5405
I1035R_C	103	0.698630136986	-12.2489	-11.4351	-6.52068
H1033K_C	109	0.698630136986	-12.6815	-11.8478	-6.92975
T51V_A	116	0.824675324675	-12.6146	-11.2593	-24.772
S35E_A	126	0.824675324675	-11.2585	-9.70793	-25.5386
I1039S_C	139	0.616438356164	-10.6622	-10.0313	-5.83501
N140D_A	149	0.785714285714	-11.0013	-9.50645	-26.5409
D1070V_C	156	0.575342465753	-10.6547	-9.72766	-5.72185
D145C_A	170	0.766233766234	-10.6251	-9.50245	-27.0772
D127Y_A	180	0.746753246753	-10.6066	-10.6206	-26.7242
K48E_A	186	0.727272727273	-10.8489	-9.09878	-28.5247
I1036Y_C	192	0.561643835616	-11.4296	-10.1185	-6.93665
A54T_A	198	0.701298701299	-12.5154	-9.01848	-25.6902
F1094G_C	205	0.547945205479	-12.5102	-10.4663	-6.54956
L149E_A	213	0.662337662338	-13.6061	-9.10056	-24.6769
K74R_A	221	0.642857142857	-13.6928	-9.14737	-24.898
D33Y_A	227	0.642857142857	-13.7803	-9.25104	-25.4325
Q1047V_C	235	0.534246575342	-14.2132	-11.3738	-6.84609
E1034A_C	245	0.506849315068	-13.8264	-11.0417	-6.87139
R1035Y_C	263	0.493150684932	-13.87	-11.0637	-7.59034
L71I_A	272	0.616883116883	-13.8732	-9.17363	-25.9973
S100T_A	283	0.616883116883	-12.8467	-9.52881	-25.7312
Y1081V_C	289	0.452054794521	-12.4839	-9.85597	-6.35701
S26V_A	303	0.597402597403	-11.5176	-10.8231	-24.2807
R1064C_C	312	0.438356164384	-11.1471	-9.00699	-6.90497
C74D_A	331	0.590909090909	-11.1404	-10.8267	-23.7457
S156C_A	346	0.584415584416	-11.1699	-10.7366	-25.2745
C1064E_C	359	0.424657534247	-11.008	-8.8664	-6.2931
L4H_A	371	0.564935064935	-11.0105	-10.7235	-24.1892
C156W_A	378	0.551948051948	-10.8617	-7.88454	-24.0177
L1095I_C	390	0.424657534247	-10.5749	-8.69998	-8.95064
H147V_A	399	0.538961038961	-10.8095	-7.724	-24.5621
K1027R_C	413	0.397260273973	-10.6267	-8.24352	-7.11194
M42W_A	425	0.545454545455	-11.0204	-10.4925	-25.7636
V10L_A	435	0.545454545455	-11.0224	-10.4799	-26.8029
D74Y_A	443	0.538961038961	-11.0505	-8.87743	-28.1259
R139C_A	451	0.532467532468	-11.054	-9.03884	-25.6098
R1027M_C	463	0.397260273973	-11.8304	-8.43373	-7.79572
Q1076K_C	474	0.383561643836	-11.7858	-8.4033	-8.73411
Q1070R_C	483	0.383561643836	-11.5785	-8.38607	-9.3601
M36Y_A	492	0.519480519481	-11.3035	-8.77219	-24.509
M114L_A	501	0.525974025974	-11.2574	-9.72073	-23.4184
A10I_A	508	0.525974025974	-11.3189	-7.29988	-24.7246
K1080T_C	523	0.383561643836	-11.3812	-8.42279	-6.36218
D11Y_A	535	0.512987012987	-12.0443	-7.74758	-25.6386
Q1056K_C	548	0.356164383562	-12.1542	-8.44819	-8.77087
A142Y_A	554	0.493506493506	-12.1793	-8.26854	-24.0473
N66P_A	560	0.480519480519	-12.5336	-8.26276	-27.7617
C71H_A	565	0.467532467532	-12.5851	-8.16575	-27.2611
N98V_A	571	0.448051948052	-10.6303	-7.34287	-27.7894
P1078I_C	576	0.356164383562	-10.847	-9.12102	-9.69199
Q1064K_C	587	0.356164383562	-11.2611	-9.0909	-7.4736
P87Y_A	598	0.435064935065	-11.2513	-7.38392	-24.9328
G63C_A	608	0.428571428571	-11.2513	-7.37605	-27.6635
F1025K_C	621	0.342465753425	-11.308	-9.29625	-7.18878
G115H_A	630	0.396103896104	-11.3378	-6.81219	-26.5311
A79N_A	638	0.38961038961	-12.1473	-8.13638	-24.7584
R1075I_C	650	0.342465753425	-12.1386	-9.32987	-6.6665
K18I_A	662	0.376623376623	-11.3556	-7.95991	-24.167
W1083M_C	674	0.328767123288	-11.3606	-8.88661	-8.06872
P59F_A	680	0.37012987013	-10.8533	-7.04777	-25.8834
K1056M_C	694	0.315068493151	-10.7623	-9.25856	-7.75474
T1080F_C	708	0.315068493151	-10.5116	-9.25861	-7.78491
L106N_A	719	0.344155844156	-10.7915	-5.6791	-25.967
L119R_A	726	0.337662337662	-11.2536	-5.54432	-23.9481
C104K_A	736	0.337662337662	-11.2044	-6.16164	-24.2396
V48N_A	750	0.337662337662	-11.0972	-6.19567	-24.0468
P128F_A	768	0.331168831169	-11.1255	-6.23355	-24.1669
T19V_A	780	0.331168831169	-10.5721	-6.22646	-24.2896
E78Q_A	801	0.324675324675	-10.7175	-6.07692	-23.9146
M1062E_C	817	0.287671232877	-10.8796	-9.55596	-8.00789
G23M_A	825	0.324675324675	-11.2446	-6.5356	-24.1664
V19G_A	838	0.318181818182	-10.8391	-5.84721	-25.3672
F128Q_A	846	0.318181818182	-10.9547	-5.92757	-25.0378
S143Q_A	857	0.318181818182	-10.9548	-5.93012	-26.4608
T16N_A	865	0.311688311688	-10.4961	-5.33125	-23.9233
I123E_A	890	0.318181818182	-10.5351	-5.42444	-24.104
N141P_A	906	0.318181818182	-10.8556	-5.71336	-26.9517
V40L_A	917	0.311688311688	-10.8556	-5.71549	-24.8852
M8F_A	927	0.311688311688	-10.8929	-5.70336	-27.2688
A131F_A	933	0.311688311688	-10.7704	-5.67056	-27.5249
L44R_A	939	0.311688311688	-11.7807	-7.45265	-23.5178
H124Q_A	963	0.311688311688	-12.4294	-7.45803	-24.1706
Q18V_A	972	0.311688311688	-12.2604	-7.38548	-23.7017
E3H_A	984	0.311688311688	-11.9131	-6.93931	-23.6704
L154V_A	995	0.311688311688	-10.8452	-6.93791	-24.0199
