name	count	identity	evolved_interaction	ancestral_interaction	stability
E1059A_C	1	0.986301369863	-10.4904	-10.3751	-8.08378
T1043A_C	10	0.931506849315	-10.5735	-10.3272	-10.3565
K153F_A	19	0.967532467532	-10.5412	-10.583	-25.6348
R1047H_C	28	0.890410958904	-10.6747	-10.229	-10.9495
A1051E_C	35	0.86301369863	-10.8167	-10.3188	-11.4486
N140L_A	41	0.902597402597	-10.7127	-10.7896	-24.624
D1075M_C	49	0.821917808219	-10.5776	-9.14305	-10.1751
K1038S_C	61	0.808219178082	-10.6257	-9.09015	-9.89067
L150A_A	67	0.844155844156	-10.7299	-10.9658	-24.593
D1061A_C	73	0.767123287671	-11.1532	-9.51247	-10.2487
I99K_A	84	0.818181818182	-11.2277	-10.9677	-25.78
I1039V_C	90	0.739726027397	-11.2198	-9.50641	-6.98633
I1047E_C	97	0.739726027397	-11.2171	-9.50641	-7.96465
Q1062M_C	110	0.72602739726	-11.1283	-9.50715	-6.18697
M141E_A	119	0.779220779221	-10.7448	-10.5334	-24.6798
Q39E_A	138	0.766233766234	-10.4026	-10.1366	-24.8903
L4W_A	155	0.74025974026	-10.4022	-10.1358	-24.358
S1029L_C	173	0.671232876712	-11.808	-10.612	-8.73526
Q147K_A	182	0.714285714286	-11.7815	-10.3654	-25.2277
A1061S_C	190	0.643835616438	-12.6772	-10.403	-6.21624
Q7S_A	204	0.701298701299	-12.6728	-10.8764	-24.8303
C1046F_C	215	0.643835616438	-12.6706	-10.4064	-7.37421
Y68H_A	221	0.668831168831	-12.4916	-10.8927	-25.3993
L149E_A	229	0.655844155844	-12.442	-11.3428	-24.1141
A150T_A	246	0.649350649351	-11.052	-9.22044	-25.4048
L38M_A	251	0.642857142857	-11.5935	-9.54458	-24.7368
N118M_A	276	0.62987012987	-11.6825	-9.59442	-25.1309
E1088M_C	287	0.58904109589	-11.9568	-9.42248	-8.12558
K14M_A	300	0.623376623377	-11.5933	-8.84833	-25.3799
Q1056K_C	309	0.547945205479	-11.6886	-8.99643	-7.33955
F7M_A	327	0.597402597403	-11.7505	-8.75148	-24.4059
E1033N_C	345	0.520547945205	-11.6655	-8.88839	-6.81434
Y124L_A	354	0.584415584416	-11.7002	-8.7748	-25.1438
D1082Y_C	365	0.479452054795	-12.1618	-8.08176	-6.60178
L93V_A	372	0.577922077922	-12.1962	-8.6685	-24.7436
D1058T_C	380	0.465753424658	-12.3635	-8.06838	-8.47496
M1050E_C	389	0.465753424658	-11.2295	-7.58233	-8.37777
Y1064W_C	398	0.452054794521	-10.9716	-7.17555	-8.60469
R1023G_C	409	0.41095890411	-11.1861	-7.37004	-7.49531
F1059H_C	426	0.41095890411	-11.171	-7.41744	-7.07426
R1051A_C	434	0.424657534247	-10.8065	-7.47286	-6.65545
H1035Q_C	450	0.424657534247	-10.8454	-7.55008	-6.33743
N111P_A	471	0.545454545455	-10.7916	-7.72066	-25.7734
Y25Q_A	481	0.532467532468	-10.4222	-7.23923	-25.184
S89R_A	491	0.532467532468	-10.5936	-7.5731	-24.4317
N6W_A	500	0.525974025974	-10.5849	-7.5671	-26.7284
G1036T_C	510	0.397260273973	-10.3208	-7.49761	-6.847
S156A_A	525	0.519480519481	-10.829	-8.48785	-25.254
T138R_A	535	0.525974025974	-11.0889	-7.89195	-26.6022
P111F_A	544	0.519480519481	-11.1782	-7.69399	-28.194
E1093W_C	552	0.369863013699	-10.8741	-7.05386	-9.92562
E1023V_C	560	0.369863013699	-10.6803	-7.01063	-7.52115
S3G_A	570	0.512987012987	-10.6813	-8.0371	-24.6862
Q101W_A	582	0.5	-10.9774	-8.03876	-27.0741
S35K_A	591	0.487012987013	-10.8406	-7.33929	-27.6705
S5Q_A	601	0.487012987013	-10.9188	-7.34422	-25.1411
V93N_A	615	0.487012987013	-10.9035	-7.04035	-24.5656
K1027L_C	623	0.342465753425	-10.8186	-7.09871	-9.0448
R138F_A	634	0.480519480519	-10.8195	-6.9167	-27.8473
C71R_A	646	0.467532467532	-10.8503	-7.43321	-24.5679
Q5P_A	663	0.467532467532	-10.7771	-7.33263	-25.2204
S1038E_C	671	0.328767123288	-10.7698	-7.53665	-7.71224
Y30W_A	681	0.454545454545	-10.921	-6.7214	-25.4284
M129F_A	690	0.448051948052	-10.9208	-6.6808	-25.8722
W1093P_C	697	0.328767123288	-10.9557	-7.53959	-6.57867
M109V_A	709	0.435064935065	-10.8758	-6.65016	-23.8659
L1081W_C	724	0.301369863014	-10.9917	-7.65907	-8.67934
R1055V_C	738	0.287671232877	-11.0007	-7.24646	-7.35597
W1081Q_C	753	0.287671232877	-11.0028	-7.67156	-7.15574
K3E_A	782	0.428571428571	-10.9888	-6.60203	-24.9116
V70G_A	798	0.428571428571	-10.99	-6.60289	-24.6827
Q102H_A	809	0.428571428571	-10.993	-6.6398	-24.2
V1095A_C	821	0.27397260274	-10.8173	-7.42179	-7.91349
M141H_A	838	0.435064935065	-10.9215	-6.63682	-26.9601
G1047C_C	847	0.287671232877	-10.9773	-7.18642	-9.50875
C4H_A	855	0.435064935065	-10.9912	-6.46085	-25.575
K131P_A	862	0.441558441558	-10.98	-6.42715	-27.0693
L1049M_C	874	0.315068493151	-11.1712	-7.20206	-7.77044
S1077V_C	886	0.328767123288	-11.1451	-7.15562	-6.79326
T108Y_A	913	0.422077922078	-10.6343	-5.5098	-25.7563
P1023T_C	922	0.328767123288	-10.6333	-7.10844	-7.16273
R1036E_C	941	0.328767123288	-10.6968	-7.3215	-7.18767
L1080P_C	956	0.315068493151	-10.7607	-7.32331	-7.46907
T1055N_C	970	0.315068493151	-10.764	-7.32727	-7.47552
I1024K_C	985	0.301369863014	-10.9236	-7.00004	-6.48258
P1071W_C	992	0.301369863014	-10.6156	-6.98846	-6.79788
