name	count	identity	evolved_interaction	ancestral_interaction	stability
V29D_A	1	0.993506493506	-10.3253	-10.3665	-26.3804
A106C_A	8	0.961038961039	-10.365	-10.3717	-26.9241
R35F_A	15	0.935064935065	-10.4342	-10.4513	-24.6741
D1082V_C	25	0.945205479452	-10.6326	-10.9777	-11.6306
Q151M_A	34	0.922077922078	-10.7918	-10.5268	-25.7866
D1080R_C	40	0.86301369863	-10.7237	-11.0006	-9.19898
Y82K_A	57	0.876623376623	-10.7388	-10.5671	-24.7803
T1071H_C	65	0.835616438356	-10.6168	-10.6739	-9.2057
I1039L_C	76	0.794520547945	-10.6142	-10.6829	-9.86202
K42E_A	88	0.863636363636	-10.6101	-10.6901	-25.4603
S1033D_C	93	0.767123287671	-10.5443	-10.6167	-6.05318
S127V_A	104	0.844155844156	-10.7456	-10.4999	-24.1574
V1082N_C	114	0.72602739726	-10.8379	-10.7924	-9.92232
C1047A_C	122	0.72602739726	-10.8383	-10.7924	-10.1341
S95C_A	137	0.805194805195	-10.698	-10.2167	-24.5499
Q1076L_C	151	0.671232876712	-10.9831	-10.8581	-7.68131
K14M_A	163	0.798701298701	-10.8191	-10.038	-24.6522
D1058L_C	168	0.643835616438	-10.8028	-10.8997	-9.34753
M1049S_C	179	0.602739726027	-10.9093	-10.9287	-6.08651
E67F_A	190	0.772727272727	-10.8809	-10.0454	-26.2671
Q111R_A	200	0.746753246753	-10.8818	-9.92704	-26.8926
I66T_A	208	0.733766233766	-10.9077	-10.0632	-28.6554
A100W_A	217	0.720779220779	-10.9343	-9.85772	-27.456
Q1060D_C	225	0.575342465753	-11.1693	-11.0061	-6.35929
W1093I_C	234	0.575342465753	-12.2356	-11.0308	-6.09769
E131L_A	245	0.688311688312	-11.2414	-9.99588	-25.1362
D61Q_A	268	0.675324675325	-11.2526	-10.0825	-26.123
K156E_A	275	0.668831168831	-10.9587	-9.88085	-25.2943
A43M_A	288	0.649350649351	-11.2924	-9.66176	-24.5456
M14K_A	310	0.649350649351	-11.3397	-9.98352	-24.8683
K1041V_C	322	0.534246575342	-11.4443	-10.6987	-6.07502
R142Y_A	335	0.636363636364	-11.2503	-9.79654	-24.7588
M14S_A	342	0.616883116883	-10.4767	-10.0189	-25.2674
E156K_A	353	0.603896103896	-10.8202	-10.6167	-25.1419
C1043T_C	360	0.520547945205	-10.7747	-10.4927	-7.11859
I1056F_C	369	0.520547945205	-10.7833	-10.5022	-6.88398
H30M_A	380	0.597402597403	-10.6775	-10.0899	-25.3272
D115T_A	389	0.590909090909	-10.7114	-10.1003	-26.4524
M53F_A	401	0.584415584416	-10.7741	-10.0141	-24.6552
G56A_A	407	0.577922077922	-10.5615	-10.0449	-24.2246
Q1049L_C	420	0.493150684932	-10.5998	-10.217	-10.1239
T1043W_C	428	0.493150684932	-10.6456	-10.2325	-6.38392
K153E_A	437	0.564935064935	-10.5917	-10.5706	-24.1944
W93D_A	454	0.564935064935	-10.4963	-10.4483	-25.3675
I1038Y_C	466	0.479452054795	-10.4875	-10.2186	-7.24948
Q101Y_A	477	0.538961038961	-10.5704	-10.1212	-24.8359
D93F_A	491	0.545454545455	-10.5696	-10.5012	-24.7127
W134Y_A	507	0.532467532468	-10.9399	-10.7164	-26.7708
W142C_A	517	0.519480519481	-10.9483	-11.0478	-24.1422
D19N_A	523	0.519480519481	-11.367	-11.8878	-26.3224
D156I_A	529	0.519480519481	-11.3725	-11.7656	-27.2035
S35E_A	538	0.506493506494	-11.5807	-11.7108	-23.4996
V1060F_C	547	0.438356164384	-11.5678	-10.2231	-7.59148
D1070V_C	572	0.424657534247	-11.3521	-10.1235	-8.56749
D1085E_C	580	0.41095890411	-11.4324	-10.0276	-8.81998
F1037K_C	587	0.397260273973	-11.4524	-10.0271	-6.72749
E100D_A	615	0.487012987013	-11.0084	-12.0431	-24.2167
H1023P_C	634	0.369863013699	-11.0073	-9.851	-7.42333
C142L_A	641	0.467532467532	-11.0089	-12.0577	-24.5925
G1039Y_C	651	0.369863013699	-10.9573	-9.84577	-9.33957
L109M_A	661	0.454545454545	-11.0582	-11.7051	-24.8582
A4T_A	674	0.448051948052	-10.6152	-11.5684	-23.9276
Q18N_A	682	0.441558441558	-10.9317	-10.9521	-23.6592
H1034F_C	742	0.342465753425	-10.9563	-9.72981	-6.07179
E39T_A	748	0.428571428571	-10.7935	-11.0304	-23.742
V113I_A	769	0.415584415584	-10.87	-11.7792	-24.8955
L105M_A	779	0.409090909091	-10.9441	-11.7766	-23.4907
T4F_A	786	0.409090909091	-10.7172	-11.7462	-24.2771
G1064K_C	798	0.328767123288	-10.9084	-9.16261	-7.67996
D1040F_C	816	0.328767123288	-10.8941	-9.16343	-8.57413
F137Y_A	823	0.396103896104	-10.6205	-11.7524	-26.693
R12F_A	830	0.396103896104	-11.2002	-10.5976	-29.5119
L7C_A	836	0.38961038961	-11.2134	-10.5861	-25.201
L119N_A	842	0.383116883117	-11.0912	-10.7537	-24.5113
L1061Q_C	849	0.315068493151	-10.5626	-8.93046	-6.66222
L1089V_C	859	0.301369863014	-10.492	-8.88121	-6.67603
A29T_A	876	0.37012987013	-10.4939	-11.9487	-23.7196
N52G_A	886	0.363636363636	-10.4679	-11.9597	-24.9094
D1073I_C	891	0.301369863014	-10.546	-8.94283	-6.35476
V1026A_C	899	0.301369863014	-10.4779	-8.9111	-6.58474
I1024F_C	909	0.287671232877	-10.5639	-8.90151	-6.43935
A26S_A	925	0.350649350649	-10.5622	-11.4182	-24.0211
Q136F_A	943	0.350649350649	-10.9863	-11.1673	-24.3955
Y130D_A	952	0.350649350649	-10.9727	-11.1688	-24.2269
W1094Q_C	964	0.301369863014	-11.1592	-8.67494	-6.51551
A1075R_C	977	0.301369863014	-11.2463	-8.64907	-6.54372
Q147N_A	985	0.344155844156	-11.2438	-10.9452	-26.0844
