name	count	identity	interface_identity	non_interface_identity	evolved_interaction	ancestral_interaction	stability
Y155V_A	2	0.993506493506	1.0	0.992592592593	-10.5123	-10.5384	-22.416
I96L_A	15	0.967532467532	1.0	0.962962962963	-10.4491	-10.7694	-25.3748
H1023Y_C	23	0.958904109589	0.954545454545	0.960784313725	-10.7718	-10.4001	-6.7139
G136F_A	45	0.928571428571	1.0	0.918518518519	-10.8133	-10.9566	-25.6852
T108Q_A	55	0.902597402597	0.947368421053	0.896296296296	-10.7217	-10.907	-24.2666
S127E_A	65	0.883116883117	0.947368421053	0.874074074074	-10.7447	-10.8616	-25.1939
K141C_A	73	0.857142857143	0.947368421053	0.844444444444	-10.7916	-10.9335	-25.326
A142G_A	90	0.837662337662	0.947368421053	0.822222222222	-10.4796	-11.0123	-24.5036
Q1076C_C	101	0.86301369863	0.869565217391	0.86	-12.0739	-10.432	-6.1815
S3R_A	109	0.798701298701	0.888888888889	0.786764705882	-12.3809	-11.958	-26.4879
A133P_A	118	0.792207792208	0.888888888889	0.779411764706	-10.9298	-12.2759	-25.2318
K30R_A	132	0.779220779221	0.833333333333	0.772058823529	-10.903	-12.2562	-26.4739
Y25W_A	144	0.772727272727	0.777777777778	0.772058823529	-10.4732	-11.7548	-25.3093
A106L_A	164	0.753246753247	0.777777777778	0.75	-10.456	-12.9455	-24.9522
Y144R_A	180	0.733766233766	0.777777777778	0.727941176471	-10.4383	-12.8996	-24.1417
E102Y_A	193	0.720779220779	0.777777777778	0.713235294118	-10.4341	-12.828	-25.5509
Q10Y_A	205	0.714285714286	0.777777777778	0.705882352941	-10.5985	-12.6807	-25.6427
I1045F_C	211	0.698630136986	0.681818181818	0.705882352941	-10.5766	-7.21951	-8.99301
M1043I_C	222	0.684931506849	0.681818181818	0.686274509804	-10.5864	-7.23331	-8.24645
Y102S_A	234	0.688311688312	0.842105263158	0.666666666667	-10.5688	-11.0928	-25.7626
P1044E_C	241	0.671232876712	0.727272727273	0.647058823529	-10.4652	-6.9462	-6.33112
T91H_A	258	0.668831168831	0.842105263158	0.644444444444	-10.427	-11.0125	-25.2578
P1023C_C	264	0.657534246575	0.727272727273	0.627450980392	-10.4525	-6.95834	-6.38091
N31M_A	274	0.649350649351	0.823529411765	0.627737226277	-10.5048	-10.8983	-25.1858
K153T_A	285	0.636363636364	0.823529411765	0.613138686131	-10.4887	-10.8763	-24.6277
D1074F_C	291	0.602739726027	0.681818181818	0.56862745098	-10.5286	-6.98909	-8.68266
S1062Q_C	300	0.575342465753	0.681818181818	0.529411764706	-10.5261	-7.02299	-7.38518
E1079S_C	307	0.561643835616	0.681818181818	0.509803921569	-10.4066	-6.97131	-6.23461
A111K_A	317	0.642857142857	0.823529411765	0.620437956204	-10.4069	-10.9123	-25.7566
E1035H_C	324	0.561643835616	0.681818181818	0.509803921569	-10.957	-6.99916	-7.54641
C1049F_C	331	0.561643835616	0.681818181818	0.509803921569	-10.5904	-6.7469	-9.25951
R144H_A	347	0.616883116883	0.823529411765	0.591240875912	-10.5006	-13.3793	-25.2683
H48M_A	355	0.61038961039	0.823529411765	0.583941605839	-10.4609	-13.3735	-27.0752
L53C_A	364	0.597402597403	0.823529411765	0.569343065693	-10.4598	-12.2795	-24.6952
I1033N_C	371	0.547945205479	0.681818181818	0.490196078431	-10.4853	-6.54463	-9.29952
W103M_A	380	0.571428571429	0.823529411765	0.540145985401	-10.4944	-12.3094	-24.7625
L78Y_A	391	0.571428571429	0.823529411765	0.540145985401	-10.459	-12.2916	-24.3858
E67A_A	398	0.558441558442	0.823529411765	0.525547445255	-10.8067	-12.288	-23.8027
N98K_A	410	0.545454545455	0.823529411765	0.510948905109	-11.0815	-12.2911	-24.1067
H1086Q_C	417	0.506849315068	0.636363636364	0.450980392157	-11.1813	-7.16994	-7.38072
K1054E_C	424	0.493150684932	0.636363636364	0.43137254902	-10.8898	-7.07876	-6.74893
S89D_A	434	0.538961038961	0.823529411765	0.503649635036	-10.6481	-10.9684	-24.3385
A67V_A	452	0.532467532468	0.823529411765	0.496350364964	-10.8232	-11.1524	-26.6927
C1076D_C	460	0.479452054795	0.590909090909	0.43137254902	-10.6136	-6.46576	-6.90851
D33L_A	465	0.512987012987	0.764705882353	0.481751824818	-10.6004	-10.3482	-24.4917
K1038A_C	470	0.465753424658	0.608695652174	0.4	-10.501	-7.49385	-6.01322
E1034W_C	480	0.438356164384	0.565217391304	0.38	-10.8823	-7.71242	-6.02144
C1029T_C	490	0.438356164384	0.565217391304	0.38	-11.2761	-7.99098	-6.65782
K1050E_C	500	0.452054794521	0.565217391304	0.4	-11.0294	-7.79622	-10.3081
A1040K_C	510	0.452054794521	0.565217391304	0.4	-11.0385	-7.82403	-9.01391
W51Q_A	518	0.461038961039	0.705882352941	0.430656934307	-10.377	-10.7703	-26.512
K74Y_A	523	0.448051948052	0.705882352941	0.416058394161	-10.3772	-10.7617	-25.5839
R1075T_C	532	0.424657534247	0.521739130435	0.38	-10.4489	-7.7584	-6.85074
L1060Y_C	544	0.424657534247	0.521739130435	0.38	-10.4335	-7.65836	-6.71351
G1061A_C	550	0.424657534247	0.521739130435	0.38	-10.4752	-7.65843	-7.03278
A93W_A	563	0.422077922078	0.705882352941	0.386861313869	-10.474	-10.7776	-26.267
I1070W_C	573	0.41095890411	0.478260869565	0.38	-10.8989	-7.64096	-6.56373
W125I_A	584	0.396103896104	0.647058823529	0.36496350365	-10.8672	-11.7446	-25.3574
E106Q_A	594	0.396103896104	0.647058823529	0.36496350365	-10.535	-11.7495	-24.7422
I1052L_C	611	0.397260273973	0.434782608696	0.38	-10.4592	-7.24857	-7.06913
N1032V_C	624	0.397260273973	0.434782608696	0.38	-10.4378	-7.22632	-6.11493
V112I_A	632	0.402597402597	0.647058823529	0.372262773723	-10.5279	-11.2341	-25.3866
N119V_A	641	0.402597402597	0.647058823529	0.372262773723	-10.5683	-11.2479	-26.7458
E154H_A	658	0.402597402597	0.647058823529	0.372262773723	-10.5278	-11.2937	-25.2421
M149R_A	679	0.402597402597	0.647058823529	0.372262773723	-10.7792	-11.2832	-24.2458
R1073N_C	697	0.383561643836	0.434782608696	0.36	-10.8667	-7.78819	-7.16605
F100E_A	712	0.38961038961	0.588235294118	0.36496350365	-10.8582	-10.6255	-25.0579
S7C_A	717	0.38961038961	0.588235294118	0.36496350365	-10.8727	-10.6072	-26.9646
S9A_A	724	0.396103896104	0.647058823529	0.36496350365	-10.9073	-10.6861	-25.1702
Y37M_A	735	0.402597402597	0.647058823529	0.372262773723	-10.836	-10.7413	-30.8085
N110W_A	743	0.402597402597	0.647058823529	0.372262773723	-10.4557	-10.4533	-33.2241
F103V_A	751	0.402597402597	0.647058823529	0.372262773723	-10.5204	-10.5877	-26.2718
W125M_A	765	0.38961038961	0.647058823529	0.357664233577	-10.5224	-10.4821	-24.4916
E1030S_C	777	0.383561643836	0.434782608696	0.36	-10.4832	-4.31989	-5.94766
F1034N_C	791	0.383561643836	0.434782608696	0.36	-10.4722	-4.30354	-6.62558
L38P_A	798	0.37012987013	0.588235294118	0.343065693431	-10.6549	-10.4004	-28.3933
N1037Q_C	813	0.383561643836	0.409090909091	0.372549019608	-10.6227	-4.27168	-9.10205
K1040F_C	821	0.383561643836	0.434782608696	0.36	-10.6323	-7.03719	-8.93452
P1071G_C	832	0.383561643836	0.434782608696	0.36	-10.5334	-3.29979	-5.64061
C7I_A	840	0.350649350649	0.526315789474	0.325925925926	-10.4531	-9.74946	-26.0108
S1044F_C	852	0.383561643836	0.434782608696	0.36	-10.4531	-3.38292	-6.69972
Y135A_A	859	0.344155844156	0.526315789474	0.318518518519	-10.4552	-10.0991	-24.8725
C52K_A	878	0.344155844156	0.526315789474	0.318518518519	-10.7942	-10.066	-25.3494
K51R_A	891	0.344155844156	0.526315789474	0.318518518519	-10.7534	-10.0741	-26.7589
G1071L_C	899	0.369863013699	0.416666666667	0.34693877551	-11.1326	-6.40266	-8.33328
L4Y_A	906	0.331168831169	0.526315789474	0.303703703704	-10.9641	-11.3595	-27.5175
Y30F_A	923	0.331168831169	0.526315789474	0.303703703704	-11.0834	-11.4931	-24.8971
M154Q_A	936	0.331168831169	0.526315789474	0.303703703704	-11.1903	-11.4261	-24.6232
M15W_A	942	0.324675324675	0.526315789474	0.296296296296	-11.5761	-11.5935	-24.1854
T1035L_C	947	0.369863013699	0.458333333333	0.326530612245	-11.5909	-6.56897	-8.24924
V144K_A	959	0.324675324675	0.473684210526	0.303703703704	-11.6241	-10.4833	-24.492
S79V_A	972	0.324675324675	0.473684210526	0.303703703704	-11.5594	-10.1952	-25.2202
G1057R_C	980	0.356164383562	0.458333333333	0.30612244898	-11.5763	-6.49253	-6.10315
K144H_A	990	0.311688311688	0.473684210526	0.288888888889	-11.617	-10.3715	-24.8257
