name	count	identity	interface_identity	non_interface_identity	evolved_interaction	ancestral_interaction	stability
A32D_A	1	0.993506493506	1.0	0.992592592593	-10.4519	-10.481	-26.8994
N126F_A	8	0.974025974026	1.0	0.97037037037	-10.7359	-10.5947	-27.1242
L94V_A	15	0.941558441558	1.0	0.933333333333	-10.7264	-10.6019	-25.3981
A1051R_C	29	0.958904109589	0.954545454545	0.960784313725	-10.7206	-10.5968	-8.12825
Q111S_A	37	0.902597402597	1.0	0.888888888889	-10.5739	-10.5959	-24.0036
N52K_A	50	0.88961038961	1.0	0.874074074074	-10.5848	-10.6025	-26.029
R1093P_C	64	0.890410958904	0.954545454545	0.862745098039	-10.6734	-10.5082	-6.63809
Q1076T_C	76	0.849315068493	0.909090909091	0.823529411765	-11.0433	-10.837	-8.01937
V42L_A	90	0.831168831169	1.0	0.810218978102	-10.7469	-10.4056	-26.0545
T1043I_C	139	0.821917808219	0.913043478261	0.78	-11.4703	-10.7814	-9.61353
Q117I_A	150	0.785714285714	0.882352941176	0.773722627737	-11.5511	-11.1441	-24.1201
R1046L_C	157	0.821917808219	0.913043478261	0.78	-11.7527	-10.8348	-10.8285
G44W_A	166	0.766233766234	0.75	0.768115942029	-11.3944	-11.3684	-25.7923
Q1073C_C	191	0.794520547945	0.884615384615	0.744680851064	-11.3496	-9.41807	-9.38025
C1073R_C	200	0.780821917808	0.884615384615	0.723404255319	-10.9865	-9.3074	-8.07615
T57I_A	219	0.753246753247	0.75	0.753623188406	-11.3032	-12.9388	-25.7404
G50Y_A	225	0.733766233766	0.75	0.731884057971	-11.3124	-12.8671	-24.5861
H11M_A	231	0.733766233766	0.75	0.731884057971	-10.7942	-12.8231	-26.8251
Q154R_A	237	0.720779220779	0.75	0.717391304348	-10.7496	-12.8564	-25.686
N1025S_C	246	0.684931506849	0.807692307692	0.617021276596	-10.7205	-9.21305	-8.22556
Y64F_A	260	0.694805194805	0.75	0.688405797101	-10.9586	-12.8491	-27.1774
Q10T_A	269	0.688311688312	0.75	0.68115942029	-11.5435	-12.7985	-26.439
K1051I_C	275	0.671232876712	0.807692307692	0.595744680851	-11.5214	-9.74907	-7.3656
K146V_A	281	0.662337662338	0.75	0.652173913043	-11.54	-12.4324	-25.2664
S1046D_C	288	0.657534246575	0.807692307692	0.574468085106	-13.6951	-11.2731	-7.77852
E106C_A	297	0.662337662338	0.764705882353	0.649635036496	-13.7152	-12.6537	-25.4337
M131Q_A	305	0.655844155844	0.764705882353	0.642335766423	-13.6898	-12.5626	-24.81
D118F_A	316	0.636363636364	0.705882352941	0.627737226277	-14.0414	-12.8878	-26.1086
I1088L_C	328	0.630136986301	0.769230769231	0.553191489362	-12.3688	-10.2588	-6.87378
M143P_A	336	0.623376623377	0.625	0.623188405797	-11.9834	-13.2174	-24.924
Q130Y_A	350	0.603896103896	0.625	0.601449275362	-11.9658	-13.2121	-25.9387
D37C_A	355	0.590909090909	0.5625	0.594202898551	-11.5944	-13.0689	-25.0908
F122K_A	361	0.577922077922	0.5625	0.579710144928	-11.5881	-13.0481	-25.5097
K15G_A	374	0.571428571429	0.5625	0.572463768116	-11.4221	-13.0641	-24.751
W52T_A	387	0.564935064935	0.5625	0.565217391304	-11.3037	-13.057	-25.1184
K1055H_C	399	0.534246575342	0.653846153846	0.468085106383	-10.7731	-9.14749	-7.04738
N1032V_C	427	0.520547945205	0.653846153846	0.446808510638	-11.0159	-9.33475	-7.24878
K1054R_C	445	0.493150684932	0.653846153846	0.404255319149	-11.1936	-9.59802	-7.38863
S1073E_C	456	0.493150684932	0.653846153846	0.404255319149	-11.197	-9.63763	-8.95416
Y7E_A	467	0.545454545455	0.5625	0.54347826087	-11.1935	-12.744	-24.7675
K61F_A	482	0.538961038961	0.5625	0.536231884058	-11.0069	-12.963	-25.7433
Y139N_A	488	0.525974025974	0.5625	0.521739130435	-10.988	-12.9634	-26.862
N140T_A	495	0.525974025974	0.5625	0.521739130435	-11.1736	-11.0452	-25.4538
T140Y_A	505	0.525974025974	0.5625	0.521739130435	-11.0583	-10.8106	-25.0807
E1034N_C	514	0.438356164384	0.64	0.333333333333	-11.6667	-9.54273	-6.91535
K31R_A	522	0.519480519481	0.588235294118	0.510948905109	-11.3878	-10.7792	-29.1286
I1045M_C	531	0.424657534247	0.64	0.3125	-11.3951	-9.53194	-7.55801
E1084D_C	538	0.397260273973	0.6	0.291666666667	-11.91	-8.99473	-8.02915
I1051P_C	547	0.397260273973	0.6	0.291666666667	-11.5957	-8.95763	-6.33847
S95D_A	554	0.493506493506	0.588235294118	0.481751824818	-11.1525	-12.4805	-28.2612
D121Q_A	565	0.474025974026	0.588235294118	0.459854014599	-11.1486	-12.4779	-26.963
N143H_A	571	0.467532467532	0.588235294118	0.452554744526	-11.1486	-12.4849	-25.5464
Y155F_A	584	0.448051948052	0.588235294118	0.430656934307	-10.8286	-12.1976	-28.7408
G139F_A	601	0.428571428571	0.529411764706	0.416058394161	-10.6397	-12.1097	-28.6195
M150L_A	609	0.435064935065	0.529411764706	0.423357664234	-10.8305	-11.9756	-26.5207
P1051C_C	622	0.41095890411	0.6	0.3125	-10.8701	-8.18671	-7.41145
V6R_A	638	0.428571428571	0.529411764706	0.416058394161	-11.1579	-12.2892	-28.1467
L1045T_C	675	0.41095890411	0.6	0.3125	-10.691	-8.49072	-7.52822
W1033T_C	684	0.424657534247	0.64	0.3125	-11.3966	-8.73323	-6.78195
D1093Q_C	696	0.41095890411	0.64	0.291666666667	-11.4616	-8.98721	-7.28235
N121G_A	709	0.422077922078	0.529411764706	0.408759124088	-11.4019	-10.4975	-25.3104
Y1095C_C	724	0.397260273973	0.64	0.270833333333	-11.1895	-9.04679	-6.64137
H57M_A	733	0.415584415584	0.555555555556	0.397058823529	-11.1285	-9.76549	-26.9466
K1040P_C	748	0.383561643836	0.64	0.25	-11.1083	-9.0148	-8.44517
M99K_A	758	0.402597402597	0.555555555556	0.382352941176	-11.0123	-9.72434	-25.984
G129D_A	765	0.396103896104	0.555555555556	0.375	-11.0228	-9.68545	-25.9764
V89A_A	772	0.383116883117	0.555555555556	0.360294117647	-10.7882	-9.38813	-26.0335
I104Q_A	782	0.383116883117	0.555555555556	0.360294117647	-10.6073	-9.22472	-26.6917
T107Q_A	799	0.383116883117	0.555555555556	0.360294117647	-10.6153	-9.22504	-26.2551
M59P_A	815	0.396103896104	0.555555555556	0.375	-10.8236	-9.39617	-26.3552
H96M_A	823	0.38961038961	0.555555555556	0.367647058824	-10.5595	-8.98744	-29.41
N39M_A	837	0.383116883117	0.555555555556	0.360294117647	-10.5521	-9.16961	-25.2671
Y1070L_C	854	0.328767123288	0.56	0.208333333333	-10.6161	-9.23106	-7.14884
T19R_A	877	0.383116883117	0.555555555556	0.360294117647	-10.6004	-9.75466	-25.0719
D30V_A	905	0.383116883117	0.529411764706	0.36496350365	-10.5721	-10.0002	-25.3698
L101G_A	920	0.37012987013	0.529411764706	0.350364963504	-10.6303	-9.88136	-26.3786
G131T_A	933	0.357142857143	0.529411764706	0.335766423358	-10.5154	-9.90676	-28.4999
F137D_A	941	0.350649350649	0.529411764706	0.328467153285	-10.5156	-9.51821	-25.4876
M29Q_A	953	0.357142857143	0.529411764706	0.335766423358	-10.5158	-9.36104	-25.7155
T120K_A	965	0.357142857143	0.529411764706	0.335766423358	-10.5727	-9.58082	-25.2671
A91Q_A	983	0.357142857143	0.529411764706	0.335766423358	-11.612	-11.2756	-27.0383
C154T_A	996	0.350649350649	0.529411764706	0.328467153285	-11.6867	-11.1107	-24.6872
