name	count	identity	evolved_interaction	ancestral_interaction	stability
A152T_A	1	0.993506493506	-10.4611	-10.4862	-23.67
D100M_A	9	0.980519480519	-10.4755	-10.4891	-25.2802
D121T_A	19	0.948051948052	-10.4479	-10.4714	-28.5751
E143H_A	28	0.922077922078	-10.4549	-10.4647	-26.3908
H143F_A	35	0.922077922078	-10.4127	-10.4749	-25.7051
S1033N_C	43	0.917808219178	-10.3906	-10.4115	-7.91632
D1082E_C	55	0.890410958904	-10.5808	-10.6646	-6.63419
M1060P_C	71	0.86301369863	-10.5259	-10.654	-7.60818
R1046V_C	80	0.821917808219	-10.5255	-10.6298	-6.21517
S3G_A	89	0.837662337662	-10.5303	-10.47	-24.2505
A1074W_C	104	0.794520547945	-10.5633	-10.6573	-8.48148
N126I_A	112	0.818181818182	-10.5082	-10.4521	-23.8193
R104L_A	123	0.805194805195	-10.4919	-10.4576	-23.8632
S66Y_A	130	0.798701298701	-10.4897	-10.4519	-24.3958
H67E_A	146	0.805194805195	-10.55	-10.4577	-24.1293
E1094F_C	154	0.72602739726	-10.6762	-10.757	-7.75398
F1036N_C	162	0.698630136986	-11.3431	-11.336	-6.95731
M131D_A	174	0.772727272727	-11.2651	-10.5692	-24.4269
Y1086H_C	185	0.671232876712	-11.1115	-11.0444	-6.70386
L150I_A	191	0.753246753247	-11.1363	-10.475	-24.0859
I107R_A	202	0.74025974026	-11.3558	-10.5396	-25.3558
E1082M_C	211	0.643835616438	-11.1461	-10.2443	-6.77846
E1084D_C	219	0.616438356164	-11.4165	-10.6481	-6.6672
P1042R_C	235	0.58904109589	-11.3906	-10.629	-6.82677
E11K_A	247	0.681818181818	-11.4873	-11.3768	-23.9711
D37N_A	256	0.668831168831	-11.6466	-11.4315	-26.8286
D19S_A	266	0.655844155844	-12.2983	-11.6179	-24.6131
V1046C_C	279	0.561643835616	-12.336	-10.5954	-9.64243
R27C_A	291	0.642857142857	-11.0513	-10.3884	-26.7773
Y149S_A	297	0.62987012987	-11.0802	-10.3022	-24.6725
T61V_A	304	0.616883116883	-11.0684	-10.2926	-26.4772
D1080I_C	309	0.520547945205	-10.6985	-10.062	-8.01872
D1074C_C	314	0.520547945205	-10.6985	-10.1012	-7.89149
Y155W_A	330	0.590909090909	-10.7413	-10.2456	-24.0113
K1032N_C	348	0.479452054795	-10.4752	-9.89013	-9.46914
P96R_A	353	0.564935064935	-11.0062	-10.3125	-25.1201
N1081C_C	361	0.452054794521	-10.7525	-10.578	-6.44828
Y118D_A	377	0.551948051948	-10.734	-9.95665	-24.037
K101Y_A	396	0.551948051948	-10.4599	-9.72743	-24.3977
P131A_A	406	0.551948051948	-10.4452	-9.62066	-24.0346
F143L_A	416	0.551948051948	-10.4653	-9.64706	-24.1113
N4L_A	427	0.551948051948	-10.4618	-9.69373	-25.0087
P1080E_C	448	0.397260273973	-11.1828	-10.6432	-6.91939
V61K_A	456	0.525974025974	-11.2716	-9.77856	-25.0423
V1065M_C	465	0.397260273973	-10.9594	-10.3243	-7.95776
H104N_A	475	0.519480519481	-10.6019	-10.261	-24.3369
Q116A_A	493	0.512987012987	-10.5362	-10.2735	-24.8885
D33Y_A	503	0.5	-10.558	-10.3341	-24.6204
I126P_A	508	0.5	-10.5854	-10.3262	-24.8737
C1042N_C	517	0.397260273973	-10.6184	-9.90169	-9.67966
K110T_A	528	0.493506493506	-10.7397	-10.5834	-24.514
N35D_A	535	0.487012987013	-10.4536	-10.3904	-25.0489
V98K_A	542	0.480519480519	-10.4626	-10.3871	-23.9361
L38Q_A	554	0.467532467532	-10.4023	-10.4497	-24.9571
A36W_A	565	0.454545454545	-10.4647	-10.4285	-26.6667
K138Y_A	572	0.448051948052	-10.4779	-10.533	-25.0483
N79F_A	586	0.448051948052	-10.4776	-10.5485	-25.5221
L94T_A	596	0.441558441558	-10.5012	-10.4648	-25.1371
Y138N_A	602	0.441558441558	-10.4974	-10.6218	-24.709
V149Y_A	614	0.428571428571	-10.4994	-10.7226	-25.8182
G131H_A	629	0.422077922078	-10.5054	-10.6897	-23.7543
S31P_A	637	0.422077922078	-10.4993	-10.7815	-25.5804
K14R_A	645	0.402597402597	-10.6103	-10.8083	-26.9961
N7E_A	653	0.409090909091	-10.6344	-10.9278	-26.6795
E142H_A	658	0.402597402597	-10.6326	-10.7062	-24.7064
N1036K_C	666	0.328767123288	-10.7047	-9.88937	-6.40797
S119H_A	674	0.396103896104	-10.7398	-10.5236	-28.8758
P126I_A	684	0.383116883117	-10.7189	-10.3592	-26.7877
K61R_A	692	0.37012987013	-10.5918	-10.3323	-25.223
M1046F_C	717	0.315068493151	-10.5942	-9.91872	-6.28098
W79Y_A	729	0.363636363636	-10.3764	-9.97148	-25.9351
E71K_A	735	0.37012987013	-10.3759	-9.94454	-24.8064
S19H_A	749	0.37012987013	-10.8263	-9.94423	-24.4651
R96N_A	756	0.376623376623	-10.6122	-9.85351	-26.8266
N1085Y_C	765	0.328767123288	-10.7158	-9.45067	-7.46919
I1056R_C	775	0.328767123288	-10.6457	-8.49009	-7.08827
Y32C_A	785	0.37012987013	-10.7657	-10.2977	-26.6714
M1082E_C	792	0.342465753425	-10.8694	-9.25465	-6.65842
L128A_A	802	0.363636363636	-10.8867	-10.2851	-24.3226
H136Q_A	815	0.37012987013	-11.0066	-10.5376	-24.024
H142M_A	825	0.363636363636	-11.0311	-9.89047	-25.0766
S93E_A	847	0.357142857143	-11.1224	-10.1934	-26.4168
P31Y_A	859	0.357142857143	-11.0549	-10.1474	-25.7332
S156C_A	871	0.344155844156	-11.043	-9.65657	-24.1546
Y147F_A	882	0.344155844156	-10.9315	-9.4572	-24.9203
Q136A_A	892	0.331168831169	-10.6829	-9.4479	-24.9183
Y1062K_C	912	0.328767123288	-10.7193	-8.83457	-5.91766
D1085G_C	918	0.301369863014	-12.2627	-8.62632	-5.76173
I92M_A	927	0.311688311688	-13.1695	-11.2557	-25.74
S151N_A	936	0.318181818182	-12.6612	-11.067	-30.5345
E100F_A	944	0.318181818182	-10.6281	-10.7803	-24.9233
C156S_A	958	0.324675324675	-10.612	-11.1285	-24.2369
E1095T_C	964	0.27397260274	-10.7128	-6.71688	-6.7652
R138V_A	976	0.331168831169	-10.7087	-10.9591	-24.3143
W140K_A	983	0.324675324675	-10.6721	-10.9221	-24.5836
N151F_A	998	0.324675324675	-10.7755	-10.9258	-24.8334
