name	count	identity	evolved_interaction	ancestral_interaction	stability
F137G_A	1	0.993506493506	-10.4881	-10.5132	-22.5473
T61N_A	8	0.974025974026	-10.4741	-10.526	-29.0717
E11F_A	20	0.948051948052	-10.486	-10.601	-27.6263
C93H_A	26	0.928571428571	-10.5182	-10.6137	-29.9445
P132E_A	36	0.902597402597	-10.5138	-10.6034	-26.002
K153F_A	44	0.876623376623	-10.6661	-10.7931	-25.9153
S1043T_C	56	0.917808219178	-10.6211	-10.6051	-8.22759
V57H_A	71	0.837662337662	-10.7809	-10.9386	-25.638
D100T_A	79	0.811688311688	-10.61	-10.9338	-24.8349
S3M_A	89	0.805194805195	-10.5563	-10.9271	-24.6431
Q142L_A	99	0.798701298701	-10.5398	-10.927	-23.641
C1040K_C	113	0.86301369863	-10.7309	-10.3665	-7.46513
D1061T_C	121	0.835616438356	-10.6887	-10.3252	-6.32785
Q1095G_C	129	0.808219178082	-10.7909	-10.5363	-5.84362
E7H_A	142	0.74025974026	-10.7911	-10.9287	-25.1473
W129Y_A	151	0.733766233766	-10.7924	-10.9325	-24.3774
F1052Y_C	165	0.767123287671	-10.7861	-10.3573	-6.81796
V29I_A	170	0.707792207792	-10.8052	-10.9459	-24.2496
E1034M_C	187	0.712328767123	-10.7609	-10.2738	-7.46105
K1058Q_C	195	0.684931506849	-10.7331	-10.234	-7.26459
S95Q_A	211	0.681818181818	-10.6227	-11.1691	-24.7466
G1095F_C	223	0.684931506849	-10.6424	-10.1698	-5.82391
Y87N_A	232	0.642857142857	-10.6358	-11.2074	-24.7045
E1050Q_C	243	0.671232876712	-10.8978	-10.4191	-6.48149
W147Q_A	255	0.623376623377	-10.8729	-11.1439	-23.6293
W1062A_C	268	0.643835616438	-10.7786	-10.5311	-5.6947
E151M_A	281	0.61038961039	-10.7266	-10.7391	-26.1177
Y1074G_C	288	0.58904109589	-10.5002	-10.277	-8.22848
M88F_A	296	0.584415584416	-10.5843	-8.45488	-26.8595
D1080M_C	304	0.561643835616	-10.5277	-10.1898	-6.64429
T100H_A	309	0.584415584416	-10.5066	-10.4853	-28.6616
K71G_A	318	0.571428571429	-10.4533	-10.4408	-25.3853
R104L_A	328	0.564935064935	-10.6701	-10.4409	-24.184
D63H_A	334	0.564935064935	-10.6924	-10.4257	-27.2573
T153N_A	344	0.545454545455	-10.6928	-10.4365	-24.9726
R1038H_C	355	0.520547945205	-10.6416	-10.4809	-6.66905
W1050I_C	367	0.520547945205	-10.6412	-10.4851	-7.12751
V5Q_A	376	0.532467532468	-10.6744	-10.4016	-25.9363
Q1058I_C	384	0.506849315068	-10.6819	-10.5102	-7.55684
I1064L_C	393	0.493150684932	-10.6963	-10.5122	-6.3312
I1050S_C	403	0.493150684932	-10.949	-10.4773	-5.94299
Q111T_A	410	0.512987012987	-11.0407	-10.7931	-25.7338
E67Q_A	418	0.506493506494	-11.0107	-10.7931	-26.4764
F102D_A	424	0.506493506494	-11.208	-10.5992	-24.1784
Y1036L_C	434	0.397260273973	-10.6269	-9.35627	-8.48113
L104S_A	450	0.506493506494	-10.6202	-10.5992	-25.2053
G44W_A	462	0.493506493506	-10.9334	-11.5754	-26.3723
Q71L_A	468	0.487012987013	-10.9089	-11.4214	-25.1518
H63D_A	478	0.480519480519	-10.953	-11.427	-24.6342
R124I_A	486	0.480519480519	-11.1908	-11.4958	-25.886
H100T_A	495	0.480519480519	-10.931	-11.8738	-24.6912
W44R_A	505	0.461038961039	-10.8139	-10.3056	-26.4717
T100N_A	515	0.454545454545	-11.5556	-10.7557	-25.0178
L1036P_C	520	0.342465753425	-10.8016	-8.3262	-8.1776
L1044P_C	529	0.356164383562	-10.8045	-8.3262	-9.64394
V54R_A	541	0.448051948052	-11.1453	-11.0532	-24.024
C35D_A	555	0.454545454545	-10.3646	-10.4356	-25.4696
T75Q_A	565	0.454545454545	-10.395	-10.4317	-26.3283
Y1039L_C	580	0.342465753425	-11.0717	-9.41689	-6.24963
Q146T_A	609	0.448051948052	-11.0072	-10.8391	-24.0804
I45V_A	615	0.435064935065	-10.9884	-10.7796	-25.0237
G128E_A	624	0.428571428571	-11.0638	-10.7935	-24.9471
A1084I_C	634	0.315068493151	-12.2843	-10.234	-6.47809
T1089I_C	643	0.328767123288	-12.3407	-10.2602	-8.11017
L1043T_C	654	0.342465753425	-11.7584	-9.30223	-6.54192
N100R_A	670	0.409090909091	-11.2609	-10.5677	-24.3012
N1086C_C	682	0.342465753425	-11.4034	-9.21341	-7.31814
K1040C_C	692	0.315068493151	-11.4493	-9.18052	-8.29263
I1059Q_C	698	0.315068493151	-11.4629	-9.15426	-7.95933
E1073C_C	709	0.328767123288	-11.4757	-9.53492	-10.1078
K1033I_C	719	0.301369863014	-11.4838	-9.49092	-8.51592
F137Q_A	732	0.396103896104	-11.5054	-10.6327	-24.8875
L1071I_C	766	0.301369863014	-10.8518	-9.09823	-6.32003
K139L_A	789	0.38961038961	-10.8542	-9.95001	-24.1294
A6Y_A	811	0.38961038961	-10.8676	-9.99451	-24.4992
I92F_A	823	0.37012987013	-10.7878	-9.91299	-24.7007
R1032I_C	833	0.27397260274	-10.7754	-8.93972	-6.50289
I1070M_C	843	0.260273972603	-10.9404	-8.85698	-8.52621
M4C_A	850	0.363636363636	-10.948	-10.0597	-24.399
I1033M_C	858	0.27397260274	-11.0227	-9.16265	-7.21049
I1088M_C	866	0.260273972603	-11.1337	-8.60406	-6.80407
C1051V_C	880	0.260273972603	-10.7768	-8.36946	-6.37157
I95N_A	889	0.363636363636	-10.8249	-10.0292	-27.3058
M1035F_C	907	0.260273972603	-10.826	-8.36997	-6.63868
F1085N_C	920	0.260273972603	-10.7477	-8.39017	-6.38537
V99W_A	929	0.363636363636	-10.7403	-9.76721	-27.0949
R114Q_A	938	0.363636363636	-11.3354	-10.3526	-24.5819
P1041R_C	944	0.27397260274	-11.0598	-8.01644	-6.51859
K1077I_C	965	0.27397260274	-11.0634	-8.05706	-7.31079
F1047P_C	975	0.27397260274	-11.0912	-8.07647	-6.11189
H83V_A	985	0.344155844156	-11.0912	-9.97264	-25.7528
I1071L_C	994	0.27397260274	-10.9389	-8.06904	-8.36461
