name	count	identity	evolved_interaction	ancestral_interaction	stability
D1075P_C	1	0.986301369863	-10.486	-10.5216	-8.66408
Q151R_A	8	0.974025974026	-11.0044	-11.034	-27.7309
I1070C_C	13	0.958904109589	-10.8898	-10.5252	-6.76574
G115I_A	19	0.915584415584	-10.8556	-10.9851	-27.7665
S1033F_C	25	0.931506849315	-10.9017	-10.4976	-7.0543
A142H_A	33	0.87012987013	-10.8716	-11.0396	-26.8833
S1029C_C	39	0.904109589041	-11.1329	-10.7218	-6.73033
I115V_A	45	0.837662337662	-11.0754	-11.0797	-27.3942
S35L_A	54	0.811688311688	-10.9924	-11.0106	-25.3628
D1080Y_C	62	0.835616438356	-10.8821	-10.5195	-5.97034
K89S_A	74	0.785714285714	-10.8817	-10.9961	-26.8318
P150Y_A	95	0.779220779221	-10.8817	-10.9977	-25.0523
L149H_A	110	0.772727272727	-10.731	-10.8339	-25.2369
K147A_A	118	0.766233766234	-10.8362	-10.8438	-24.2107
S1062W_C	127	0.767123287671	-10.8112	-10.537	-8.59034
T137R_A	137	0.746753246753	-11.0422	-10.0843	-24.4884
Y1042F_C	145	0.72602739726	-10.9248	-11.1171	-7.47091
L6K_A	159	0.733766233766	-10.7464	-10.0897	-24.5019
Y31S_A	176	0.727272727273	-10.7375	-10.084	-25.2144
K15C_A	184	0.714285714286	-10.5337	-9.92055	-24.6847
S31L_A	194	0.694805194805	-10.593	-9.90742	-25.9781
S1037L_C	199	0.657534246575	-10.593	-11.0478	-9.21117
A7W_A	204	0.668831168831	-10.5465	-9.88738	-26.6952
T1043V_C	210	0.643835616438	-10.5537	-11.0476	-9.64076
W1062C_C	221	0.630136986301	-10.6219	-11.0462	-8.775
R1046N_C	226	0.602739726027	-10.6374	-11.0352	-8.05232
A120E_A	238	0.623376623377	-10.6444	-10.1251	-26.3634
L146F_A	253	0.61038961039	-10.7875	-10.1282	-24.2524
F1036W_C	265	0.561643835616	-11.076	-11.1968	-6.87789
L1051N_C	276	0.561643835616	-11.0361	-11.1493	-7.13374
Y129H_A	283	0.603896103896	-10.9872	-10.0848	-25.4143
H129P_A	295	0.597402597403	-10.918	-10.0928	-24.1045
M36F_A	315	0.590909090909	-10.8889	-10.0696	-24.6108
V1094R_C	331	0.534246575342	-11.1249	-11.2274	-7.10365
W49F_A	341	0.571428571429	-10.8878	-10.1518	-24.1683
C1029G_C	366	0.520547945205	-10.6777	-10.1744	-6.41359
V118A_A	377	0.558441558442	-10.6727	-10.1193	-25.0621
L115I_A	388	0.558441558442	-10.721	-10.1193	-24.2216
R1094K_C	399	0.493150684932	-10.8516	-10.091	-7.48048
C1034K_C	409	0.493150684932	-10.962	-11.0113	-9.23584
L1030K_C	419	0.479452054795	-11.0226	-10.3601	-7.22879
S1032F_C	431	0.465753424658	-11.047	-10.2948	-7.43285
Q1073F_C	442	0.438356164384	-10.9946	-10.2706	-6.8205
A133L_A	452	0.532467532468	-10.8516	-10.3709	-27.1293
L1066F_C	462	0.41095890411	-10.5833	-9.81477	-7.01883
H6F_A	472	0.532467532468	-10.6467	-9.95005	-25.8318
Y88R_A	479	0.532467532468	-10.5641	-9.32682	-26.1741
N66P_A	491	0.519480519481	-10.6918	-9.59871	-24.9213
E74S_A	510	0.519480519481	-10.3775	-9.56741	-23.8417
G50Y_A	520	0.519480519481	-10.4113	-9.60243	-24.5514
W3M_A	534	0.519480519481	-10.4032	-9.61387	-24.3303
P142D_A	543	0.519480519481	-10.6994	-9.61387	-24.2612
Q1095R_C	552	0.356164383562	-11.2566	-9.50389	-7.43119
N82L_A	560	0.519480519481	-10.8875	-9.48361	-25.6908
C1034K_C	573	0.342465753425	-10.9958	-9.17068	-8.99715
R1058Q_C	589	0.328767123288	-11.5884	-10.9674	-7.75728
Q130N_A	596	0.493506493506	-11.613	-9.43989	-26.1352
R1094F_C	605	0.328767123288	-11.5098	-11.0048	-8.33324
K1023Y_C	615	0.315068493151	-11.5515	-10.8746	-8.52985
V14I_A	624	0.474025974026	-11.4756	-9.50772	-24.8858
N1056M_C	630	0.301369863014	-11.2193	-10.1236	-7.53421
Y1036F_C	638	0.315068493151	-10.918	-10.5854	-6.40823
V148E_A	649	0.448051948052	-10.8816	-9.61334	-25.3651
P36R_A	665	0.441558441558	-10.9247	-9.44548	-24.6845
M29I_A	673	0.435064935065	-10.9057	-9.3257	-24.8856
W7M_A	682	0.435064935065	-10.8028	-9.28082	-25.0532
C1042V_C	696	0.315068493151	-10.7953	-8.02539	-6.30333
I11L_A	705	0.435064935065	-10.7613	-9.28797	-24.8297
S143P_A	712	0.435064935065	-10.8556	-9.1567	-25.0536
P4N_A	725	0.428571428571	-10.8763	-9.08285	-24.6966
K117M_A	735	0.428571428571	-10.8303	-9.03223	-27.4765
F6E_A	749	0.422077922078	-10.8269	-9.0059	-25.5601
R1044Q_C	757	0.301369863014	-10.8752	-9.57626	-6.10514
I89P_A	768	0.435064935065	-10.8746	-9.01759	-25.9534
A147Y_A	779	0.428571428571	-10.8746	-9.01759	-24.6845
M39F_A	789	0.428571428571	-10.8932	-9.01564	-25.1575
C43K_A	797	0.428571428571	-10.8934	-9.0989	-26.6858
M48C_A	805	0.435064935065	-10.8911	-9.04502	-24.6772
L70N_A	813	0.435064935065	-10.7774	-8.99214	-25.7772
C48W_A	828	0.435064935065	-10.7466	-8.94597	-24.7254
T1063F_C	838	0.287671232877	-10.7905	-9.49187	-9.39758
R1023M_C	844	0.287671232877	-10.7893	-9.46829	-8.99943
M7H_A	851	0.415584415584	-11.6356	-10.1258	-24.6073
Q1058N_C	862	0.287671232877	-11.6432	-9.48056	-6.79209
I27L_A	877	0.402597402597	-11.8563	-10.4438	-24.0171
A1061Y_C	889	0.287671232877	-12.5298	-10.0264	-7.37888
Y37E_A	908	0.38961038961	-12.3208	-11.1199	-23.9939
F1064T_C	921	0.287671232877	-12.1769	-10.118	-6.22954
R112I_A	934	0.402597402597	-12.1288	-11.197	-25.1567
H1075Y_C	945	0.287671232877	-11.7185	-9.96619	-5.72905
S31R_A	963	0.396103896104	-11.6857	-10.9002	-26.1025
G118N_A	971	0.38961038961	-11.1228	-10.7137	-25.7845
E35N_A	981	0.38961038961	-11.1111	-12.2171	-23.5644
R25F_A	989	0.38961038961	-13.3654	-13.2581	-23.3195
K18N_A	997	0.383116883117	-12.1007	-11.3419	-24.2427
