name	count	identity	interface_identity	non_interface_identity	evolved_interaction	ancestral_interaction	stability
S1032Y_C	1	0.986301369863	0.954545454545	1.0	-10.4868	-10.3824	-8.33642
S1029M_C	12	0.958904109589	0.909090909091	0.980392156863	-12.1537	-11.945	-11.9841
G44K_A	18	0.974025974026	0.894736842105	0.985185185185	-11.9985	-12.0541	-26.8054
L1081A_C	23	0.876712328767	0.869565217391	0.88	-12.2594	-10.3499	-7.26202
E1050F_C	32	0.849315068493	0.869565217391	0.84	-12.0899	-10.1931	-6.99584
A142L_A	42	0.928571428571	0.789473684211	0.948148148148	-11.9902	-11.5686	-24.5211
A32C_A	67	0.902597402597	0.789473684211	0.918518518519	-12.1279	-11.4109	-25.1915
Y155R_A	75	0.87012987013	0.789473684211	0.881481481481	-12.19	-11.5627	-24.1868
S127A_A	84	0.844155844156	0.789473684211	0.851851851852	-12.5756	-11.4235	-26.6556
D1080N_C	103	0.794520547945	0.826086956522	0.78	-12.5102	-9.93252	-6.23682
K27M_A	112	0.792207792208	0.736842105263	0.8	-12.5	-11.3699	-26.0367
L114D_A	118	0.779220779221	0.736842105263	0.785185185185	-12.3832	-11.3155	-24.5179
N1086H_C	129	0.753424657534	0.782608695652	0.74	-11.8895	-9.97666	-6.79188
C87G_A	140	0.75974025974	0.75	0.761194029851	-10.7451	-11.1237	-23.7968
Q50K_A	146	0.74025974026	0.722222222222	0.742647058824	-10.7658	-8.82851	-26.7095
L1063F_C	153	0.712328767123	0.727272727273	0.705882352941	-10.6917	-6.5473	-9.82286
D121W_A	162	0.707792207792	0.722222222222	0.705882352941	-10.7038	-8.86656	-25.0967
N1071L_C	171	0.684931506849	0.681818181818	0.686274509804	-10.8171	-6.74666	-9.09248
Q101A_A	188	0.688311688312	0.722222222222	0.683823529412	-10.781	-8.86633	-24.2721
W36H_A	198	0.675324675325	0.722222222222	0.669117647059	-10.7703	-8.87106	-24.6106
G87N_A	222	0.668831168831	0.722222222222	0.661764705882	-10.7411	-8.81925	-24.5783
I1070L_C	237	0.630136986301	0.608695652174	0.64	-10.7526	-6.6247	-9.72145
K1058M_C	252	0.616438356164	0.608695652174	0.62	-10.8069	-6.54744	-9.19214
E1044Q_C	262	0.616438356164	0.608695652174	0.62	-10.807	-6.54771	-7.48695
S136T_A	274	0.642857142857	0.722222222222	0.632352941176	-10.9143	-8.82376	-25.2084
D1075Y_C	288	0.575342465753	0.608695652174	0.56	-11.0553	-6.25526	-8.547
C1085N_C	297	0.561643835616	0.565217391304	0.56	-10.6608	-5.44648	-12.0453
Q60I_A	303	0.62987012987	0.722222222222	0.617647058824	-10.6609	-9.09837	-26.5118
Q1056W_C	311	0.534246575342	0.565217391304	0.52	-11.3918	-5.53473	-9.53116
Q1073H_C	322	0.506849315068	0.565217391304	0.48	-11.2423	-5.72834	-9.25827
C91Y_A	331	0.597402597403	0.666666666667	0.588235294118	-11.2467	-12.1974	-26.0477
P46G_A	342	0.584415584416	0.666666666667	0.573529411765	-11.5359	-9.88717	-25.0544
A106D_A	352	0.564935064935	0.666666666667	0.551470588235	-11.5789	-11.8248	-24.7533
W10D_A	358	0.564935064935	0.666666666667	0.551470588235	-11.6919	-11.6493	-26.9086
A118L_A	365	0.564935064935	0.666666666667	0.551470588235	-11.7853	-11.637	-26.6263
R1074H_C	372	0.452054794521	0.565217391304	0.4	-11.7766	-6.72411	-12.0223
E11I_A	381	0.532467532468	0.611111111111	0.522058823529	-11.8055	-12.4703	-24.7992
R1082E_C	392	0.438356164384	0.590909090909	0.372549019608	-12.1807	-6.22002	-11.1391
K50M_A	399	0.532467532468	0.65	0.514925373134	-12.1543	-10.1676	-26.2738
L132P_A	410	0.532467532468	0.6	0.522388059701	-12.7497	-12.1897	-23.8338
A101M_A	418	0.519480519481	0.55	0.514925373134	-13.0027	-12.0878	-24.9375
L1095N_C	429	0.41095890411	0.545454545455	0.352941176471	-12.5969	-7.11065	-8.7395
L97M_A	444	0.512987012987	0.526315789474	0.511111111111	-12.7623	-11.3777	-25.8086
N119R_A	464	0.506493506494	0.526315789474	0.503703703704	-12.5588	-10.981	-25.3058
T136F_A	498	0.512987012987	0.526315789474	0.511111111111	-12.5597	-10.9775	-26.1364
M101E_A	507	0.5	0.526315789474	0.496296296296	-12.379	-10.8282	-24.4805
E143I_A	519	0.493506493506	0.526315789474	0.488888888889	-12.4282	-10.7069	-24.2389
E1079K_C	538	0.383561643836	0.5	0.333333333333	-12.4543	-6.40918	-8.25299
T1042H_C	544	0.356164383562	0.454545454545	0.313725490196	-12.1884	-6.18286	-9.09717
E101S_A	553	0.493506493506	0.5	0.492647058824	-12.3225	-11.1589	-24.0979
D146S_A	561	0.493506493506	0.5	0.492647058824	-12.2574	-11.1106	-24.1909
F3I_A	569	0.493506493506	0.470588235294	0.496350364964	-12.4745	-10.9092	-24.898
I32L_A	583	0.480519480519	0.470588235294	0.481751824818	-12.3478	-11.6956	-23.9941
V135E_A	592	0.474025974026	0.470588235294	0.474452554745	-12.3837	-11.4625	-25.0309
N19L_A	603	0.467532467532	0.470588235294	0.467153284672	-11.6037	-11.0588	-25.1609
K92R_A	623	0.467532467532	0.470588235294	0.467153284672	-11.5949	-11.0634	-24.081
W1081L_C	639	0.369863013699	0.454545454545	0.333333333333	-11.2111	-6.75193	-9.28585
R92L_A	651	0.474025974026	0.5	0.470588235294	-11.2135	-10.8709	-27.1123
F48Q_A	659	0.461038961039	0.444444444444	0.463235294118	-11.3054	-10.9075	-23.9296
Y61D_A	671	0.448051948052	0.411764705882	0.452554744526	-11.1548	-10.622	-23.7588
D1093L_C	680	0.383561643836	0.454545454545	0.352941176471	-11.2005	-1.88093	-9.18959
D61C_A	686	0.441558441558	0.352941176471	0.452554744526	-10.8648	-10.3178	-24.9683
R1061D_C	699	0.383561643836	0.454545454545	0.352941176471	-10.8003	-1.89725	-8.10499
Q154H_A	708	0.428571428571	0.352941176471	0.43795620438	-10.7861	-10.9064	-25.3012
A1025S_C	729	0.369863013699	0.454545454545	0.333333333333	-10.7105	-6.17267	-7.98746
T1077A_C	749	0.356164383562	0.454545454545	0.313725490196	-10.6816	-6.18393	-8.95196
E1034V_C	773	0.342465753425	0.454545454545	0.294117647059	-10.3574	-5.48386	-10.5251
V75C_A	783	0.402597402597	0.352941176471	0.408759124088	-10.4693	-10.5882	-24.6938
A1059V_C	792	0.315068493151	0.454545454545	0.254901960784	-10.5788	-5.46301	-8.04623
I1095R_C	809	0.315068493151	0.454545454545	0.254901960784	-10.9684	-5.97716	-7.81159
N142R_A	816	0.396103896104	0.352941176471	0.401459854015	-10.9806	-9.00802	-26.2831
C66A_A	825	0.396103896104	0.352941176471	0.401459854015	-10.6158	-10.7737	-24.3321
Q31F_A	833	0.38961038961	0.352941176471	0.394160583942	-10.7192	-11.056	-25.7867
L1026I_C	842	0.301369863014	0.454545454545	0.235294117647	-10.7996	-6.61032	-9.71171
W150Q_A	847	0.383116883117	0.421052631579	0.377777777778	-10.6474	-11.114	-24.2905
N1061F_C	860	0.27397260274	0.409090909091	0.21568627451	-10.6972	-6.70063	-10.1414
I1033Y_C	872	0.246575342466	0.363636363636	0.196078431373	-10.8061	-6.79915	-9.14637
C14N_A	892	0.383116883117	0.421052631579	0.377777777778	-10.9698	-8.59671	-25.8464
E43A_A	905	0.383116883117	0.473684210526	0.37037037037	-11.3179	-8.82057	-24.7294
S1025G_C	916	0.232876712329	0.318181818182	0.196078431373	-11.1534	-2.42281	-9.70757
Y64L_A	923	0.37012987013	0.473684210526	0.355555555556	-10.8599	-8.82381	-24.6005
C1071H_C	932	0.246575342466	0.318181818182	0.21568627451	-10.5875	-1.69979	-10.071
L1040Y_C	942	0.246575342466	0.304347826087	0.22	-11.0957	-1.72251	-9.38781
T104M_A	953	0.37012987013	0.411764705882	0.36496350365	-11.1058	-8.9826	-24.4911
W1043I_C	965	0.232876712329	0.304347826087	0.2	-10.8293	-1.00867	-8.5785
Q1092H_C	976	0.246575342466	0.347826086957	0.2	-10.7593	-0.977065	-8.30551
W74Y_A	985	0.363636363636	0.411764705882	0.357664233577	-10.8194	-9.78273	-26.831
T1042A_C	995	0.232876712329	0.347826086957	0.18	-10.9241	-0.886959	-8.85797
