name	count	identity	interface_identity	non_interface_identity	evolved_interaction	ancestral_interaction	stability
P105K_A	2	0.993506493506	1.0	0.992592592593	-10.4947	-10.5225	-24.4909
K15G_A	14	0.967532467532	1.0	0.962962962963	-10.7355	-10.7117	-24.0138
L114T_A	23	0.948051948052	1.0	0.940740740741	-11.0764	-11.0334	-23.9602
R1071S_C	37	0.917808219178	0.954545454545	0.901960784314	-11.035	-10.5071	-7.53102
L150W_A	47	0.909090909091	1.0	0.897810218978	-10.4436	-11.0491	-24.2416
E11T_A	59	0.88961038961	1.0	0.875912408759	-10.6187	-11.1677	-25.8514
N124W_A	65	0.87012987013	0.941176470588	0.861313868613	-10.7596	-11.2128	-26.7833
R139N_A	72	0.844155844156	0.941176470588	0.832116788321	-10.7973	-11.1884	-27.0954
Y82F_A	78	0.824675324675	0.941176470588	0.810218978102	-10.5293	-11.2475	-28.1419
W150V_A	85	0.811688311688	0.941176470588	0.795620437956	-10.5398	-11.2064	-27.677
F137R_A	90	0.785714285714	0.823529411765	0.78102189781	-10.6864	-11.4021	-25.657
M102Y_A	96	0.75974025974	0.764705882353	0.759124087591	-10.6207	-11.3678	-26.2285
L38M_A	108	0.74025974026	0.764705882353	0.737226277372	-10.7467	-11.4839	-26.2302
N140H_A	120	0.733766233766	0.764705882353	0.729927007299	-10.8715	-11.4714	-25.37
L6G_A	126	0.707792207792	0.705882352941	0.70802919708	-11.382	-12.0178	-27.5802
L4F_A	134	0.694805194805	0.705882352941	0.693430656934	-11.1707	-12.1048	-23.8553
A142S_A	139	0.681818181818	0.705882352941	0.678832116788	-11.6209	-12.1075	-24.4293
Y1044N_C	150	0.753424657534	0.826086956522	0.72	-11.6182	-7.6463	-8.02741
K29I_A	159	0.642857142857	0.705882352941	0.63503649635	-11.6067	-12.0241	-27.4028
M38Y_A	165	0.623376623377	0.705882352941	0.613138686131	-11.0709	-11.7828	-23.5836
D105K_A	186	0.623376623377	0.705882352941	0.613138686131	-11.2392	-11.6827	-24.7978
K12Q_A	195	0.623376623377	0.647058823529	0.620437956204	-10.5868	-11.2345	-25.6361
I1039Q_C	201	0.698630136986	0.826086956522	0.64	-10.7006	-6.53848	-5.648
T1035I_C	212	0.712328767123	0.826086956522	0.66	-10.611	-6.54181	-7.98678
Y38A_A	218	0.603896103896	0.588235294118	0.605839416058	-10.6004	-11.2532	-24.4624
V1042Y_C	228	0.698630136986	0.826086956522	0.64	-10.5896	-6.54483	-9.15249
L109V_A	238	0.577922077922	0.611111111111	0.573529411765	-10.5173	-11.0449	-24.0485
V116M_A	248	0.564935064935	0.611111111111	0.558823529412	-10.5074	-11.0808	-24.7874
L1045W_C	259	0.643835616438	0.739130434783	0.6	-10.4159	-6.58638	-7.5707
L97F_A	267	0.564935064935	0.647058823529	0.554744525547	-10.5488	-11.1999	-27.0336
Q151L_A	275	0.551948051948	0.647058823529	0.540145985401	-10.5537	-11.1999	-26.6227
R5I_A	285	0.538961038961	0.647058823529	0.525547445255	-10.5546	-11.1979	-23.7523
C93Q_A	301	0.525974025974	0.647058823529	0.510948905109	-10.5671	-11.1984	-23.6081
N52C_A	318	0.525974025974	0.647058823529	0.510948905109	-10.5671	-11.1978	-23.5223
C1046A_C	327	0.602739726027	0.739130434783	0.54	-10.4577	-6.66123	-7.73375
D99V_A	333	0.532467532468	0.647058823529	0.518248175182	-10.443	-11.1593	-26.1555
I29S_A	344	0.525974025974	0.647058823529	0.510948905109	-10.4491	-11.164	-24.0483
R135Y_A	363	0.519480519481	0.647058823529	0.503649635036	-10.9123	-11.1533	-23.6007
A1033E_C	378	0.58904109589	0.695652173913	0.54	-10.8227	-7.11674	-5.99472
H140F_A	386	0.506493506494	0.647058823529	0.489051094891	-10.8227	-11.15	-23.928
E131I_A	402	0.487012987013	0.647058823529	0.467153284672	-10.8227	-11.1499	-24.2658
I1070Y_C	417	0.575342465753	0.608695652174	0.56	-11.0774	-8.95384	-6.94921
F10K_A	428	0.487012987013	0.647058823529	0.467153284672	-11.0374	-11.1991	-24.0827
F127W_A	442	0.480519480519	0.647058823529	0.459854014599	-10.9629	-11.1899	-24.8674
F142G_A	452	0.467532467532	0.588235294118	0.452554744526	-11.2469	-10.4698	-24.2909
W1062P_C	457	0.520547945205	0.590909090909	0.490196078431	-11.0937	-5.9136	-7.45833
Y102L_A	464	0.461038961039	0.588235294118	0.445255474453	-11.4656	-11.2126	-25.2151
N149W_A	478	0.454545454545	0.588235294118	0.43795620438	-11.4472	-11.0934	-25.3313
N1086Q_C	483	0.493150684932	0.521739130435	0.48	-11.5665	-5.90812	-6.77509
W91Y_A	491	0.454545454545	0.588235294118	0.43795620438	-11.5031	-11.0933	-25.1285
E1048V_C	498	0.479452054795	0.521739130435	0.46	-11.2752	-5.79535	-7.17008
W1054H_C	507	0.493150684932	0.521739130435	0.48	-11.6156	-5.8775	-5.64557
R70L_A	519	0.428571428571	0.5	0.420289855072	-10.5341	-9.42248	-24.3428
V80F_A	534	0.428571428571	0.5	0.420289855072	-10.45	-9.15775	-26.6152
W103F_A	553	0.415584415584	0.5	0.405797101449	-10.49	-9.12658	-25.528
A26S_A	570	0.396103896104	0.4375	0.391304347826	-10.5433	-9.18733	-24.6264
R114W_A	585	0.396103896104	0.4375	0.391304347826	-10.6259	-9.23701	-24.8805
I138M_A	595	0.38961038961	0.4375	0.384057971014	-11.0323	-9.2211	-26.3847
M36P_A	602	0.37012987013	0.4375	0.36231884058	-10.8481	-8.90987	-25.4527
Q111S_A	611	0.363636363636	0.4375	0.355072463768	-10.8178	-8.83781	-25.2955
P150S_A	622	0.363636363636	0.4375	0.355072463768	-10.8968	-8.83779	-24.3293
Q101W_A	630	0.357142857143	0.4375	0.347826086957	-10.8968	-8.93861	-26.1048
S1071I_C	640	0.438356164384	0.478260869565	0.42	-10.8861	-6.25695	-7.53568
T1043S_C	648	0.424657534247	0.478260869565	0.4	-10.778	-6.25674	-6.96134
T49G_A	661	0.344155844156	0.375	0.340579710145	-10.8164	-9.06678	-24.8228
H1054Y_C	675	0.397260273973	0.434782608696	0.38	-11.1709	-6.60712	-8.72349
Q1086E_C	685	0.383561643836	0.428571428571	0.365384615385	-10.905	-6.40456	-9.76875
S79W_A	697	0.344155844156	0.375	0.340579710145	-10.9849	-9.26589	-24.652
V1065A_C	708	0.383561643836	0.428571428571	0.365384615385	-10.9896	-6.37012	-7.48386
G1046I_C	714	0.369863013699	0.428571428571	0.346153846154	-11.421	-6.36929	-8.52991
I143N_A	721	0.344155844156	0.375	0.340579710145	-11.4194	-9.64113	-24.8533
G1082K_C	729	0.369863013699	0.428571428571	0.346153846154	-11.3548	-6.16318	-7.00648
G32H_A	738	0.344155844156	0.375	0.340579710145	-10.9232	-9.15423	-25.2567
E1055C_C	746	0.369863013699	0.428571428571	0.346153846154	-10.9234	-5.96961	-8.36878
Y1054N_C	754	0.383561643836	0.47619047619	0.346153846154	-10.8308	-5.88873	-8.47492
S66I_A	766	0.350649350649	0.421052631579	0.340740740741	-10.819	-7.76248	-27.0603
F107I_A	773	0.357142857143	0.352941176471	0.357664233577	-10.8905	-7.95897	-24.3151
Q150N_A	782	0.350649350649	0.352941176471	0.350364963504	-10.9143	-9.37603	-25.0872
I1046N_C	793	0.356164383562	0.428571428571	0.326923076923	-10.7891	-5.93959	-6.02573
Y68W_A	800	0.337662337662	0.352941176471	0.335766423358	-10.6745	-9.35004	-24.4325
W38Y_A	825	0.337662337662	0.352941176471	0.335766423358	-10.8312	-9.79654	-25.8935
P141Q_A	830	0.344155844156	0.352941176471	0.343065693431	-10.9443	-8.43609	-23.7992
W79T_A	848	0.344155844156	0.352941176471	0.343065693431	-10.9185	-8.39465	-25.3679
R137N_A	861	0.337662337662	0.352941176471	0.335766423358	-10.9724	-8.56737	-23.9507
N1091W_C	878	0.328767123288	0.380952380952	0.307692307692	-10.8616	-5.89717	-6.93621
E1086Y_C	907	0.328767123288	0.380952380952	0.307692307692	-10.5362	-5.92753	-6.77873
V11H_A	921	0.337662337662	0.352941176471	0.335766423358	-10.5408	-8.57311	-25.9304
V126E_A	929	0.331168831169	0.352941176471	0.328467153285	-10.5646	-9.88791	-26.0148
T1055S_C	936	0.315068493151	0.380952380952	0.288461538462	-10.5034	-5.91458	-6.1908
E70R_A	954	0.331168831169	0.352941176471	0.328467153285	-11.3192	-10.0349	-24.4233
V156S_A	968	0.337662337662	0.411764705882	0.328467153285	-11.4848	-10.1507	-27.1059
S20H_A	987	0.331168831169	0.411764705882	0.321167883212	-12.492	-11.8108	-24.2482
F22W_A	997	0.318181818182	0.352941176471	0.313868613139	-11.1391	-10.3286	-24.3515
