name	count	identity	interface_identity	non_interface_identity	evolved_interaction	ancestral_interaction	stability
E42I_A	1	0.993506493506	1.0	0.992592592593	-10.488	-10.5325	-26.7634
D1061Q_C	9	0.986301369863	1.0	0.980392156863	-10.451	-10.5018	-8.97642
S122R_A	14	0.961038961039	1.0	0.955555555556	-10.4	-10.4847	-28.8932
L4F_A	23	0.954545454545	1.0	0.948148148148	-11.0688	-10.5666	-28.0077
G50H_A	28	0.928571428571	1.0	0.918518518519	-11.0751	-10.5683	-24.4086
T51R_A	39	0.915584415584	0.941176470588	0.912408759124	-11.3915	-11.7443	-24.5579
D1075Y_C	46	0.821917808219	0.833333333333	0.816326530612	-10.4631	-9.45453	-7.48225
V75N_A	52	0.863636363636	0.941176470588	0.85401459854	-10.5249	-12.0019	-24.993
R1055W_C	62	0.794520547945	0.833333333333	0.775510204082	-10.5568	-9.38314	-6.18544
Q1061K_C	83	0.794520547945	0.833333333333	0.775510204082	-10.5717	-9.38656	-6.76982
Q7D_A	89	0.805194805195	0.941176470588	0.788321167883	-10.5685	-12.0845	-24.5173
F70Y_A	95	0.798701298701	0.941176470588	0.78102189781	-10.845	-12.0783	-24.6446
K31W_A	111	0.772727272727	0.941176470588	0.751824817518	-10.8572	-12.0905	-24.6892
Q124H_A	121	0.772727272727	0.941176470588	0.751824817518	-10.8783	-12.0259	-24.6238
I122S_A	129	0.779220779221	0.941176470588	0.759124087591	-11.1931	-12.0034	-24.8335
D3G_A	168	0.772727272727	0.941176470588	0.751824817518	-11.0125	-11.98	-24.4459
A142Y_A	177	0.746753246753	0.882352941176	0.729927007299	-10.8203	-11.9771	-24.454
M1083Q_C	190	0.72602739726	0.75	0.714285714286	-11.3734	-10.2547	-6.76513
V62T_A	198	0.707792207792	0.823529411765	0.693430656934	-11.3354	-11.519	-24.8711
N1093D_C	206	0.671232876712	0.75	0.632653061224	-10.4857	-9.4094	-6.59663
H37E_A	212	0.707792207792	0.823529411765	0.693430656934	-10.3965	-11.5415	-24.2246
S35T_A	219	0.694805194805	0.833333333333	0.676470588235	-10.7915	-11.4874	-24.5888
L87Y_A	228	0.688311688312	0.833333333333	0.669117647059	-10.7731	-11.5519	-24.3118
E1085C_C	238	0.630136986301	0.666666666667	0.612244897959	-10.5216	-9.19564	-6.99744
I1024K_C	246	0.616438356164	0.666666666667	0.591836734694	-10.6261	-9.30896	-6.17224
C1085Y_C	260	0.616438356164	0.666666666667	0.591836734694	-10.7903	-9.32496	-7.02682
W118M_A	269	0.662337662338	0.833333333333	0.639705882353	-11.0562	-12.024	-26.1872
Q154T_A	279	0.642857142857	0.833333333333	0.617647058824	-11.0605	-12.0228	-26.2176
N52C_A	291	0.616883116883	0.833333333333	0.588235294118	-11.1149	-12.0644	-25.261
H106W_A	298	0.597402597403	0.833333333333	0.566176470588	-11.0652	-12.0671	-24.6472
N75V_A	310	0.603896103896	0.833333333333	0.573529411765	-10.818	-12.0667	-25.0902
Y1085F_C	316	0.602739726027	0.666666666667	0.571428571429	-10.7414	-8.99338	-9.62772
W1039H_C	325	0.575342465753	0.666666666667	0.530612244898	-10.7359	-8.98849	-8.40916
V116A_A	335	0.584415584416	0.8	0.55223880597	-11.3375	-12.0139	-23.9357
M1051L_C	347	0.534246575342	0.625	0.489795918367	-11.867	-9.63359	-6.17151
M98F_A	371	0.577922077922	0.833333333333	0.544117647059	-12.6156	-13.013	-25.0043
T91C_A	380	0.564935064935	0.833333333333	0.529411764706	-12.6652	-13.0129	-25.6663
F1085P_C	400	0.520547945205	0.583333333333	0.489795918367	-11.2957	-8.06578	-7.24768
K99P_A	408	0.551948051948	0.842105263158	0.511111111111	-10.864	-13.0133	-25.3739
W121R_A	421	0.545454545455	0.789473684211	0.511111111111	-11.5362	-12.8219	-24.4678
M106G_A	429	0.545454545455	0.789473684211	0.511111111111	-11.5161	-12.8623	-24.3653
M1076I_C	438	0.465753424658	0.458333333333	0.469387755102	-11.73	-8.20355	-6.49832
H32F_A	451	0.532467532468	0.789473684211	0.496296296296	-11.2658	-12.5571	-26.7484
A54V_A	459	0.519480519481	0.789473684211	0.481481481481	-11.0287	-12.1234	-26.2712
N130R_A	466	0.512987012987	0.789473684211	0.474074074074	-10.8001	-11.7566	-25.4112
F57L_A	479	0.506493506494	0.736842105263	0.474074074074	-10.4138	-10.4259	-25.7584
L146Q_A	487	0.506493506494	0.736842105263	0.474074074074	-10.8201	-10.4299	-25.7421
V12S_A	496	0.487012987013	0.736842105263	0.451851851852	-10.8271	-10.4552	-24.5613
Y74T_A	505	0.480519480519	0.736842105263	0.444444444444	-11.0604	-10.4525	-25.7297
C49G_A	521	0.474025974026	0.736842105263	0.437037037037	-10.9905	-10.5257	-25.0078
R1067K_C	536	0.452054794521	0.478260869565	0.44	-10.8591	-8.82054	-7.79371
C1026Y_C	548	0.452054794521	0.454545454545	0.450980392157	-10.9577	-8.78273	-7.46189
D139I_A	562	0.474025974026	0.722222222222	0.441176470588	-10.9163	-10.7387	-25.7723
K1054M_C	572	0.397260273973	0.409090909091	0.392156862745	-10.5004	-8.69835	-6.97547
C5K_A	580	0.454545454545	0.666666666667	0.426470588235	-10.4569	-10.9073	-24.2845
V102P_A	590	0.448051948052	0.666666666667	0.419117647059	-10.5013	-10.9695	-25.6411
F42A_A	600	0.441558441558	0.666666666667	0.411764705882	-10.5275	-10.9747	-24.3686
Q87G_A	622	0.441558441558	0.666666666667	0.411764705882	-10.527	-10.9915	-23.8292
N147Y_A	642	0.435064935065	0.666666666667	0.404411764706	-10.5357	-10.9559	-24.2896
D127K_A	657	0.428571428571	0.666666666667	0.397058823529	-10.9745	-11.3929	-25.4177
I1044N_C	665	0.369863013699	0.454545454545	0.333333333333	-11.0387	-8.93987	-6.416
L155R_A	686	0.409090909091	0.611111111111	0.382352941176	-10.8082	-10.9644	-24.3601
N14Y_A	696	0.402597402597	0.611111111111	0.375	-10.604	-10.9595	-24.7522
Y1056H_C	704	0.356164383562	0.409090909091	0.333333333333	-10.6668	-7.42755	-9.49252
P1074F_C	720	0.356164383562	0.409090909091	0.333333333333	-10.8643	-7.71149	-7.23297
R8F_A	734	0.38961038961	0.611111111111	0.360294117647	-10.8104	-10.7701	-26.2077
L27K_A	743	0.396103896104	0.666666666667	0.360294117647	-10.8627	-10.6764	-28.3779
I1076C_C	751	0.328767123288	0.409090909091	0.294117647059	-10.8494	-8.62291	-7.66059
E150R_A	758	0.396103896104	0.666666666667	0.360294117647	-10.7931	-11.1371	-28.7408
V29L_A	767	0.38961038961	0.666666666667	0.352941176471	-10.5396	-10.9429	-26.1234
K1084S_C	775	0.328767123288	0.409090909091	0.294117647059	-10.8911	-9.0053	-8.57287
K1077I_C	783	0.315068493151	0.409090909091	0.274509803922	-10.9666	-9.01449	-6.60675
A128R_A	793	0.38961038961	0.666666666667	0.352941176471	-10.6867	-10.9331	-23.8821
R130N_A	802	0.383116883117	0.666666666667	0.345588235294	-10.6867	-10.9321	-25.0477
L38A_A	812	0.37012987013	0.666666666667	0.330882352941	-11.0714	-11.427	-27.3572
W153H_A	821	0.363636363636	0.666666666667	0.323529411765	-11.8342	-12.1847	-25.5702
T10I_A	838	0.357142857143	0.666666666667	0.316176470588	-11.7953	-12.2772	-25.0257
I1055C_C	847	0.315068493151	0.409090909091	0.274509803922	-11.8136	-8.83881	-6.48246
L93R_A	855	0.350649350649	0.666666666667	0.308823529412	-11.8193	-12.2867	-25.1603
L1051I_C	861	0.315068493151	0.409090909091	0.274509803922	-11.7765	-9.00785	-6.65951
K19D_A	874	0.357142857143	0.722222222222	0.308823529412	-11.3015	-12.3038	-23.6012
L1059Y_C	882	0.315068493151	0.409090909091	0.274509803922	-11.2609	-9.09022	-6.26772
S147G_A	890	0.357142857143	0.722222222222	0.308823529412	-11.2801	-12.2479	-24.1023
Q117M_A	896	0.344155844156	0.666666666667	0.301470588235	-11.0514	-11.5846	-26.0851
H100V_A	907	0.344155844156	0.666666666667	0.301470588235	-11.0577	-11.6188	-23.9962
G147Y_A	914	0.344155844156	0.666666666667	0.301470588235	-10.9562	-11.7655	-28.303
F143M_A	921	0.344155844156	0.666666666667	0.301470588235	-10.4327	-11.7643	-26.4089
Y54D_A	931	0.337662337662	0.611111111111	0.301470588235	-10.7258	-11.0174	-25.138
I102S_A	940	0.337662337662	0.611111111111	0.301470588235	-10.7256	-11.1258	-24.713
Y32A_A	950	0.337662337662	0.611111111111	0.301470588235	-10.8881	-11.1411	-25.9541
Y87D_A	963	0.318181818182	0.611111111111	0.279411764706	-11.0752	-11.3283	-24.7773
W124L_A	977	0.311688311688	0.611111111111	0.272058823529	-11.1215	-11.825	-25.3387
L19A_A	987	0.311688311688	0.611111111111	0.272058823529	-10.6319	-11.2111	-24.0738
