name	count	identity	evolved_interaction	ancestral_interaction	stability
V116E_A	1	0.993506493506	-10.49	-10.5284	-23.6412
T1060V_C	15	0.958904109589	-11.4252	-11.1164	-10.752
T91H_A	25	0.961038961039	-11.2048	-10.7765	-24.4496
N126G_A	39	0.948051948052	-11.1839	-10.7765	-24.4174
S1033Y_C	48	0.890410958904	-11.2096	-10.6758	-8.10179
Y64F_A	55	0.915584415584	-11.5726	-11.0673	-26.7524
Q121R_A	71	0.88961038961	-11.5699	-11.0751	-24.3155
D1075A_C	87	0.821917808219	-11.6017	-10.8108	-7.35221
Q1071C_C	97	0.808219178082	-11.528	-10.9018	-6.69324
N85I_A	106	0.857142857143	-11.7809	-10.942	-24.3079
R139E_A	115	0.837662337662	-11.3809	-10.6899	-23.9797
P105A_A	122	0.811688311688	-11.4037	-10.6585	-25.4124
I1039P_C	134	0.753424657534	-11.4184	-11.0683	-6.36681
V1061D_C	150	0.739726027397	-11.581	-11.2348	-8.72103
D118V_A	159	0.766233766234	-11.546	-10.6783	-24.3833
E61Y_A	171	0.75974025974	-11.0366	-10.2872	-26.6912
Q1095F_C	177	0.698630136986	-11.0211	-11.1427	-7.91225
L1086F_C	186	0.684931506849	-10.9885	-11.2544	-9.02552
S1062M_C	197	0.657534246575	-11.3009	-11.4453	-8.99347
C93D_A	207	0.714285714286	-11.271	-10.1686	-27.1125
K141G_A	217	0.701298701299	-11.283	-10.1685	-24.8743
V92T_A	232	0.688311688312	-11.7274	-10.1885	-26.5822
K76L_A	242	0.668831168831	-10.7438	-10.1859	-24.3588
T1043L_C	253	0.602739726027	-10.8093	-10.6731	-8.06248
P128Y_A	260	0.62987012987	-10.8381	-10.2233	-24.4019
N140F_A	275	0.623376623377	-11.1461	-10.1871	-24.1484
L150W_A	284	0.61038961039	-11.1385	-10.1786	-24.3202
E139Q_A	292	0.61038961039	-10.9949	-10.1731	-24.6715
Q1056L_C	301	0.561643835616	-10.9563	-10.9014	-10.5076
Q130R_A	310	0.590909090909	-10.7505	-10.1731	-24.2613
N6W_A	317	0.584415584416	-10.4551	-10.1949	-24.8641
V118N_A	323	0.577922077922	-10.508	-10.5483	-24.6026
E1023D_C	334	0.561643835616	-10.488	-10.296	-9.9479
Y128F_A	344	0.584415584416	-10.7968	-10.5522	-27.3463
A43L_A	351	0.564935064935	-10.6693	-10.4386	-23.9096
G126H_A	362	0.564935064935	-10.6396	-10.4386	-24.4597
N124V_A	368	0.551948051948	-10.7738	-10.6138	-25.4235
L79C_A	381	0.545454545455	-10.6998	-10.5018	-25.4109
R35F_A	394	0.532467532468	-10.6574	-10.4474	-24.685
Y127F_A	400	0.519480519481	-10.8743	-10.7002	-27.309
Q104N_A	410	0.519480519481	-10.7124	-10.5473	-24.5531
H101L_A	429	0.512987012987	-10.7031	-10.1474	-23.8957
Q1076Y_C	453	0.493150684932	-10.6709	-10.212	-5.89734
K1095R_C	473	0.479452054795	-10.615	-10.4009	-7.7362
C5I_A	485	0.493506493506	-10.5479	-10.4438	-25.6868
L1071F_C	493	0.479452054795	-10.5519	-10.1577	-6.80127
F1042S_C	498	0.479452054795	-10.5768	-10.1179	-6.0397
T89I_A	505	0.480519480519	-10.6174	-10.5624	-27.2653
I37H_A	516	0.474025974026	-10.6141	-10.5601	-24.4209
C79T_A	527	0.474025974026	-10.9004	-10.6559	-25.4548
K145M_A	535	0.467532467532	-11.4261	-10.3324	-26.3759
E116N_A	544	0.461038961039	-11.3985	-10.8218	-24.3753
Q71M_A	554	0.461038961039	-11.3994	-10.6785	-27.0176
R1062F_C	561	0.479452054795	-11.0016	-10.4004	-9.83849
L14M_A	573	0.448051948052	-11.4515	-9.97268	-24.817
S1042W_C	584	0.465753424658	-10.6872	-10.6189	-12.2126
V57K_A	596	0.435064935065	-11.0108	-9.34095	-27.5995
R1046M_C	605	0.438356164384	-10.7817	-9.8589	-7.20387
R76T_A	613	0.422077922078	-10.6369	-9.31513	-25.2122
L43G_A	619	0.422077922078	-10.6751	-9.44472	-27.1555
F42N_A	631	0.422077922078	-10.527	-9.40461	-24.156
H91K_A	639	0.422077922078	-10.5612	-9.81612	-25.5358
Y51T_A	649	0.435064935065	-10.641	-9.88081	-24.7848
D100V_A	666	0.428571428571	-10.739	-9.41219	-24.4314
I1033M_C	672	0.424657534247	-10.8328	-9.70964	-7.01564
E126N_A	685	0.435064935065	-10.8856	-9.39654	-24.8395
A129C_A	699	0.428571428571	-10.8149	-9.36031	-24.4109
Y143K_A	713	0.428571428571	-10.7692	-9.3576	-25.0116
T1036N_C	724	0.424657534247	-10.733	-9.78526	-6.80202
R130E_A	733	0.422077922078	-10.7803	-9.25004	-24.1965
M71W_A	753	0.415584415584	-10.7292	-9.29655	-24.0896
Y1025H_C	777	0.397260273973	-10.6139	-9.33598	-8.31438
E33W_A	787	0.415584415584	-10.5425	-9.55515	-25.5655
R8D_A	799	0.409090909091	-10.477	-9.45974	-26.1203
H124G_A	804	0.415584415584	-10.4331	-9.49161	-24.7366
I1074W_C	815	0.383561643836	-10.5681	-9.50081	-8.32644
F127W_A	825	0.402597402597	-10.6383	-10.2394	-23.81
T108H_A	846	0.396103896104	-10.6063	-9.83124	-24.2948
N143R_A	855	0.38961038961	-10.6317	-9.83219	-26.7451
E130F_A	865	0.383116883117	-10.7018	-9.83783	-26.941
H108Q_A	874	0.38961038961	-10.697	-9.83123	-25.5937
W1061L_C	882	0.369863013699	-10.7041	-9.67469	-6.05746
K52F_A	898	0.38961038961	-10.5157	-9.71253	-24.9179
T51V_A	908	0.376623376623	-10.5287	-9.63474	-24.5179
D8S_A	921	0.37012987013	-10.4995	-10.07	-24.2709
S1057Y_C	942	0.383561643836	-10.4865	-10.178	-7.15488
Y87F_A	953	0.357142857143	-10.4799	-10.0283	-24.9457
N92A_A	964	0.350649350649	-10.538	-10.1238	-25.2289
L1046R_C	969	0.383561643836	-10.5621	-9.5955	-7.17238
V51C_A	981	0.337662337662	-10.7354	-10.2711	-24.3622
V149T_A	989	0.337662337662	-10.67	-10.3115	-24.254
