name	count	identity	evolved_interaction	ancestral_interaction	stability
S1029C_C	1	0.986301369863	-11.269	-11.0301	-9.22944
K71R_A	6	0.980519480519	-11.1944	-10.6224	-25.4656
Q151P_A	14	0.954545454545	-11.1693	-10.6149	-27.2369
L114G_A	19	0.928571428571	-11.6966	-11.1328	-25.613
Q39P_A	28	0.902597402597	-11.7195	-11.1732	-26.3632
P39G_A	35	0.883116883117	-11.6995	-11.1444	-26.3988
E49H_A	45	0.857142857143	-11.7356	-11.222	-28.3004
K141H_A	50	0.844155844156	-10.9865	-11.187	-25.392
Q1056F_C	58	0.86301369863	-10.7025	-10.3103	-8.7005
N48I_A	65	0.824675324675	-10.7385	-10.8985	-26.5454
N98G_A	72	0.798701298701	-11.243	-11.5492	-25.0592
R104N_A	78	0.779220779221	-11.2721	-11.3512	-24.4578
D1061P_C	88	0.849315068493	-11.2926	-10.3248	-7.17006
K30I_A	96	0.753246753247	-11.0559	-11.1345	-25.7356
G44N_A	107	0.733766233766	-12.7666	-12.5984	-24.4641
E11M_A	117	0.707792207792	-13.512	-13.2509	-25.8261
A1046D_C	128	0.821917808219	-13.5139	-10.2074	-6.88496
L18M_A	136	0.714285714286	-13.1534	-12.8273	-24.5772
V1028L_C	144	0.794520547945	-13.1553	-10.2189	-7.26052
P82I_A	149	0.701298701299	-13.119	-12.7372	-25.964
L38Y_A	158	0.688311688312	-13.2658	-12.9189	-25.44
E156H_A	174	0.675324675325	-12.9745	-11.0025	-25.9395
D4N_A	184	0.662337662338	-13.555	-11.5393	-26.7729
F89R_A	192	0.655844155844	-13.6284	-11.6412	-25.9203
D1068F_C	199	0.684931506849	-12.2652	-7.62034	-7.33977
W106I_A	205	0.642857142857	-12.5209	-11.4619	-23.9129
M1049H_C	214	0.684931506849	-12.9465	-7.0789	-7.15106
E67G_A	222	0.623376623377	-12.7143	-13.1067	-24.0158
P1078L_C	234	0.657534246575	-12.5965	-6.78472	-6.23066
S127N_A	253	0.616883116883	-12.8525	-12.7075	-23.1663
F1068S_C	264	0.643835616438	-10.7623	-7.87525	-6.87074
V147L_A	270	0.590909090909	-10.7898	-10.655	-24.5348
N52T_A	276	0.577922077922	-10.518	-10.5125	-24.7835
Q117N_A	285	0.564935064935	-10.7708	-10.6363	-25.6801
C108D_A	296	0.564935064935	-10.5697	-10.6665	-25.9095
N26S_A	308	0.558441558442	-10.6105	-12.1213	-23.1422
M1042L_C	328	0.602739726027	-10.5117	-7.93024	-6.3885
F1056I_C	336	0.602739726027	-10.584	-8.01074	-6.6001
A142L_A	371	0.532467532468	-10.8011	-12.2702	-23.8367
G102L_A	387	0.538961038961	-11.0712	-10.4687	-26.369
E1059A_C	397	0.561643835616	-11.0485	-7.83068	-6.32375
S1068Q_C	404	0.561643835616	-11.4934	-8.1857	-6.20177
M1083L_C	416	0.534246575342	-10.811	-8.09596	-5.85928
C141S_A	431	0.506493506494	-10.8135	-10.221	-25.078
N1086K_C	441	0.520547945205	-11.4154	-7.96221	-7.39276
S138H_A	450	0.506493506494	-11.4472	-10.28	-25.1281
R1047D_C	460	0.506849315068	-11.0787	-7.92349	-7.61931
T61F_A	467	0.487012987013	-11.1993	-10.0433	-23.8414
E1079Y_C	473	0.493150684932	-11.1113	-7.97823	-8.02528
F61I_A	479	0.487012987013	-10.9165	-11.6035	-26.531
L154I_A	487	0.480519480519	-10.9081	-10.3372	-26.0916
R8V_A	493	0.467532467532	-10.7621	-10.0344	-23.8435
D1077G_C	506	0.479452054795	-10.7264	-7.77476	-6.56037
H1023R_C	516	0.465753424658	-10.72	-7.80067	-6.63013
R1023Y_C	529	0.452054794521	-10.6832	-7.45517	-6.87962
T108S_A	548	0.435064935065	-10.424	-8.9301	-24.4777
I106F_A	563	0.428571428571	-10.4719	-8.99005	-24.9242
I107W_A	576	0.422077922078	-10.4731	-8.94397	-26.3782
V7G_A	584	0.415584415584	-10.4982	-8.64758	-24.4562
H49D_A	597	0.409090909091	-10.7817	-8.95757	-25.2784
V42I_A	606	0.402597402597	-11.4755	-8.97722	-25.8358
D128Q_A	612	0.402597402597	-11.6113	-9.30977	-27.5562
I154T_A	617	0.402597402597	-11.6055	-9.07275	-27.9164
F22Y_A	630	0.396103896104	-11.3953	-10.7679	-25.8945
N44E_A	641	0.383116883117	-11.463	-10.8064	-25.4258
F1052Y_C	653	0.465753424658	-11.0733	-6.92311	-6.38282
L142V_A	661	0.37012987013	-11.1477	-8.47778	-24.2123
E14G_A	678	0.37012987013	-10.6936	-7.99957	-26.0759
Y1080M_C	685	0.465753424658	-10.783	-6.63083	-6.60353
A152K_A	698	0.363636363636	-10.7137	-6.73793	-23.6556
Y57F_A	710	0.363636363636	-10.7743	-7.8085	-23.8568
P1044V_C	718	0.424657534247	-10.8192	-7.49395	-6.24358
D33H_A	727	0.357142857143	-10.9207	-8.98691	-24.819
V1044F_C	735	0.424657534247	-11.7042	-7.54937	-6.90058
W51K_A	742	0.350649350649	-12.5342	-8.15015	-25.011
H1071L_C	754	0.41095890411	-12.5888	-7.89511	-6.8156
F1074I_C	770	0.41095890411	-12.403	-9.19994	-6.0357
V40T_A	789	0.331168831169	-12.3918	-8.25294	-24.6046
N78P_A	798	0.337662337662	-12.397	-8.25222	-26.902
F1095P_C	806	0.397260273973	-12.4523	-9.22206	-6.10465
K149L_A	817	0.350649350649	-11.5039	-7.96465	-24.1339
D66N_A	830	0.363636363636	-11.5048	-8.11586	-27.2368
G133M_A	837	0.350649350649	-11.6046	-7.89168	-28.6955
T154C_A	844	0.350649350649	-11.5546	-8.11916	-32.441
L118F_A	853	0.331168831169	-11.5564	-8.13025	-25.2179
M6P_A	860	0.324675324675	-11.5679	-8.14443	-24.5474
N140S_A	871	0.311688311688	-11.0519	-8.38698	-24.4592
Q29K_A	876	0.305194805195	-12.1994	-8.36057	-25.7147
Y19F_A	887	0.298701298701	-12.4269	-8.33973	-25.9595
F151M_A	894	0.298701298701	-12.6785	-8.34226	-27.0743
K152Y_A	901	0.292207792208	-12.7684	-8.35549	-24.4639
P87W_A	918	0.285714285714	-13.1059	-8.36001	-25.27
W107K_A	924	0.285714285714	-13.5049	-8.88598	-24.4673
R1047Q_C	933	0.383561643836	-13.5066	-8.05575	-6.29276
T14C_A	949	0.272727272727	-13.2656	-8.68631	-24.1962
Y1076I_C	965	0.369863013699	-13.279	-7.74052	-6.08294
F1068K_C	978	0.369863013699	-11.6138	-4.09681	-6.06915
I3P_A	1000	0.25974025974	-10.5861	-8.53514	-26.1935
