name	count	identity	evolved_interaction	ancestral_interaction	stability
M1083W_C	1	0.986301369863	-10.3929	-10.5992	-8.97882
G1057S_C	7	0.958904109589	-10.795	-10.7517	-7.86927
A26Q_A	13	0.954545454545	-10.5869	-10.6991	-25.8891
R139E_A	21	0.935064935065	-10.703	-10.7406	-26.8032
E42I_A	36	0.902597402597	-10.6667	-10.733	-26.717
K1054Y_C	44	0.904109589041	-10.9339	-10.6753	-6.65161
A142C_A	51	0.857142857143	-10.9436	-10.9078	-24.9456
W16Y_A	61	0.837662337662	-10.8337	-10.847	-23.8664
E133I_A	91	0.831168831169	-10.8748	-10.9277	-24.1847
S70R_A	105	0.805194805195	-10.8464	-10.8989	-24.5332
I133S_A	118	0.798701298701	-10.7782	-10.8609	-26.4517
S1057Q_C	131	0.835616438356	-11.0911	-10.6074	-7.77033
I1039M_C	138	0.821917808219	-11.1071	-10.6073	-8.11913
Q101K_A	155	0.753246753247	-11.1083	-11.003	-24.2394
G55Y_A	162	0.733766233766	-11.1179	-10.9102	-24.3942
Q1076I_C	174	0.794520547945	-11.1248	-10.6168	-8.97387
D100K_A	183	0.694805194805	-10.5771	-10.516	-24.6242
P36V_A	198	0.681818181818	-10.7205	-10.4917	-24.8218
K1038Q_C	207	0.739726027397	-10.9628	-10.493	-6.2405
I145M_A	233	0.668831168831	-10.9238	-10.842	-24.4665
R1061G_C	239	0.712328767123	-10.9731	-10.4764	-6.12667
H1064R_C	246	0.72602739726	-11.2387	-10.6972	-7.91501
A1051E_C	257	0.698630136986	-11.3718	-10.7624	-7.28421
K29L_A	269	0.623376623377	-11.3713	-10.8427	-24.8049
M154R_A	275	0.623376623377	-11.5028	-9.8174	-23.9338
V49G_A	296	0.61038961039	-11.5865	-9.94863	-24.8615
T1042P_C	311	0.671232876712	-11.5783	-11.3636	-5.73294
Q151A_A	327	0.590909090909	-11.8979	-9.90816	-24.0944
H149F_A	368	0.590909090909	-10.5624	-9.90493	-24.5651
M108N_A	381	0.577922077922	-11.0727	-9.94356	-25.6076
M33Y_A	388	0.571428571429	-11.0706	-9.95362	-24.0956
D121K_A	407	0.551948051948	-10.8807	-9.49595	-24.2074
N96W_A	416	0.545454545455	-10.988	-7.13151	-24.1333
W4I_A	432	0.525974025974	-10.985	-7.1326	-24.1631
I111T_A	444	0.525974025974	-10.9951	-9.22673	-22.3884
A152K_A	451	0.519480519481	-10.6988	-9.16867	-22.3065
P105I_A	461	0.5	-10.7229	-9.20009	-22.1417
R154C_A	476	0.493506493506	-10.8191	-9.14462	-25.1193
I92V_A	482	0.474025974026	-10.8152	-9.14618	-26.0443
G128N_A	490	0.474025974026	-11.3016	-10.224	-24.6249
S127K_A	498	0.467532467532	-10.8634	-10.5864	-25.1178
K7M_A	512	0.467532467532	-10.8413	-10.5567	-24.9563
Y58L_A	519	0.454545454545	-10.8424	-10.5565	-25.3785
D1075V_C	528	0.506849315068	-10.9195	-9.21598	-6.05278
N140M_A	540	0.441558441558	-11.3236	-11.3592	-23.9257
K121L_A	552	0.435064935065	-11.443	-11.9045	-24.6229
A1094F_C	565	0.479452054795	-11.4623	-9.33879	-8.09254
K40F_A	574	0.422077922078	-11.4968	-11.855	-26.0996
S1033M_C	582	0.465753424658	-11.3965	-9.23878	-7.66547
Y55K_A	587	0.422077922078	-11.5585	-11.9664	-24.803
S1072A_C	603	0.465753424658	-11.5623	-9.27522	-7.29932
S1073I_C	619	0.465753424658	-11.5516	-9.26082	-8.19142
Y1070W_C	629	0.465753424658	-11.5339	-9.17576	-8.42109
W96Q_A	639	0.402597402597	-11.1864	-11.6219	-25.2021
W1047E_C	648	0.452054794521	-11.1894	-8.78822	-6.24417
L121I_A	659	0.396103896104	-10.7116	-11.0955	-26.9982
F1094A_C	670	0.452054794521	-10.7227	-8.79005	-6.8473
N108C_A	679	0.38961038961	-11.1141	-10.7395	-23.7045
F137M_A	687	0.383116883117	-11.1636	-10.7727	-23.6311
S43Q_A	701	0.383116883117	-11.1864	-11.2345	-24.8506
E142V_A	720	0.376623376623	-11.1712	-11.1987	-24.5986
I105W_A	738	0.37012987013	-10.9523	-11.2216	-23.9557
V1028A_C	754	0.424657534247	-10.9891	-9.30732	-6.10246
A151T_A	761	0.363636363636	-11.0259	-10.9279	-24.485
S131K_A	771	0.363636363636	-11.3148	-11.0214	-25.1018
N1072C_C	784	0.424657534247	-11.3751	-9.40484	-9.69092
H122D_A	798	0.357142857143	-11.0447	-11.014	-23.8187
A147K_A	806	0.363636363636	-10.6115	-11.0128	-24.5767
D122L_A	828	0.357142857143	-10.6201	-11.0276	-24.2889
I121G_A	843	0.350649350649	-10.6856	-11.096	-24.9664
I1095Q_C	857	0.397260273973	-10.6639	-9.00687	-6.78241
V135Y_A	870	0.350649350649	-10.409	-10.5479	-24.8238
G1023F_C	878	0.41095890411	-10.4112	-9.00713	-6.94297
V14T_A	897	0.350649350649	-10.901	-10.813	-23.8551
K1055R_C	906	0.41095890411	-10.8844	-9.00505	-8.12561
A67V_A	915	0.344155844156	-10.8481	-10.8156	-26.1392
D1066K_C	921	0.397260273973	-11.379	-9.34556	-10.371
F1023L_C	926	0.397260273973	-12.0182	-9.18625	-9.80719
M151F_A	940	0.331168831169	-11.9762	-11.7647	-26.3588
A1041V_C	949	0.383561643836	-11.9547	-9.30012	-8.23221
I1076W_C	970	0.397260273973	-11.9949	-9.31919	-6.21216
S133T_A	988	0.344155844156	-12.4865	-12.4133	-24.5978
