name	count	identity	evolved_interaction	ancestral_interaction	stability
K74D_A	1	0.993506493506	-10.4791	-10.5066	-25.1016
R1071K_C	15	0.958904109589	-10.4967	-10.5165	-6.99408
D1030V_C	26	0.931506849315	-11.4451	-11.4798	-5.7954
E1050R_C	47	0.904109589041	-11.3899	-11.3828	-6.35946
P105L_A	55	0.928571428571	-11.3107	-10.5008	-24.2242
D121N_A	63	0.909090909091	-11.1819	-10.5022	-25.2754
L114R_A	71	0.88961038961	-11.3089	-10.6045	-24.5231
M36W_A	79	0.857142857143	-11.5219	-11.0108	-26.4702
D1075Y_C	86	0.849315068493	-11.4158	-11.2903	-7.32071
G44R_A	97	0.831168831169	-11.9616	-10.7089	-25.5692
F1065Y_C	111	0.808219178082	-11.1056	-11.8315	-6.13869
D118Y_A	119	0.811688311688	-10.8772	-9.77051	-25.205
K1071H_C	127	0.780821917808	-10.9351	-11.7352	-6.70631
R1047V_C	137	0.767123287671	-11.1603	-11.7383	-6.94916
Y144H_A	152	0.785714285714	-11.1624	-9.99431	-24.8451
Q111F_A	182	0.766233766234	-11.1454	-9.99229	-24.1755
D1059K_C	191	0.739726027397	-11.1499	-11.7409	-6.21203
I119F_A	198	0.746753246753	-11.0577	-9.87954	-27.3553
V1023I_C	203	0.72602739726	-11.0475	-11.7583	-6.80415
K30R_A	210	0.707792207792	-11.4865	-10.3531	-25.3701
R1050A_C	229	0.72602739726	-11.5037	-11.7811	-7.47168
E7R_A	240	0.694805194805	-11.5187	-10.3402	-24.8493
A27L_A	249	0.688311688312	-12.1573	-11.0008	-24.8606
V62I_A	261	0.668831168831	-12.0205	-10.7463	-27.2321
Q130K_A	271	0.655844155844	-11.2773	-10.7546	-25.4071
A1051K_C	278	0.671232876712	-11.2476	-11.0984	-8.0822
E11K_A	287	0.62987012987	-11.5372	-10.8085	-23.9337
K1054E_C	301	0.630136986301	-11.732	-11.3695	-6.52336
I1089M_C	309	0.58904109589	-11.4401	-11.0054	-6.20274
R8T_A	315	0.61038961039	-11.3419	-10.2596	-24.399
E67M_A	321	0.590909090909	-11.4821	-9.6297	-25.8812
E42R_A	336	0.584415584416	-10.51	-9.79206	-24.274
F81S_A	347	0.564935064935	-10.5386	-9.95192	-24.1609
F1037K_C	359	0.575342465753	-11.154	-9.83199	-6.66851
Y1065W_C	369	0.547945205479	-11.9104	-9.96282	-5.82205
C1038F_C	386	0.547945205479	-11.9077	-9.96359	-5.99777
F37K_A	409	0.538961038961	-11.9245	-11.2016	-24.7526
Q1073E_C	420	0.534246575342	-12.1732	-9.96484	-7.3619
E1042F_C	439	0.534246575342	-11.6473	-9.66633	-7.41165
E1054I_C	449	0.534246575342	-11.9058	-9.45317	-8.04964
D49N_A	463	0.519480519481	-12.0091	-10.7216	-24.0675
V52R_A	473	0.512987012987	-12.0814	-10.882	-26.5251
H51R_A	484	0.487012987013	-11.9894	-10.8423	-24.479
D54T_A	497	0.487012987013	-12.0303	-10.2351	-23.976
K1070I_C	522	0.520547945205	-12.923	-9.71499	-7.40431
K37D_A	529	0.487012987013	-11.4062	-10.205	-24.6845
E143W_A	542	0.480519480519	-10.7143	-10.5201	-24.1327
K147M_A	547	0.474025974026	-10.8115	-10.5678	-25.761
H116G_A	555	0.474025974026	-10.8028	-10.5828	-24.0988
Y1071G_C	575	0.465753424658	-10.8186	-9.43693	-6.81187
S1062N_C	582	0.452054794521	-10.8099	-9.39179	-7.5842
C1024R_C	589	0.452054794521	-10.6578	-9.28356	-6.70624
F111L_A	598	0.461038961039	-10.6641	-10.497	-25.4669
S3E_A	608	0.454545454545	-10.6543	-10.6158	-27.9422
G1034W_C	622	0.438356164384	-10.8774	-9.28049	-6.78903
W143Q_A	648	0.454545454545	-10.6176	-10.6166	-24.0809
E1094K_C	662	0.424657534247	-11.1462	-9.37809	-7.72954
V1030E_C	669	0.424657534247	-11.2744	-9.43133	-6.99935
H14C_A	680	0.441558441558	-10.9395	-10.4154	-24.4656
L9I_A	692	0.435064935065	-10.9665	-10.4097	-24.3308
P150L_A	699	0.441558441558	-10.9354	-10.4306	-28.0822
E1082S_C	708	0.397260273973	-10.7795	-9.01828	-6.09907
D57F_A	717	0.428571428571	-10.9136	-10.4928	-25.8197
K1090I_C	728	0.383561643836	-10.5031	-8.12554	-9.91433
L1035W_C	735	0.383561643836	-11.6996	-9.2355	-11.6425
C14Q_A	742	0.422077922078	-10.9406	-9.85103	-25.1195
L1071F_C	753	0.369863013699	-10.9547	-9.24047	-8.00015
G66S_A	763	0.422077922078	-11.1043	-9.7266	-24.5826
R1051K_C	771	0.356164383562	-10.8688	-9.33178	-7.07378
C1054E_C	776	0.356164383562	-10.8732	-9.33205	-8.09407
N139R_A	781	0.415584415584	-10.7531	-9.51571	-24.9373
S1082R_C	797	0.356164383562	-10.6778	-8.89675	-8.38226
F1071E_C	808	0.356164383562	-11.1062	-8.92488	-7.26508
Q145W_A	818	0.422077922078	-11.1399	-11.2735	-24.8748
D1068F_C	828	0.328767123288	-10.6944	-6.69659	-6.70611
N1024L_C	848	0.315068493151	-10.5057	-6.73723	-8.88208
Q63Y_A	869	0.396103896104	-10.4629	-11.2414	-24.5612
L1044I_C	885	0.328767123288	-10.7453	-7.56124	-9.61345
A87V_A	890	0.396103896104	-10.7625	-11.2701	-23.8021
R25Y_A	896	0.409090909091	-10.707	-12.0602	-29.1788
P1061E_C	906	0.315068493151	-10.5788	-7.54532	-5.61536
I155T_A	921	0.396103896104	-10.7469	-12.0032	-27.7997
R1042L_C	931	0.315068493151	-10.7837	-7.55695	-5.87845
Y15S_A	944	0.396103896104	-10.8153	-11.5659	-25.8456
E12K_A	958	0.38961038961	-10.6831	-11.6531	-24.0101
R49F_A	975	0.38961038961	-10.7684	-11.2267	-25.5233
L111R_A	981	0.38961038961	-10.836	-12.0567	-25.7659
K31A_A	987	0.376623376623	-11.0444	-12.068	-26.7542
R59L_A	994	0.363636363636	-11.0715	-12.0682	-26.2117
