name	count	identity	evolved_interaction	ancestral_interaction	stability
I1024F_C	1	0.986301369863	-10.376	-10.5338	-6.98777
L1048C_C	10	0.945205479452	-10.3967	-10.3812	-6.19011
S1062N_C	16	0.917808219178	-11.258	-11.1265	-6.97373
Q1095C_C	22	0.904109589041	-11.3614	-11.1037	-7.18775
L149T_A	30	0.928571428571	-11.33	-11.2285	-25.8183
C1095Y_C	37	0.876712328767	-11.3691	-11.101	-7.46597
T61K_A	56	0.88961038961	-11.267	-10.863	-25.2064
K31M_A	63	0.876623376623	-11.2036	-10.8034	-30.9514
R139W_A	70	0.857142857143	-11.1897	-11.1757	-28.6811
D1075E_C	79	0.780821917808	-11.1077	-10.3755	-6.68298
F121C_A	89	0.824675324675	-11.1942	-10.7945	-25.5568
M45L_A	99	0.798701298701	-11.2048	-10.7529	-26.1412
T91N_A	109	0.785714285714	-11.3782	-10.7776	-24.7396
E106D_A	118	0.779220779221	-11.3771	-10.7978	-24.5398
E1075R_C	134	0.698630136986	-11.1657	-10.8653	-6.71279
I3Q_A	139	0.766233766234	-11.2207	-10.7946	-25.3078
S1042C_C	148	0.684931506849	-10.9245	-10.8163	-6.036
R104H_A	154	0.753246753247	-10.8769	-11.2515	-25.6663
G1093I_C	170	0.671232876712	-10.9627	-10.7015	-7.09319
A1051W_C	185	0.643835616438	-10.9266	-11.1085	-7.64575
Y155R_A	201	0.727272727273	-10.6587	-10.9887	-24.3533
D102M_A	211	0.714285714286	-10.687	-10.9605	-28.0152
S70L_A	221	0.688311688312	-11.0017	-11.078	-25.7525
W134L_A	228	0.681818181818	-11.1945	-10.7247	-24.954
C1062R_C	245	0.616438356164	-11.6938	-11.6501	-6.46524
I107M_A	252	0.649350649351	-12.2051	-12.1751	-24.0803
K100E_A	262	0.636363636364	-12.0987	-11.4678	-24.6287
K27Y_A	270	0.616883116883	-12.5095	-11.724	-26.3088
C61N_A	280	0.597402597403	-12.4952	-11.6626	-24.787
E147S_A	297	0.597402597403	-12.7944	-12.6023	-23.7996
Y98T_A	307	0.590909090909	-11.614	-12.6971	-24.8927
L70N_A	314	0.584415584416	-11.5912	-12.6644	-25.3188
E143R_A	321	0.577922077922	-11.1272	-11.8057	-24.6407
A1076F_C	333	0.547945205479	-11.2805	-10.7105	-8.7151
V29W_A	342	0.558441558442	-11.2573	-11.8811	-24.8967
V71I_A	357	0.545454545455	-11.2031	-11.8193	-25.4615
L38R_A	366	0.532467532468	-10.909	-10.8979	-24.3014
D1037A_C	377	0.534246575342	-10.9047	-10.7618	-7.51911
N88I_A	386	0.532467532468	-10.9087	-10.9172	-23.764
R40A_A	401	0.519480519481	-11.2022	-11.0507	-25.5525
F137K_A	407	0.506493506494	-11.3467	-11.1558	-26.2715
P59M_A	418	0.493506493506	-11.4281	-11.1254	-25.9386
L150M_A	440	0.487012987013	-11.4932	-10.5403	-23.8384
I156E_A	449	0.480519480519	-11.3667	-10.5913	-25.2813
D32K_A	460	0.487012987013	-11.9886	-10.894	-28.8453
E1036I_C	470	0.506849315068	-11.5693	-10.3269	-6.91639
M1034K_C	476	0.506849315068	-11.1227	-10.2815	-6.49712
R155F_A	487	0.461038961039	-11.3444	-10.3405	-24.5137
H83C_A	496	0.454545454545	-12.9697	-10.8145	-24.7685
K1041L_C	515	0.452054794521	-13.1883	-12.4772	-7.45288
I1036V_C	526	0.452054794521	-13.1002	-12.4795	-7.29532
G95T_A	536	0.448051948052	-13.0974	-10.5387	-24.9107
E131D_A	546	0.441558441558	-13.0996	-10.8443	-24.7598
F111N_A	562	0.441558441558	-12.9634	-10.8922	-23.8607
V1047S_C	582	0.438356164384	-12.956	-12.2516	-6.60628
V1036E_C	589	0.438356164384	-12.6192	-11.6788	-6.93287
I1079W_C	610	0.438356164384	-13.7549	-11.9261	-6.96113
E63K_A	623	0.428571428571	-11.4863	-10.946	-24.541
C44F_A	630	0.428571428571	-11.7079	-11.2763	-29.0708
N115A_A	636	0.415584415584	-11.4052	-10.8918	-26.9658
A152S_A	653	0.402597402597	-11.5473	-10.8924	-24.2243
W135R_A	663	0.402597402597	-10.9735	-7.45791	-26.8442
P87T_A	668	0.402597402597	-10.9999	-7.45791	-23.9707
D94A_A	677	0.396103896104	-10.9999	-7.49181	-23.0113
R110A_A	688	0.402597402597	-11.1193	-7.53831	-22.6323
G50Y_A	704	0.396103896104	-11.0683	-7.59914	-23.9977
K71W_A	718	0.383116883117	-11.1144	-7.68221	-26.5687
E156T_A	724	0.383116883117	-10.9322	-8.08641	-27.5275
V75T_A	731	0.376623376623	-10.8071	-8.111	-24.4378
R106S_A	754	0.376623376623	-10.7046	-7.48799	-24.8945
R138W_A	764	0.376623376623	-10.509	-7.1736	-23.8155
C139K_A	776	0.376623376623	-10.4592	-7.17219	-25.406
K76L_A	784	0.37012987013	-10.4539	-7.17155	-25.9065
W1079D_C	794	0.397260273973	-10.6717	-9.59112	-7.08478
F1095R_C	803	0.383561643836	-11.4673	-9.87992	-7.98388
Q1073A_C	810	0.369863013699	-11.2222	-10.0239	-7.47977
I93N_A	819	0.376623376623	-11.2716	-7.20851	-24.5683
I1086W_C	824	0.356164383562	-11.3254	-10.0384	-9.46947
K15H_A	832	0.357142857143	-11.3964	-7.60355	-24.0827
H111D_A	841	0.363636363636	-11.424	-7.61096	-26.7866
Q120S_A	847	0.363636363636	-11.4911	-7.62374	-25.148
H99T_A	855	0.363636363636	-11.5349	-7.48972	-24.7947
G35E_A	869	0.363636363636	-11.1966	-7.08075	-25.0789
Q79Y_A	879	0.363636363636	-11.2037	-7.08387	-26.372
A54L_A	893	0.350649350649	-11.1006	-6.92149	-25.3193
C1080H_C	900	0.356164383562	-10.8576	-9.56548	-7.11553
K137C_A	908	0.344155844156	-11.8427	-5.52194	-25.2128
Y83W_A	923	0.337662337662	-11.8649	-5.52316	-24.5676
W50C_A	936	0.337662337662	-10.678	-5.51987	-25.4161
C137H_A	951	0.337662337662	-10.9152	-5.84947	-24.6811
M67Q_A	963	0.337662337662	-10.7645	-5.8499	-24.2038
V57R_A	980	0.331168831169	-10.9466	-6.55839	-24.0369
C50H_A	991	0.331168831169	-11.0811	-5.49577	-24.6264
D1082C_C	997	0.287671232877	-10.7461	2.19055	-6.4608
