name	count	identity	interface_identity	non_interface_identity	evolved_interaction	ancestral_interaction	stability
R1064I_C	2	0.986301369863	1.0	0.980392156863	-10.2221	-9.97185	-9.65587
Q1095F_C	52	0.945205479452	0.909090909091	0.960784313725	-10.6616	-10.5473	-9.22641
I1064L_C	61	0.931506849315	0.863636363636	0.960784313725	-10.7868	-10.7726	-8.70699
K146A_A	72	0.948051948052	1.0	0.942028985507	-10.8042	-10.4517	-24.2624
D1061P_C	81	0.890410958904	0.863636363636	0.901960784314	-10.8724	-10.7922	-7.91464
S122N_A	89	0.896103896104	0.9375	0.891304347826	-10.8945	-10.6691	-24.7709
D1085H_C	99	0.876712328767	0.818181818182	0.901960784314	-10.5717	-10.598	-6.1791
T91G_A	117	0.863636363636	0.9375	0.855072463768	-10.6	-10.6733	-23.8891
G115V_A	134	0.844155844156	0.9375	0.833333333333	-10.5948	-10.6679	-26.0201
E121Q_A	142	0.824675324675	0.9375	0.811594202899	-10.4666	-10.6681	-27.7939
H149A_A	158	0.805194805195	0.9375	0.789855072464	-10.547	-10.8036	-24.7837
I1039K_C	171	0.808219178082	0.818181818182	0.803921568627	-10.4929	-10.5296	-6.45681
F1095Y_C	183	0.794520547945	0.818181818182	0.78431372549	-10.4719	-10.5284	-6.05527
D118T_A	197	0.75974025974	0.875	0.746376811594	-10.4716	-10.7377	-29.0301
N98Q_A	203	0.733766233766	0.875	0.717391304348	-10.4794	-10.6924	-27.2697
A133P_A	212	0.714285714286	0.875	0.695652173913	-10.3988	-10.609	-26.6052
L1045Y_C	217	0.753424657534	0.772727272727	0.745098039216	-11.4408	-11.6211	-7.07997
P88F_A	224	0.694805194805	0.875	0.673913043478	-11.454	-10.7483	-24.4728
G102M_A	241	0.681818181818	0.8125	0.666666666667	-11.2983	-10.524	-25.3482
Y87A_A	247	0.662337662338	0.75	0.652173913043	-11.0998	-10.3587	-25.314
K1040M_C	265	0.72602739726	0.772727272727	0.705882352941	-10.9831	-11.5368	-8.79316
P1061R_C	275	0.712328767123	0.772727272727	0.686274509804	-10.7058	-10.7757	-8.53875
V57C_A	283	0.642857142857	0.75	0.630434782609	-11.1073	-10.6103	-23.5166
W150R_A	291	0.62987012987	0.75	0.615942028986	-11.2014	-10.6142	-28.19
N1046E_C	298	0.712328767123	0.772727272727	0.686274509804	-11.0811	-11.032	-7.81146
C93W_A	305	0.597402597403	0.75	0.579710144928	-11.0874	-10.6851	-26.3544
Y155M_A	312	0.584415584416	0.75	0.565217391304	-11.0585	-10.6399	-28.5681
Q117L_A	319	0.564935064935	0.75	0.54347826087	-11.087	-10.6374	-26.0199
N85C_A	324	0.558441558442	0.75	0.536231884058	-11.034	-10.6374	-25.4491
L1064I_C	335	0.657534246575	0.681818181818	0.647058823529	-11.3767	-10.8309	-6.21692
H118N_A	345	0.545454545455	0.75	0.521739130435	-10.4754	-10.0831	-24.5506
E1094Y_C	356	0.630136986301	0.636363636364	0.627450980392	-10.7573	-10.5367	-7.02293
K30W_A	374	0.545454545455	0.714285714286	0.518796992481	-10.8413	-9.94673	-24.6052
F1036Q_C	384	0.58904109589	0.590909090909	0.588235294118	-11.1017	-10.6714	-6.6173
W16F_A	396	0.519480519481	0.666666666667	0.496240601504	-11.0985	-9.8536	-24.1221
E1050W_C	413	0.575342465753	0.590909090909	0.56862745098	-11.0499	-10.6685	-7.28744
Q66N_A	422	0.519480519481	0.666666666667	0.496240601504	-11.0746	-9.80599	-25.4358
T1093F_C	436	0.547945205479	0.545454545455	0.549019607843	-11.0882	-10.7037	-7.99212
Q77I_A	451	0.5	0.666666666667	0.473684210526	-12.8379	-9.99394	-26.1878
V75I_A	460	0.487012987013	0.666666666667	0.458646616541	-12.931	-10.1871	-26.2935
Q104L_A	478	0.480519480519	0.666666666667	0.451127819549	-12.9523	-10.1901	-24.5754
T35P_A	483	0.480519480519	0.666666666667	0.451127819549	-12.9479	-10.2522	-24.4313
C19R_A	495	0.467532467532	0.619047619048	0.443609022556	-10.7898	-8.17235	-25.0681
Y68M_A	502	0.448051948052	0.571428571429	0.428571428571	-11.0328	-8.77696	-25.4843
V4Y_A	509	0.441558441558	0.571428571429	0.421052631579	-11.0159	-8.75302	-26.8074
M63T_A	516	0.441558441558	0.545454545455	0.424242424242	-10.5923	-8.71785	-25.5406
M1040I_C	531	0.493150684932	0.52380952381	0.480769230769	-10.604	-10.5682	-5.77662
Y1038V_C	544	0.493150684932	0.52380952381	0.480769230769	-10.6321	-10.6133	-6.77393
H59I_A	553	0.435064935065	0.545454545455	0.416666666667	-10.7462	-7.4232	-25.9569
V1038E_C	563	0.493150684932	0.5	0.490196078431	-11.4878	-11.0604	-6.49853
H1092I_C	569	0.493150684932	0.47619047619	0.5	-10.8078	-10.4798	-8.96519
L1074K_C	578	0.479452054795	0.47619047619	0.480769230769	-10.9001	-10.5551	-9.43288
R1061T_C	589	0.479452054795	0.47619047619	0.480769230769	-10.7812	-10.1969	-8.42791
A1036W_C	598	0.452054794521	0.47619047619	0.442307692308	-11.1399	-10.6037	-7.72903
W1070M_C	606	0.452054794521	0.454545454545	0.450980392157	-11.6891	-9.95432	-8.31664
T1045W_C	615	0.438356164384	0.409090909091	0.450980392157	-10.8965	-7.43644	-11.6374
L88N_A	625	0.396103896104	0.47619047619	0.383458646617	-10.9354	-8.58897	-24.7909
S99N_A	637	0.38961038961	0.47619047619	0.375939849624	-10.6772	-8.39121	-25.2645
Q151L_A	645	0.376623376623	0.47619047619	0.360902255639	-10.7744	-8.46231	-27.6412
A32I_A	654	0.363636363636	0.47619047619	0.345864661654	-10.8288	-8.48755	-24.7143
S139K_A	669	0.357142857143	0.478260869565	0.335877862595	-10.7036	-8.48775	-25.1957
T142W_A	685	0.344155844156	0.478260869565	0.320610687023	-11.1007	-8.92703	-26.0043
W1047M_C	693	0.383561643836	0.428571428571	0.365384615385	-11.1876	-6.93195	-7.71962
T1061Q_C	701	0.383561643836	0.428571428571	0.365384615385	-11.2539	-6.97513	-9.8478
C57Y_A	710	0.337662337662	0.428571428571	0.323308270677	-11.2087	-9.03319	-25.5114
F74L_A	716	0.331168831169	0.380952380952	0.323308270677	-11.2558	-8.70277	-24.6655
M1041H_C	721	0.369863013699	0.428571428571	0.346153846154	-10.9051	-6.35455	-7.85035
I32Y_A	730	0.318181818182	0.35	0.313432835821	-10.7542	-8.80816	-24.9147
Q1052F_C	741	0.383561643836	0.428571428571	0.365384615385	-10.6616	-6.72314	-13.0466
R1055K_C	747	0.383561643836	0.428571428571	0.365384615385	-10.6781	-6.69749	-11.4463
K1055F_C	761	0.369863013699	0.428571428571	0.346153846154	-10.6751	-6.70186	-7.29233
E1038I_C	768	0.369863013699	0.428571428571	0.346153846154	-11.0322	-6.21477	-8.4782
T61K_A	775	0.305194805195	0.3	0.305970149254	-10.8775	-8.5938	-26.3941
A149F_A	781	0.298701298701	0.35	0.291044776119	-10.9544	-9.00434	-26.1417
T115D_A	789	0.298701298701	0.35	0.291044776119	-11.1921	-9.40608	-24.5793
N118V_A	796	0.311688311688	0.368421052632	0.303703703704	-11.2848	-9.3999	-25.0431
T88M_A	802	0.305194805195	0.368421052632	0.296296296296	-11.2802	-9.46295	-27.0561
V124G_A	808	0.305194805195	0.428571428571	0.285714285714	-11.4431	-9.45049	-25.326
K139G_A	814	0.311688311688	0.47619047619	0.285714285714	-11.9161	-10.0373	-23.908
Q1056K_C	821	0.342465753425	0.380952380952	0.326923076923	-11.5068	-6.7566	-8.31808
I1038N_C	827	0.342465753425	0.380952380952	0.326923076923	-11.4994	-6.76214	-9.28196
I74Q_A	833	0.298701298701	0.47619047619	0.270676691729	-11.5304	-10.0737	-25.6896
F44M_A	839	0.298701298701	0.47619047619	0.270676691729	-11.602	-10.1733	-26.1966
Y79G_A	847	0.292207792208	0.47619047619	0.263157894737	-11.4225	-9.81244	-23.9921
K1076F_C	859	0.328767123288	0.380952380952	0.307692307692	-11.1831	-7.26683	-7.15217
S91T_A	872	0.305194805195	0.47619047619	0.278195488722	-11.38	-10.1365	-24.8826
L151F_A	883	0.298701298701	0.47619047619	0.270676691729	-11.3871	-10.054	-24.1946
G19Y_A	897	0.305194805195	0.47619047619	0.278195488722	-11.269	-10.8024	-23.9876
A146D_A	921	0.305194805195	0.47619047619	0.278195488722	-11.6825	-10.7918	-26.2001
K14M_A	933	0.305194805195	0.428571428571	0.285714285714	-11.6392	-10.7455	-24.9594
M14N_A	940	0.298701298701	0.380952380952	0.285714285714	-11.27	-9.64959	-24.941
L97F_A	947	0.292207792208	0.380952380952	0.278195488722	-10.8537	-9.35609	-25.0733
T91C_A	964	0.298701298701	0.391304347826	0.282442748092	-11.2617	-9.62318	-24.3419
M106W_A	974	0.292207792208	0.391304347826	0.274809160305	-11.1895	-9.51001	-24.9588
E126A_A	986	0.292207792208	0.391304347826	0.274809160305	-12.3093	-10.9973	-26.5255
Y1038T_C	995	0.27397260274	0.333333333333	0.25	-12.3199	-6.28376	-6.57564
