name	count	identity	interface_identity	non_interface_identity	evolved_interaction	ancestral_interaction	stability
D1087A_C	1	0.986301369863	0.952380952381	1.0	-8.96589	-9.23965	-9.9154
Q130G_A	7	0.980519480519	0.947368421053	0.985185185185	-9.55779	-10.1152	-25.9059
N1025T_C	24	0.945205479452	0.954545454545	0.941176470588	-9.96173	-9.35478	-10.9012
M1048E_C	31	0.931506849315	0.954545454545	0.921568627451	-10.911	-9.33291	-8.13294
K15W_A	39	0.922077922078	0.894736842105	0.925925925926	-10.9484	-10.8767	-24.3732
E1059Q_C	49	0.86301369863	0.863636363636	0.862745098039	-10.8514	-9.52695	-7.96846
L95I_A	65	0.902597402597	0.894736842105	0.903703703704	-10.6734	-10.924	-25.6519
T1077Q_C	77	0.821917808219	0.863636363636	0.803921568627	-10.5364	-9.47071	-6.96681
T51Q_A	93	0.850649350649	0.842105263158	0.851851851852	-10.3471	-10.636	-26.4447
T1082L_C	101	0.821917808219	0.863636363636	0.803921568627	-10.8638	-9.90298	-7.44316
P128A_A	114	0.811688311688	0.842105263158	0.807407407407	-10.7994	-10.4883	-26.3233
L16Q_A	120	0.811688311688	0.8125	0.811594202899	-10.847	-10.2457	-25.2758
R1055Q_C	141	0.780821917808	0.826086956522	0.76	-10.8145	-9.83954	-9.64863
Y155F_A	149	0.798701298701	0.8125	0.797101449275	-10.9632	-10.2271	-24.8307
Q1076Y_C	158	0.698630136986	0.818181818182	0.647058823529	-10.975	-10.0752	-6.86093
V1058T_C	164	0.671232876712	0.727272727273	0.647058823529	-10.8701	-9.14012	-7.44749
R1056F_C	177	0.657534246575	0.727272727273	0.627450980392	-10.8892	-9.15343	-7.21379
V29S_A	183	0.779220779221	0.823529411765	0.773722627737	-10.9575	-10.9951	-24.0645
A106W_A	194	0.75974025974	0.842105263158	0.748148148148	-11.0069	-11.0822	-25.6037
Y35W_A	205	0.753246753247	0.842105263158	0.740740740741	-10.8824	-10.6945	-24.5514
L9M_A	214	0.74025974026	0.842105263158	0.725925925926	-10.9006	-11.06	-24.3715
S1071C_C	224	0.616438356164	0.772727272727	0.549019607843	-10.9083	-9.90221	-8.36497
E67W_A	236	0.707792207792	0.842105263158	0.688888888889	-10.5603	-10.6805	-24.1246
W51T_A	248	0.714285714286	0.842105263158	0.696296296296	-10.8799	-10.6955	-26.7057
S138N_A	263	0.701298701299	0.842105263158	0.681481481481	-10.5726	-10.799	-24.4861
S1050Y_C	276	0.58904109589	0.772727272727	0.509803921569	-10.6409	-10.2167	-6.60242
Y64E_A	282	0.681818181818	0.842105263158	0.659259259259	-10.6154	-10.7893	-26.4069
W67Q_A	289	0.668831168831	0.842105263158	0.644444444444	-10.6766	-10.6933	-26.7478
T146S_A	296	0.655844155844	0.842105263158	0.62962962963	-10.6633	-10.6933	-24.6209
C93I_A	316	0.642857142857	0.842105263158	0.614814814815	-10.6633	-10.6933	-26.3179
C5T_A	323	0.623376623377	0.842105263158	0.592592592593	-10.5404	-10.4754	-25.7496
K15L_A	347	0.603896103896	0.833333333333	0.573529411765	-10.6421	-10.4897	-24.1157
L1082N_C	359	0.575342465753	0.772727272727	0.490196078431	-10.6605	-10.2842	-7.52967
G148N_A	370	0.590909090909	0.823529411765	0.56204379562	-10.5078	-10.5477	-25.6156
K1075D_C	382	0.547945205479	0.727272727273	0.470588235294	-10.5218	-10.3619	-5.95644
L1035K_C	403	0.520547945205	0.727272727273	0.43137254902	-10.6566	-10.0191	-7.42108
H1074F_C	423	0.520547945205	0.727272727273	0.43137254902	-10.8935	-10.4396	-9.37301
G130L_A	437	0.551948051948	0.823529411765	0.518248175182	-11.2537	-10.5785	-26.9594
K31R_A	443	0.532467532468	0.764705882353	0.503649635036	-11.0627	-10.4045	-27.7453
V108W_A	452	0.519480519481	0.764705882353	0.489051094891	-10.9675	-10.1076	-23.9905
C1077I_C	466	0.493150684932	0.727272727273	0.392156862745	-10.6938	-10.0694	-6.41933
A144W_A	480	0.512987012987	0.764705882353	0.481751824818	-10.6872	-10.22	-28.3321
S111C_A	486	0.506493506494	0.764705882353	0.474452554745	-10.6353	-11.6562	-27.3326
T1095Q_C	493	0.506849315068	0.772727272727	0.392156862745	-10.5811	-10.0411	-7.89575
S1065I_C	501	0.506849315068	0.772727272727	0.392156862745	-10.6409	-9.99698	-8.99189
E37I_A	509	0.487012987013	0.789473684211	0.444444444444	-10.7612	-10.8304	-24.3168
C1043V_C	521	0.465753424658	0.772727272727	0.333333333333	-10.7613	-9.91453	-7.78364
R1050D_C	532	0.452054794521	0.772727272727	0.313725490196	-10.7055	-9.91065	-7.30792
T15F_A	543	0.474025974026	0.789473684211	0.42962962963	-10.7446	-10.8031	-26.015
L1023T_C	555	0.452054794521	0.772727272727	0.313725490196	-11.1809	-10.3065	-7.90097
Y1067N_C	566	0.438356164384	0.727272727273	0.313725490196	-11.1105	-10.0345	-6.7794
K1091C_C	582	0.424657534247	0.681818181818	0.313725490196	-10.875	-10.0524	-6.56677
W1055L_C	590	0.424657534247	0.681818181818	0.313725490196	-11.4432	-10.1464	-6.43242
R1046Y_C	602	0.397260273973	0.681818181818	0.274509803922	-11.2928	-10.0341	-7.3182
Q70M_A	609	0.454545454545	0.684210526316	0.422222222222	-10.6167	-9.88776	-25.8047
A18Q_A	621	0.441558441558	0.684210526316	0.407407407407	-10.5424	-9.66241	-26.2962
T14Y_A	630	0.441558441558	0.684210526316	0.407407407407	-10.4811	-9.58186	-26.2735
L1055T_C	654	0.369863013699	0.608695652174	0.26	-10.4843	-10.2652	-6.3933
N100F_A	665	0.415584415584	0.684210526316	0.377777777778	-10.5194	-9.6712	-25.7253
P88M_A	673	0.409090909091	0.684210526316	0.37037037037	-10.4724	-9.6712	-24.6943
Q145W_A	687	0.402597402597	0.684210526316	0.362962962963	-10.5574	-9.63471	-24.1991
T70Q_A	699	0.402597402597	0.625	0.376811594203	-10.7575	-9.6498	-25.1255
M142V_A	707	0.396103896104	0.625	0.369565217391	-10.6317	-9.6498	-24.1953
E1040A_C	720	0.356164383562	0.545454545455	0.274509803922	-10.93	-10.272	-6.43345
L91M_A	737	0.396103896104	0.722222222222	0.352941176471	-11.2763	-9.95248	-25.0895
I36F_A	755	0.38961038961	0.722222222222	0.345588235294	-10.7501	-10.111	-24.1655
W29E_A	767	0.396103896104	0.722222222222	0.352941176471	-10.6942	-10.0809	-25.1229
F1074M_C	778	0.356164383562	0.545454545455	0.274509803922	-10.6048	-10.0546	-7.52259
H1093C_C	791	0.356164383562	0.545454545455	0.274509803922	-10.7409	-10.0672	-7.09561
M98F_A	800	0.38961038961	0.625	0.36231884058	-10.7983	-10.8507	-24.6796
I1059T_C	817	0.383561643836	0.608695652174	0.28	-10.6615	-9.81195	-7.57509
F23W_A	830	0.38961038961	0.684210526316	0.348148148148	-10.5562	-10.3323	-25.0233
M1061D_C	843	0.41095890411	0.652173913043	0.3	-10.9459	-8.84783	-6.99909
Y1046M_C	853	0.41095890411	0.652173913043	0.3	-10.9786	-8.89875	-6.63082
H82F_A	871	0.38961038961	0.684210526316	0.348148148148	-10.9793	-10.5998	-25.2306
L51Y_A	880	0.376623376623	0.578947368421	0.348148148148	-10.6306	-10.4146	-26.4017
S1070C_C	888	0.383561643836	0.652173913043	0.26	-10.6454	-8.95319	-6.66024
Q1073Y_C	904	0.369863013699	0.652173913043	0.24	-10.5915	-8.93985	-6.49744
P128R_A	911	0.350649350649	0.526315789474	0.325925925926	-10.5794	-10.4013	-24.7814
M101H_A	936	0.350649350649	0.526315789474	0.325925925926	-10.5367	-10.4011	-23.8152
E48Q_A	948	0.350649350649	0.526315789474	0.325925925926	-10.6197	-10.4531	-25.1168
H96I_A	966	0.350649350649	0.526315789474	0.325925925926	-10.6164	-10.4588	-27.8889
P132S_A	971	0.344155844156	0.470588235294	0.328467153285	-10.6622	-10.7595	-24.7266
L130Q_A	985	0.350649350649	0.470588235294	0.335766423358	-10.6622	-10.4387	-23.833
H33L_A	994	0.350649350649	0.470588235294	0.335766423358	-10.6665	-10.3805	-26.0773
