name	count	identity	interface_identity	non_interface_identity	evolved_interaction	ancestral_interaction	stability
D100A_A	1	0.993506493506	1.0	0.992592592593	-10.4861	-10.5137	-25.9412
R104C_A	10	0.980519480519	1.0	0.977777777778	-10.5544	-10.5833	-23.9469
V29W_A	18	0.961038961039	1.0	0.955555555556	-10.4205	-10.57	-24.4287
R135V_A	29	0.935064935065	1.0	0.925925925926	-10.4255	-10.5763	-23.9888
F1037Q_C	40	0.86301369863	0.954545454545	0.823529411765	-10.5563	-10.477	-7.34637
A1051T_C	50	0.835616438356	0.909090909091	0.803921568627	-10.7145	-10.6961	-7.85798
K14R_A	58	0.88961038961	0.952380952381	0.87969924812	-11.4524	-10.7814	-26.3328
A142L_A	63	0.863636363636	0.952380952381	0.84962406015	-11.0917	-10.4267	-25.4946
N124E_A	70	0.844155844156	0.952380952381	0.827067669173	-11.095	-10.426	-27.9143
T1051R_C	85	0.780821917808	0.863636363636	0.745098039216	-11.2344	-11.2324	-6.56946
N1025Q_C	94	0.767123287671	0.863636363636	0.725490196078	-11.0524	-11.2001	-6.57777
R1064S_C	107	0.753424657534	0.863636363636	0.705882352941	-11.5977	-11.1744	-6.34039
F81L_A	115	0.772727272727	0.863636363636	0.757575757576	-12.0718	-9.82441	-25.237
A129E_A	122	0.746753246753	0.863636363636	0.727272727273	-12.6039	-9.73555	-24.3025
W131N_A	131	0.727272727273	0.863636363636	0.704545454545	-10.941	-9.87445	-25.2816
D121I_A	146	0.701298701299	0.818181818182	0.681818181818	-10.8652	-9.87872	-26.2712
W99Y_A	160	0.681818181818	0.818181818182	0.659090909091	-10.8466	-9.87736	-25.3004
A1046E_C	170	0.739726027397	0.818181818182	0.705882352941	-10.9754	-11.0263	-6.47457
S153I_A	183	0.655844155844	0.818181818182	0.628787878788	-11.1635	-10.075	-24.6098
D93L_A	204	0.649350649351	0.809523809524	0.624060150376	-11.5709	-10.8478	-25.3304
I121T_A	213	0.642857142857	0.809523809524	0.616541353383	-11.5481	-10.8047	-24.2754
W134M_A	218	0.642857142857	0.809523809524	0.616541353383	-11.5259	-10.8002	-26.5517
D1042W_C	224	0.698630136986	0.818181818182	0.647058823529	-11.4398	-11.0221	-7.45614
I1039Y_C	229	0.671232876712	0.818181818182	0.607843137255	-11.1377	-11.0434	-7.0452
Q136W_A	241	0.616883116883	0.777777777778	0.595588235294	-11.099	-11.9526	-24.5546
R1033D_C	250	0.616438356164	0.727272727273	0.56862745098	-10.8694	-10.7793	-6.10166
W130H_A	259	0.616883116883	0.777777777778	0.595588235294	-11.1103	-12.1291	-26.0162
N139K_A	266	0.616883116883	0.777777777778	0.595588235294	-11.2818	-12.0797	-27.5286
K1029L_C	271	0.616438356164	0.681818181818	0.588235294118	-11.4025	-11.4709	-10.5452
E1050W_C	281	0.58904109589	0.681818181818	0.549019607843	-11.7728	-11.6838	-11.7353
K1058S_C	288	0.575342465753	0.681818181818	0.529411764706	-11.7758	-11.6673	-9.68843
Y1095P_C	298	0.575342465753	0.681818181818	0.529411764706	-11.6222	-11.1602	-9.51076
C5L_A	306	0.584415584416	0.8	0.55223880597	-11.6265	-11.4641	-28.2286
L38S_A	311	0.577922077922	0.8	0.544776119403	-10.9024	-12.0144	-23.6238
R1092M_C	319	0.547945205479	0.652173913043	0.5	-11.1746	-9.5533	-8.67767
L1081K_C	338	0.520547945205	0.652173913043	0.46	-10.9615	-9.66736	-7.73581
D131G_A	348	0.564935064935	0.736842105263	0.540740740741	-11.6449	-11.501	-24.8649
Y58L_A	359	0.551948051948	0.736842105263	0.525925925926	-11.6394	-11.4996	-26.4346
N1075V_C	378	0.493150684932	0.652173913043	0.42	-11.182	-9.64677	-5.97929
I1072L_C	390	0.465753424658	0.652173913043	0.38	-11.3557	-9.89863	-7.55514
R1071F_C	396	0.438356164384	0.681818181818	0.333333333333	-10.5453	-9.67443	-7.45165
L52Y_A	411	0.551948051948	0.777777777778	0.522058823529	-10.6467	-11.067	-23.6588
S151V_A	429	0.551948051948	0.777777777778	0.522058823529	-10.6444	-11.0673	-25.5002
Y111H_A	441	0.538961038961	0.777777777778	0.507352941176	-10.6455	-10.9562	-23.9351
E10V_A	452	0.538961038961	0.777777777778	0.507352941176	-10.9819	-11.3138	-23.9572
F137W_A	463	0.525974025974	0.777777777778	0.492647058824	-10.8598	-11.2631	-24.0077
V143M_A	472	0.525974025974	0.777777777778	0.492647058824	-11.0223	-10.88	-25.7518
S122M_A	479	0.512987012987	0.777777777778	0.477941176471	-10.7924	-10.8482	-26.335
A1078C_C	484	0.41095890411	0.636363636364	0.313725490196	-10.8094	-9.38443	-6.54416
V10F_A	497	0.487012987013	0.777777777778	0.448529411765	-10.8219	-10.8218	-27.4833
V118S_A	509	0.474025974026	0.722222222222	0.441176470588	-10.7837	-10.6392	-24.966
D1061C_C	519	0.397260273973	0.636363636364	0.294117647059	-10.7594	-9.54405	-7.61097
N98E_A	529	0.467532467532	0.722222222222	0.433823529412	-10.7707	-10.6679	-24.9193
A24C_A	536	0.454545454545	0.722222222222	0.419117647059	-10.9697	-10.7762	-26.3854
F57T_A	549	0.448051948052	0.722222222222	0.411764705882	-10.7126	-10.5639	-24.8322
V151Y_A	572	0.441558441558	0.722222222222	0.404411764706	-10.5912	-10.5656	-27.0162
F135Y_A	585	0.441558441558	0.722222222222	0.404411764706	-10.7071	-10.6052	-24.7886
R146Q_A	599	0.435064935065	0.722222222222	0.397058823529	-10.4748	-10.3718	-24.1324
A48P_A	610	0.435064935065	0.722222222222	0.397058823529	-10.4724	-10.4118	-26.3481
R1029V_C	622	0.383561643836	0.636363636364	0.274509803922	-11.5275	-10.4873	-5.93029
R1051Y_C	637	0.383561643836	0.636363636364	0.274509803922	-11.3583	-10.511	-6.47658
Y1047K_C	655	0.383561643836	0.636363636364	0.274509803922	-11.4096	-10.553	-8.60337
N1062F_C	665	0.383561643836	0.636363636364	0.274509803922	-11.3897	-10.5565	-7.79664
N1080S_C	679	0.383561643836	0.608695652174	0.28	-11.1898	-10.5318	-7.2915
V113M_A	687	0.448051948052	0.705882352941	0.416058394161	-10.7004	-10.596	-24.5163
C1061F_C	696	0.369863013699	0.590909090909	0.274509803922	-10.5302	-10.4962	-7.56934
M143R_A	706	0.448051948052	0.764705882353	0.408759124088	-10.5438	-10.5163	-26.2784
L109M_A	712	0.435064935065	0.764705882353	0.394160583942	-10.5791	-10.5127	-26.1572
L1093Y_C	719	0.369863013699	0.590909090909	0.274509803922	-10.6493	-10.6497	-8.00444
I118W_A	735	0.435064935065	0.764705882353	0.394160583942	-11.1659	-10.7496	-26.0274
P132M_A	743	0.422077922078	0.764705882353	0.379562043796	-10.9531	-10.75	-24.4932
W1081I_C	756	0.369863013699	0.590909090909	0.274509803922	-10.6652	-9.47541	-6.78355
R1040V_C	774	0.369863013699	0.590909090909	0.274509803922	-11.2251	-9.65219	-6.27596
V148G_A	788	0.409090909091	0.764705882353	0.36496350365	-11.5069	-10.938	-24.4656
H121A_A	798	0.409090909091	0.764705882353	0.36496350365	-11.5891	-10.8548	-25.6768
M12E_A	806	0.415584415584	0.764705882353	0.372262773723	-11.2782	-10.7767	-26.3678
C95P_A	817	0.422077922078	0.764705882353	0.379562043796	-11.2521	-10.776	-28.6383
P21R_A	824	0.402597402597	0.705882352941	0.36496350365	-11.4716	-10.9186	-24.9878
L9V_A	834	0.396103896104	0.705882352941	0.357664233577	-11.4279	-10.9712	-24.7274
H146C_A	839	0.396103896104	0.705882352941	0.357664233577	-11.4787	-11.0081	-24.0059
S50G_A	850	0.396103896104	0.647058823529	0.36496350365	-11.4935	-10.9106	-26.5447
M109L_A	860	0.402597402597	0.647058823529	0.372262773723	-11.4566	-10.8035	-25.9724
G4P_A	869	0.402597402597	0.647058823529	0.372262773723	-11.5206	-10.8021	-27.8164
Y1093M_C	875	0.383561643836	0.590909090909	0.294117647059	-11.3988	-10.2501	-9.54424
V75N_A	881	0.383116883117	0.588235294118	0.357664233577	-12.1915	-9.84096	-24.81
F1061L_C	897	0.383561643836	0.565217391304	0.3	-11.8244	-10.2323	-11.2292
F1052C_C	902	0.356164383562	0.478260869565	0.3	-10.763	-9.79843	-8.08617
C117V_A	914	0.37012987013	0.529411764706	0.350364963504	-10.6162	-9.07465	-25.6582
L106K_A	926	0.37012987013	0.578947368421	0.340740740741	-10.9035	-9.0768	-25.425
Y1071M_C	947	0.328767123288	0.478260869565	0.26	-10.9244	-9.58896	-7.11398
V7L_A	961	0.363636363636	0.578947368421	0.333333333333	-10.9447	-9.06121	-26.3475
C104D_A	973	0.363636363636	0.6	0.328358208955	-10.5668	-9.30133	-26.7443
N14F_A	981	0.357142857143	0.578947368421	0.325925925926	-10.645	-9.19576	-26.9884
V1072P_C	987	0.315068493151	0.434782608696	0.26	-10.7728	-9.19063	-6.60104
E99R_A	993	0.344155844156	0.578947368421	0.311111111111	-10.7768	-8.97319	-27.4112
