name	count	identity	interface_identity	non_interface_identity	evolved_interaction	ancestral_interaction	stability
A1051V_C	1	0.986301369863	1.0	0.980392156863	-10.4947	-10.3781	-8.92777
F1036D_C	14	0.958904109589	1.0	0.941176470588	-11.1045	-9.04605	-9.43275
A32G_A	40	0.961038961039	0.947368421053	0.962962962963	-11.3937	-10.6583	-27.552
Y1025V_C	53	0.904109589041	1.0	0.862745098039	-11.4175	-11.2106	-9.16347
G32P_A	62	0.935064935065	0.894736842105	0.940740740741	-10.9695	-10.2065	-25.918
E49A_A	68	0.909090909091	0.842105263158	0.918518518519	-12.0471	-11.331	-24.8413
M1076A_C	85	0.86301369863	1.0	0.8	-10.5474	-11.1059	-9.13202
D121E_A	92	0.876623376623	0.789473684211	0.888888888889	-10.9964	-9.95486	-25.4461
V115H_A	101	0.863636363636	0.789473684211	0.874074074074	-10.9986	-9.95283	-24.4894
K74F_A	111	0.844155844156	0.789473684211	0.851851851852	-10.9018	-9.95969	-24.4286
M125A_A	121	0.837662337662	0.789473684211	0.844444444444	-10.8172	-9.9528	-25.2627
K48M_A	131	0.811688311688	0.789473684211	0.814814814815	-10.5057	-9.66293	-24.6604
E101F_A	139	0.805194805195	0.789473684211	0.807407407407	-10.8336	-10.0027	-25.6161
M36N_A	146	0.792207792208	0.789473684211	0.792592592593	-10.8185	-9.04275	-23.0122
A129S_A	161	0.772727272727	0.789473684211	0.77037037037	-10.9672	-9.18051	-23.1407
T125K_A	168	0.772727272727	0.789473684211	0.77037037037	-11.7695	-9.89991	-24.3391
I1072S_C	176	0.712328767123	0.869565217391	0.64	-11.6216	-11.0011	-6.03099
D1061F_C	193	0.698630136986	0.869565217391	0.62	-11.6238	-11.001	-6.5602
Q1054A_C	206	0.698630136986	0.869565217391	0.62	-11.4299	-11.0034	-6.06218
I107F_A	219	0.720779220779	0.789473684211	0.711111111111	-11.4326	-9.56152	-23.4537
P126K_A	241	0.714285714286	0.789473684211	0.703703703704	-11.3772	-9.6132	-22.2363
I4M_A	253	0.714285714286	0.789473684211	0.703703703704	-11.385	-9.84508	-23.1246
K126Q_A	268	0.707792207792	0.789473684211	0.696296296296	-11.1248	-9.57317	-23.2544
S127N_A	283	0.681818181818	0.736842105263	0.674074074074	-11.3229	-9.89203	-23.8443
D1075I_C	290	0.657534246575	0.869565217391	0.56	-11.2672	-10.8821	-6.21905
K146C_A	299	0.655844155844	0.684210526316	0.651851851852	-11.2836	-9.84247	-22.1839
N1086K_C	306	0.630136986301	0.782608695652	0.56	-12.9387	-10.4489	-7.46348
S1025E_C	314	0.58904109589	0.782608695652	0.5	-12.8377	-10.207	-8.10413
L142D_A	326	0.649350649351	0.684210526316	0.644444444444	-12.8207	-11.7899	-23.6742
I60N_A	333	0.62987012987	0.684210526316	0.622222222222	-13.0734	-12.2021	-22.9464
S1032F_C	342	0.534246575342	0.666666666667	0.469387755102	-13.36	-10.0847	-6.45311
Q122F_A	349	0.623376623377	0.684210526316	0.614814814815	-13.4082	-13.236	-25.0133
E1084F_C	363	0.493150684932	0.583333333333	0.448979591837	-11.9696	-8.97246	-7.79692
H100R_A	369	0.584415584416	0.684210526316	0.57037037037	-11.9855	-13.2902	-25.6212
S1062V_C	379	0.465753424658	0.583333333333	0.408163265306	-11.866	-8.71828	-7.08409
W41M_A	390	0.564935064935	0.684210526316	0.548148148148	-11.7486	-13.1616	-25.6472
A152G_A	396	0.564935064935	0.684210526316	0.548148148148	-11.6206	-12.989	-24.0595
W1043C_C	410	0.438356164384	0.583333333333	0.367346938776	-11.6797	-8.84299	-6.1874
M66A_A	426	0.558441558442	0.631578947368	0.548148148148	-11.7406	-13.2615	-23.9917
I138V_A	443	0.551948051948	0.631578947368	0.540740740741	-11.7479	-13.2621	-23.8476
S136W_A	454	0.525974025974	0.631578947368	0.511111111111	-11.7675	-13.2212	-24.6173
I112M_A	467	0.519480519481	0.631578947368	0.503703703704	-11.8008	-13.2623	-24.1206
S89F_A	476	0.506493506494	0.631578947368	0.488888888889	-11.8127	-13.2923	-24.276
E67W_A	492	0.5	0.631578947368	0.481481481481	-11.9256	-13.2908	-24.1687
Q1074Y_C	504	0.41095890411	0.541666666667	0.34693877551	-11.9158	-8.69754	-6.76189
A1054F_C	522	0.41095890411	0.541666666667	0.34693877551	-11.9166	-8.69754	-7.32581
Y29L_A	531	0.480519480519	0.631578947368	0.459259259259	-12.0127	-12.8886	-25.023
F1061A_C	547	0.397260273973	0.541666666667	0.326530612245	-12.2439	-8.97181	-5.78287
Q151M_A	562	0.474025974026	0.631578947368	0.451851851852	-12.3016	-13.3281	-26.1049
E106D_A	569	0.467532467532	0.631578947368	0.444444444444	-12.3069	-13.3422	-23.7875
F49M_A	577	0.454545454545	0.631578947368	0.42962962963	-11.9695	-12.3008	-24.7832
T141V_A	585	0.454545454545	0.631578947368	0.42962962963	-11.8412	-12.2839	-24.8917
C61V_A	601	0.454545454545	0.631578947368	0.42962962963	-11.9866	-12.2615	-25.5203
L1030P_C	616	0.41095890411	0.583333333333	0.326530612245	-11.5869	-8.76271	-7.34656
N1042D_C	635	0.41095890411	0.583333333333	0.326530612245	-11.534	-8.74637	-6.74772
N10Q_A	652	0.454545454545	0.631578947368	0.42962962963	-11.2913	-12.5081	-23.7829
Q1027H_C	666	0.397260273973	0.541666666667	0.326530612245	-11.2524	-8.13381	-6.11821
H44E_A	677	0.448051948052	0.631578947368	0.422222222222	-10.3317	-12.4657	-25.2393
Q106C_A	687	0.435064935065	0.631578947368	0.407407407407	-10.3632	-13.1153	-24.0763
R147T_A	702	0.428571428571	0.631578947368	0.4	-10.3422	-13.1201	-23.7679
H33I_A	724	0.428571428571	0.631578947368	0.4	-10.4357	-13.2215	-24.5623
K10M_A	748	0.422077922078	0.631578947368	0.392592592593	-10.539	-13.0619	-24.9013
E1073T_C	759	0.356164383562	0.416666666667	0.326530612245	-10.4968	-7.30008	-6.52853
L83M_A	773	0.428571428571	0.705882352941	0.394160583942	-10.4871	-12.9981	-25.5241
I33Y_A	781	0.428571428571	0.705882352941	0.394160583942	-10.5001	-13.0065	-26.1444
I150L_A	792	0.428571428571	0.705882352941	0.394160583942	-10.4856	-12.3827	-24.0943
D66K_A	809	0.428571428571	0.705882352941	0.394160583942	-10.505	-12.4061	-24.2917
N36V_A	817	0.428571428571	0.705882352941	0.394160583942	-10.4892	-12.3927	-24.8088
L64V_A	823	0.415584415584	0.705882352941	0.379562043796	-10.4232	-12.8626	-26.9722
L6P_A	831	0.415584415584	0.705882352941	0.379562043796	-10.5069	-12.9068	-26.2081
L151M_A	845	0.415584415584	0.705882352941	0.379562043796	-10.5249	-12.9145	-25.7748
A1060Y_C	863	0.369863013699	0.458333333333	0.326530612245	-10.4945	-7.39324	-8.60629
N15T_A	874	0.415584415584	0.705882352941	0.379562043796	-10.585	-12.1984	-24.7361
C32Y_A	883	0.415584415584	0.705882352941	0.379562043796	-10.7064	-12.3138	-26.2717
Q154N_A	893	0.383116883117	0.705882352941	0.343065693431	-10.7031	-12.3146	-25.5825
F122T_A	901	0.376623376623	0.705882352941	0.335766423358	-10.7068	-12.3356	-27.234
T1077D_C	907	0.342465753425	0.458333333333	0.285714285714	-10.7527	-7.49305	-6.387
A1029E_C	918	0.342465753425	0.458333333333	0.285714285714	-10.7444	-7.40331	-7.00615
V99W_A	941	0.376623376623	0.705882352941	0.335766423358	-11.2369	-12.2837	-24.9133
W61E_A	950	0.37012987013	0.705882352941	0.328467153285	-11.103	-12.7511	-24.3213
I85V_A	956	0.37012987013	0.705882352941	0.328467153285	-11.0072	-12.6539	-23.6656
V145M_A	965	0.363636363636	0.705882352941	0.321167883212	-10.6933	-12.6627	-25.6035
K76M_A	971	0.357142857143	0.705882352941	0.313868613139	-10.6856	-12.6633	-24.6853
M112L_A	981	0.350649350649	0.705882352941	0.306569343066	-10.7166	-12.7315	-26.6668
H1092Q_C	986	0.287671232877	0.333333333333	0.265306122449	-10.715	-6.89763	-8.13153
L79H_A	1000	0.344155844156	0.705882352941	0.299270072993	-10.9824	-12.8607	-24.4106
