name	count	identity	interface_identity	non_interface_identity	evolved_interaction	ancestral_interaction	stability
L4D_A	1	0.993506493506	1.0	0.992592592593	-10.465	-10.5173	-25.9963
K1027G_C	9	0.986301369863	0.954545454545	1.0	-11.1344	-10.3714	-6.08234
N1025Q_C	15	0.972602739726	0.954545454545	0.980392156863	-11.1635	-10.3233	-5.94685
Q1095M_C	23	0.958904109589	0.909090909091	0.980392156863	-11.1186	-10.2346	-5.94924
I92F_A	30	0.909090909091	0.833333333333	0.919117647059	-10.9873	-10.4571	-25.6782
L1026P_C	41	0.904109589041	0.954545454545	0.882352941176	-10.8383	-10.3644	-7.07165
E1034K_C	54	0.890410958904	0.954545454545	0.862745098039	-10.7791	-11.1878	-6.64877
A142L_A	66	0.857142857143	0.833333333333	0.860294117647	-11.1778	-10.23	-24.3209
V1023W_C	71	0.849315068493	0.909090909091	0.823529411765	-11.1589	-11.2582	-8.98847
N1086G_C	80	0.821917808219	0.863636363636	0.803921568627	-11.1419	-11.1837	-10.8325
N124A_A	86	0.824675324675	0.833333333333	0.823529411765	-11.4389	-10.2326	-26.3211
T108A_A	95	0.811688311688	0.833333333333	0.808823529412	-10.9592	-10.669	-26.6898
Q154R_A	102	0.785714285714	0.777777777778	0.786764705882	-11.6026	-11.1063	-24.4265
C87R_A	116	0.779220779221	0.777777777778	0.779411764706	-10.9716	-10.7689	-27.0899
R1047T_C	124	0.72602739726	0.818181818182	0.686274509804	-10.9586	-10.6651	-7.92156
Y48P_A	136	0.75974025974	0.777777777778	0.757352941176	-11.0294	-10.8366	-26.136
F137H_A	143	0.74025974026	0.777777777778	0.735294117647	-11.06	-10.8708	-29.7597
Q151N_A	155	0.707792207792	0.666666666667	0.713235294118	-10.8047	-10.8933	-24.5775
A1080L_C	162	0.698630136986	0.818181818182	0.647058823529	-10.8569	-10.6706	-7.11287
Y68L_A	169	0.701298701299	0.666666666667	0.705882352941	-10.6519	-10.9702	-24.3354
R87F_A	180	0.688311688312	0.666666666667	0.691176470588	-10.5096	-10.9703	-24.8582
K1038R_C	195	0.657534246575	0.818181818182	0.588235294118	-11.1532	-10.3887	-6.03654
P88D_A	201	0.681818181818	0.666666666667	0.683823529412	-11.1295	-8.59271	-24.3748
N52P_A	219	0.668831168831	0.7	0.664179104478	-11.5394	-8.57276	-27.4678
R1042I_C	233	0.616438356164	0.782608695652	0.54	-11.4787	-10.9035	-7.24575
R1093V_C	242	0.602739726027	0.782608695652	0.52	-10.916	-10.4621	-6.51484
S35V_A	257	0.62987012987	0.6	0.634328358209	-10.8136	-8.37543	-24.2494
M1049L_C	274	0.575342465753	0.782608695652	0.48	-10.9575	-10.2775	-6.79441
W1023E_C	283	0.561643835616	0.782608695652	0.46	-10.9269	-10.2147	-6.31054
Q1073Y_C	300	0.534246575342	0.739130434783	0.44	-11.1533	-10.2626	-6.29108
C132H_A	308	0.616883116883	0.631578947368	0.614814814815	-11.1913	-8.39012	-25.4698
P59A_A	323	0.603896103896	0.631578947368	0.6	-11.0729	-8.3902	-24.0908
Y155F_A	343	0.590909090909	0.631578947368	0.585185185185	-11.0738	-8.40001	-25.7093
K14F_A	348	0.571428571429	0.578947368421	0.57037037037	-10.4712	-7.72935	-25.4758
V1061D_C	360	0.506849315068	0.695652173913	0.42	-10.4616	-10.213	-7.0287
S91V_A	381	0.571428571429	0.578947368421	0.57037037037	-10.5637	-7.72692	-24.4949
P32F_A	388	0.564935064935	0.578947368421	0.562962962963	-10.5285	-7.72712	-24.1819
T1033R_C	404	0.493150684932	0.695652173913	0.4	-10.5632	-10.3457	-8.74018
G139I_A	424	0.551948051948	0.578947368421	0.548148148148	-10.5636	-7.74461	-24.0869
R98Y_A	439	0.551948051948	0.578947368421	0.548148148148	-10.6183	-7.74458	-23.9542
V121F_A	449	0.551948051948	0.578947368421	0.548148148148	-10.6256	-7.72024	-25.2117
V148M_A	457	0.525974025974	0.578947368421	0.518518518519	-10.6182	-8.57545	-24.3526
G118W_A	466	0.525974025974	0.578947368421	0.518518518519	-10.6248	-8.69004	-27.5166
Q1091M_C	471	0.465753424658	0.652173913043	0.38	-10.7948	-10.4436	-9.29094
D88N_A	479	0.512987012987	0.578947368421	0.503703703704	-11.0847	-8.07716	-24.3652
H1040I_C	485	0.452054794521	0.652173913043	0.36	-10.5256	-10.761	-9.52222
K94L_A	504	0.493506493506	0.526315789474	0.488888888889	-10.55	-7.72275	-27.3784
A11L_A	509	0.493506493506	0.526315789474	0.488888888889	-10.5436	-7.70895	-25.7137
H1071M_C	515	0.438356164384	0.652173913043	0.34	-10.6058	-10.7619	-10.921
Y89D_A	522	0.487012987013	0.526315789474	0.481481481481	-10.6614	-7.63277	-24.5173
K57R_A	568	0.487012987013	0.5	0.485074626866	-12.1417	-10.0112	-24.2844
L135N_A	581	0.480519480519	0.5	0.477611940299	-11.7603	-9.96916	-24.4734
T88C_A	592	0.474025974026	0.5	0.470149253731	-11.7535	-10.0094	-24.7889
K1041L_C	610	0.383561643836	0.608695652174	0.28	-11.5687	-10.3916	-6.38076
P123M_A	621	0.448051948052	0.5	0.440298507463	-10.6022	-9.71334	-23.9916
G66W_A	637	0.441558441558	0.45	0.440298507463	-10.7525	-9.61912	-24.4869
K122Q_A	651	0.435064935065	0.45	0.432835820896	-10.612	-9.61661	-24.1457
S1036W_C	662	0.342465753425	0.565217391304	0.24	-10.6657	-9.05351	-7.29376
Q7I_A	670	0.402597402597	0.45	0.39552238806	-10.6764	-10.0966	-23.4529
V36M_A	686	0.409090909091	0.45	0.402985074627	-10.7177	-10.074	-24.1713
E54W_A	697	0.409090909091	0.45	0.402985074627	-10.7186	-10.0595	-23.5596
C19M_A	706	0.415584415584	0.45	0.410447761194	-10.698	-10.1586	-23.6731
S139R_A	718	0.422077922078	0.45	0.417910447761	-10.4438	-9.8848	-25.4472
C5L_A	727	0.409090909091	0.45	0.402985074627	-10.442	-9.89136	-25.2471
M1095S_C	735	0.356164383562	0.608695652174	0.24	-11.2139	-10.1697	-6.9193
W134F_A	745	0.396103896104	0.421052631579	0.392592592593	-11.2124	-9.70024	-24.7143
V1044I_C	758	0.342465753425	0.608695652174	0.22	-11.2129	-10.1666	-8.6304
L137Y_A	768	0.396103896104	0.421052631579	0.392592592593	-10.9924	-9.50278	-24.2406
L1046M_C	778	0.342465753425	0.608695652174	0.22	-10.9966	-10.1672	-7.7745
G95V_A	793	0.402597402597	0.473684210526	0.392592592593	-10.9684	-9.58297	-27.7233
Y15I_A	798	0.402597402597	0.473684210526	0.392592592593	-11.963	-10.2008	-27.0868
S1029K_C	807	0.342465753425	0.608695652174	0.22	-11.9811	-10.1249	-7.31845
Q149M_A	816	0.396103896104	0.473684210526	0.385185185185	-12.1225	-10.2854	-25.8067
M10K_A	827	0.396103896104	0.473684210526	0.385185185185	-12.4503	-10.4916	-23.2413
H141D_A	850	0.383116883117	0.421052631579	0.377777777778	-12.0589	-9.84152	-26.9661
E121S_A	860	0.376623376623	0.421052631579	0.37037037037	-12.2032	-9.84696	-28.067
W54Q_A	868	0.37012987013	0.421052631579	0.362962962963	-10.7579	-9.82713	-24.5454
L1025G_C	877	0.328767123288	0.565217391304	0.22	-10.7364	-9.1519	-7.02111
R1051A_C	886	0.328767123288	0.565217391304	0.22	-10.6727	-9.13899	-6.55116
M59Y_A	900	0.37012987013	0.421052631579	0.362962962963	-10.8139	-9.80976	-24.464
P99F_A	914	0.376623376623	0.421052631579	0.37037037037	-10.8139	-9.80492	-24.9409
Q1034M_C	920	0.328767123288	0.565217391304	0.22	-10.7315	-9.22317	-6.54612
N135V_A	927	0.376623376623	0.421052631579	0.37037037037	-10.7837	-9.67328	-24.0626
Y151F_A	940	0.37012987013	0.421052631579	0.362962962963	-10.6467	-9.68817	-25.6563
W111L_A	950	0.363636363636	0.421052631579	0.355555555556	-10.4602	-9.74245	-26.6567
M148Q_A	957	0.363636363636	0.421052631579	0.355555555556	-10.4588	-9.92143	-26.0775
Q1042S_C	967	0.287671232877	0.521739130435	0.18	-11.6436	-10.2971	-7.58148
I126M_A	975	0.37012987013	0.421052631579	0.362962962963	-11.7642	-10.1217	-25.7663
M150P_A	984	0.376623376623	0.421052631579	0.37037037037	-12.1149	-10.0221	-24.5982
E1026P_C	995	0.287671232877	0.521739130435	0.18	-11.4377	-9.95939	-7.36288
I87W_A	1000	0.376623376623	0.421052631579	0.37037037037	-11.552	-9.76154	-25.6904
