name	count	identity	evolved_interaction	ancestral_interaction	stability
R1071V_C	1	0.986301369863	-10.4843	-10.3705	-8.16729
K1041Q_C	11	0.945205479452	-10.648	-10.6398	-6.78215
S3T_A	23	0.967532467532	-10.7873	-10.5974	-26.8546
D1080Y_C	30	0.904109589041	-10.7185	-10.5852	-8.84385
T1043H_C	36	0.876712328767	-10.7692	-10.5876	-11.0381
K1027Q_C	47	0.86301369863	-10.5122	-10.3482	-10.4404
S138L_A	56	0.876623376623	-10.4809	-10.6193	-29.7351
R106F_A	63	0.863636363636	-10.4674	-10.6103	-31.83
F24T_A	68	0.837662337662	-10.4767	-10.6585	-28.5402
E143V_A	76	0.811688311688	-10.48	-10.6591	-27.8697
F77L_A	83	0.785714285714	-10.4536	-10.6627	-25.2026
Y1067K_C	92	0.780821917808	-10.4301	-10.2307	-10.588
R1064Y_C	97	0.72602739726	-11.5721	-11.5809	-9.12767
K40M_A	105	0.75974025974	-11.4928	-10.8533	-24.0773
Q10T_A	114	0.746753246753	-11.5191	-10.9109	-23.9047
K71Q_A	126	0.733766233766	-11.9407	-10.9184	-24.6084
T1035S_C	143	0.684931506849	-11.6324	-11.6019	-7.00468
D1094K_C	156	0.671232876712	-11.6926	-11.6502	-10.1886
K146I_A	163	0.707792207792	-11.7558	-10.9261	-24.6361
Y1075T_C	179	0.643835616438	-11.8146	-11.7879	-8.04368
K141D_A	191	0.701298701299	-11.7263	-10.9217	-25.3277
I1070V_C	202	0.58904109589	-11.734	-11.5869	-9.06773
F1077M_C	209	0.575342465753	-11.2782	-11.0961	-9.87647
T135K_A	214	0.668831168831	-11.2782	-10.9243	-25.004
E102D_A	227	0.662337662338	-11.2783	-10.9244	-24.5097
T1080S_C	239	0.547945205479	-10.5594	-11.206	-10.6296
P1028N_C	254	0.547945205479	-10.6914	-11.3151	-8.73353
K153W_A	267	0.636363636364	-10.881	-10.0287	-24.0816
Q148R_A	280	0.62987012987	-11.4169	-10.7483	-26.3728
T10L_A	289	0.623376623377	-11.2507	-10.5484	-28.7635
E1079A_C	303	0.520547945205	-11.112	-11.3425	-5.737
Y98K_A	316	0.597402597403	-11.1042	-10.6862	-24.707
K143M_A	335	0.597402597403	-11.1014	-10.6873	-24.3221
T1047Q_C	346	0.520547945205	-11.3844	-11.3526	-7.28806
I1029R_C	356	0.506849315068	-10.9808	-10.8358	-6.76762
Q48C_A	368	0.564935064935	-10.8328	-10.4579	-24.6793
S79T_A	375	0.564935064935	-10.7892	-10.5915	-23.7973
M122V_A	382	0.564935064935	-11.0603	-11.1502	-24.3744
A129Y_A	395	0.558441558442	-10.968	-11.1648	-23.9312
M11Q_A	408	0.538961038961	-10.9872	-11.1317	-23.5774
Y1073I_C	420	0.452054794521	-10.992	-10.4418	-5.82942
M1093W_C	433	0.438356164384	-10.9283	-10.4109	-7.24364
M30E_A	440	0.525974025974	-10.88	-10.89	-24.5451
A1051V_C	459	0.424657534247	-10.8669	-10.4361	-6.34029
V3D_A	473	0.519480519481	-10.5981	-11.0493	-24.9971
S18T_A	487	0.512987012987	-10.9168	-11.1864	-24.2218
G1071T_C	504	0.424657534247	-10.9043	-10.406	-6.45675
T146Y_A	510	0.506493506494	-10.8992	-11.1788	-26.3666
T31M_A	518	0.5	-10.8987	-11.1862	-26.002
L125I_A	530	0.493506493506	-10.9086	-11.2085	-24.7262
D3G_A	545	0.487012987013	-10.9091	-11.2068	-25.2698
Q1041M_C	553	0.397260273973	-10.7806	-10.251	-7.58086
N115Y_A	566	0.461038961039	-10.7941	-11.0806	-24.6623
Y149H_A	575	0.454545454545	-10.8863	-11.0611	-26.6369
C1028T_C	583	0.383561643836	-10.5184	-10.1667	-8.995
D67M_A	593	0.441558441558	-10.5705	-11.013	-25.9943
Y146W_A	609	0.428571428571	-10.6223	-11.0127	-23.9634
N1046V_C	616	0.383561643836	-10.6224	-10.2055	-8.74339
T24Y_A	636	0.422077922078	-10.4519	-11.0814	-25.1935
G71R_A	663	0.422077922078	-10.4573	-11.1223	-26.547
K74L_A	674	0.415584415584	-10.458	-11.0853	-25.6368
G3H_A	685	0.409090909091	-10.7279	-11.2426	-24.526
I98H_A	693	0.402597402597	-10.7525	-11.2431	-23.9095
S86N_A	708	0.402597402597	-10.6019	-11.2423	-24.6527
W1093C_C	717	0.342465753425	-10.5829	-9.95952	-7.89084
H98E_A	728	0.38961038961	-10.6305	-11.1889	-23.9504
M1082Y_C	745	0.328767123288	-10.6413	-10.1113	-9.50101
Y1043M_C	752	0.342465753425	-11.2666	-10.9421	-8.91813
Y1095N_C	761	0.356164383562	-11.3073	-11.0583	-7.04907
R35A_A	768	0.38961038961	-11.8747	-10.9398	-27.059
K104A_A	775	0.38961038961	-10.9815	-10.1878	-25.8234
Q64D_A	783	0.383116883117	-11.2661	-9.56094	-25.1749
G50Q_A	793	0.376623376623	-10.844	-9.5442	-24.025
K1064V_C	810	0.342465753425	-10.7776	-10.8693	-7.23113
S70Q_A	825	0.37012987013	-10.7053	-9.26409	-24.146
K14D_A	834	0.37012987013	-10.5959	-8.44951	-24.2914
M54R_A	841	0.363636363636	-10.5904	-8.45264	-25.4066
P1061I_C	854	0.342465753425	-10.5805	-10.8876	-6.05295
D76C_A	876	0.37012987013	-10.5834	-8.10458	-24.4719
V1040L_C	884	0.342465753425	-10.4276	-10.728	-7.18086
Q95R_A	898	0.363636363636	-10.442	-8.44858	-27.6511
H102L_A	905	0.357142857143	-10.7444	-9.50564	-28.0561
N1095A_C	914	0.342465753425	-10.6894	-10.7138	-6.03483
G108R_A	924	0.357142857143	-10.7803	-9.61064	-26.9962
E1082I_C	930	0.342465753425	-10.5754	-10.214	-6.23689
N58Y_A	935	0.357142857143	-10.7864	-9.66354	-26.7135
L4S_A	941	0.350649350649	-10.9108	-9.64224	-28.5469
H1039M_C	949	0.342465753425	-10.8198	-10.4534	-9.35541
R1049I_C	961	0.342465753425	-10.7388	-10.4624	-8.43091
P139W_A	974	0.344155844156	-10.9935	-9.87087	-29.7768
Y1051W_C	981	0.328767123288	-11.0435	-10.5308	-9.97672
