name	count	identity	evolved_interaction	ancestral_interaction	stability
E1059Q_C	1	0.986301369863	-10.4904	-10.3753	-8.04128
L38C_A	11	0.987012987013	-10.5007	-10.4972	-25.1051
R51E_A	20	0.974025974026	-10.5241	-10.5646	-24.136
A142Y_A	31	0.954545454545	-10.4941	-10.5642	-24.8902
S1032D_C	41	0.876712328767	-10.4128	-10.2658	-9.68879
V113M_A	48	0.922077922078	-10.5619	-10.336	-27.018
S127E_A	53	0.896103896104	-10.5233	-10.3436	-24.5807
S122E_A	68	0.87012987013	-11.8395	-11.7135	-25.0789
T1077G_C	74	0.767123287671	-11.6661	-10.4098	-9.22546
A54R_A	85	0.844155844156	-11.7152	-11.6857	-23.7975
E63Y_A	98	0.824675324675	-11.5028	-11.4017	-25.1206
E101I_A	108	0.805194805195	-11.5054	-11.4141	-26.293
N98K_A	115	0.779220779221	-11.5476	-11.4627	-24.927
A1051W_C	129	0.684931506849	-11.5488	-10.367	-7.02693
L1026M_C	138	0.684931506849	-11.3926	-10.1879	-7.49279
E1075C_C	150	0.657534246575	-12.521	-11.1798	-8.76974
K71A_A	156	0.733766233766	-12.1933	-11.4827	-25.362
Y79R_A	165	0.720779220779	-11.4799	-11.5453	-24.5934
Q7C_A	172	0.707792207792	-11.4769	-11.5453	-24.0379
F115Q_A	198	0.707792207792	-11.4232	-11.5488	-24.2598
S1033T_C	213	0.561643835616	-11.7394	-9.48271	-6.37181
E1090L_C	220	0.547945205479	-10.7295	-8.38811	-6.36118
Q1059D_C	229	0.534246575342	-11.5073	-9.29683	-7.44683
C1075E_C	240	0.506849315068	-11.388	-9.18568	-9.62938
M44L_A	258	0.681818181818	-11.5856	-12.5908	-23.4695
I101T_A	269	0.668831168831	-11.4405	-12.5929	-23.9017
K30P_A	279	0.655844155844	-11.2744	-12.2412	-26.7407
P1044W_C	289	0.479452054795	-11.517	-9.23289	-5.84552
C115N_A	299	0.636363636364	-11.5088	-12.1904	-24.8967
T11F_A	308	0.62987012987	-11.5046	-11.9987	-25.6334
T128D_A	315	0.623376623377	-11.5366	-11.9849	-26.7381
E99K_A	329	0.597402597403	-11.5226	-12.022	-24.7604
C38N_A	339	0.577922077922	-11.4565	-12.1365	-23.3241
W52M_A	353	0.577922077922	-11.4829	-12.1006	-24.1676
M156G_A	365	0.551948051948	-11.6914	-12.3034	-23.493
D100W_A	378	0.538961038961	-12.2281	-11.7529	-23.5424
W1041Y_C	389	0.452054794521	-12.1585	-8.95546	-8.49094
T93C_A	409	0.532467532468	-12.5551	-12.0437	-23.9479
G1029C_C	423	0.438356164384	-11.0756	-7.78871	-7.23996
W57N_A	433	0.512987012987	-10.6598	-12.1044	-25.3429
E91T_A	447	0.519480519481	-10.7199	-12.1394	-24.6742
E1032I_C	467	0.438356164384	-10.8101	-7.76605	-6.87827
P78S_A	475	0.512987012987	-10.8101	-12.1023	-23.7428
K146V_A	486	0.506493506494	-10.7635	-12.1023	-24.9862
E95F_A	495	0.506493506494	-10.7721	-12.092	-24.9915
K1058R_C	500	0.424657534247	-10.5768	-7.54394	-6.60923
D1068F_C	507	0.41095890411	-10.7474	-5.34332	-7.56091
M124W_A	516	0.487012987013	-10.689	-11.922	-25.1662
Y155L_A	525	0.474025974026	-10.6507	-12.0372	-25.8919
A37D_A	537	0.474025974026	-10.684	-11.9673	-27.0656
A26G_A	543	0.461038961039	-10.8402	-11.7465	-28.5734
Y68G_A	549	0.454545454545	-10.8655	-11.7752	-24.5701
L108W_A	559	0.441558441558	-11.3814	-9.07121	-23.2643
S114E_A	572	0.441558441558	-11.3339	-8.93795	-24.0162
M52Y_A	583	0.428571428571	-11.366	-9.1864	-23.0865
K7V_A	596	0.422077922078	-11.373	-9.049	-23.3997
P128K_A	606	0.415584415584	-11.1533	-9.04899	-23.1155
R1094G_C	616	0.369863013699	-10.5709	-5.27065	-6.52977
W108M_A	627	0.428571428571	-10.5371	-8.84101	-24.2634
K3P_A	638	0.422077922078	-10.5488	-8.99359	-24.0977
Y1034D_C	657	0.369863013699	-10.447	-5.11302	-7.1275
L111R_A	664	0.409090909091	-10.5638	-8.85756	-24.16
V7N_A	677	0.415584415584	-10.5633	-8.80496	-24.2375
F139T_A	686	0.415584415584	-10.5746	-8.80489	-27.1949
T1033S_C	692	0.383561643836	-10.5273	-5.16091	-5.83083
F1061E_C	701	0.383561643836	-10.4983	-5.16138	-5.63027
F132L_A	719	0.38961038961	-10.498	-8.41191	-23.8855
M147Y_A	735	0.383116883117	-10.5074	-8.41889	-24.6206
Y113V_A	742	0.38961038961	-10.711	-8.36756	-24.5527
K15H_A	749	0.383116883117	-10.945	-8.3174	-24.4268
E1079N_C	771	0.383561643836	-11.1212	-4.69279	-6.49355
G1076I_C	779	0.383561643836	-11.1765	-4.66246	-7.36383
T145H_A	789	0.383116883117	-11.3398	-8.33437	-26.5307
V148I_A	795	0.37012987013	-11.304	-9.01571	-26.4395
S1033K_C	807	0.369863013699	-10.9865	-4.76698	-9.88193
A3S_A	814	0.363636363636	-10.976	-6.50622	-23.8759
L155F_A	829	0.363636363636	-10.9123	-6.47762	-26.2616
Y61A_A	838	0.363636363636	-10.7656	-6.46009	-23.5149
D19N_A	851	0.357142857143	-11.0317	-7.04304	-23.8567
H15W_A	863	0.357142857143	-11.0112	-7.25861	-25.0189
N146A_A	869	0.363636363636	-11.0191	-7.28776	-24.1039
F1065M_C	878	0.328767123288	-11.0015	-4.85074	-7.0279
H7L_A	897	0.357142857143	-10.9975	-5.82169	-25.5916
Y6N_A	912	0.350649350649	-10.9982	-5.80537	-24.5068
Q1095G_C	921	0.315068493151	-11.0138	-4.81256	-6.76551
W15E_A	931	0.344155844156	-10.7571	-5.57829	-25.1693
V75M_A	941	0.337662337662	-10.747	-5.46514	-24.9868
G56A_A	954	0.331168831169	-10.7778	-5.55273	-24.7605
S1071L_C	963	0.315068493151	-10.7586	-5.29372	-8.62977
K128P_A	976	0.324675324675	-10.7264	-5.39741	-25.3971
W108F_A	982	0.311688311688	-10.695	-5.51153	-27.3499
N19C_A	988	0.311688311688	-11.5173	-5.15237	-27.9856
V1053I_C	996	0.315068493151	-11.4673	-5.3342	-6.36176
