name	count	identity	evolved_interaction	ancestral_interaction	stability
N98D_A	1	0.993506493506	-10.4946	-10.5224	-26.4314
A26V_A	9	0.967532467532	-10.434	-10.4666	-26.2016
I1039L_C	19	0.972602739726	-10.3845	-10.3187	-10.086
H1023D_C	37	0.904109589041	-10.451	-10.483	-9.01662
Q1095Y_C	49	0.849315068493	-10.5331	-10.6687	-7.6524
F1043V_C	56	0.821917808219	-10.581	-10.7062	-7.94995
K71T_A	61	0.909090909091	-10.5559	-10.3387	-23.9954
N1086R_C	73	0.780821917808	-10.5311	-10.7054	-10.6267
K15R_A	83	0.883116883117	-10.5821	-10.4084	-25.7743
K74N_A	88	0.850649350649	-10.5	-10.3754	-24.8768
A79R_A	105	0.831168831169	-10.5033	-10.3811	-24.3596
T71E_A	120	0.824675324675	-10.6693	-10.6019	-23.9317
S70V_A	132	0.798701298701	-10.6723	-10.5562	-24.3465
N65K_A	143	0.779220779221	-10.6799	-10.5752	-24.9921
E1034K_C	167	0.712328767123	-10.8227	-10.7434	-6.22803
D98N_A	174	0.746753246753	-10.9772	-10.5639	-25.1064
W1093H_C	183	0.712328767123	-11.1013	-10.8339	-6.12977
C1054F_C	192	0.712328767123	-11.1049	-10.8251	-6.57128
I1088M_C	214	0.684931506849	-11.1101	-11.047	-6.65141
E1090K_C	225	0.657534246575	-10.6345	-8.81509	-6.34047
V19E_A	242	0.668831168831	-10.7681	-10.7475	-24.7189
Y1095K_C	257	0.657534246575	-11.0925	-9.09506	-6.17563
E1073G_C	266	0.630136986301	-10.7073	-9.01486	-6.00653
E42K_A	277	0.642857142857	-10.7441	-10.6832	-24.4673
Y25R_A	283	0.62987012987	-11.3806	-11.0914	-23.9763
Y87F_A	290	0.616883116883	-11.109	-11.2784	-25.1322
Y82W_A	299	0.597402597403	-11.1394	-10.8089	-26.403
K42R_A	311	0.577922077922	-12.0408	-11.9351	-24.2907
H57I_A	317	0.571428571429	-12.439	-11.6148	-23.6813
Y1055I_C	331	0.575342465753	-11.6402	-8.91427	-6.72385
L109M_A	346	0.551948051948	-11.6037	-11.6364	-24.4655
N111W_A	358	0.538961038961	-11.1318	-11.6201	-24.8072
E70N_A	363	0.538961038961	-11.0283	-11.8789	-24.5239
G34S_A	370	0.525974025974	-11.0809	-11.8584	-24.0931
A1051Y_C	378	0.520547945205	-11.0839	-8.61669	-7.02714
E131W_A	388	0.512987012987	-11.087	-12.2375	-25.2128
L102M_A	398	0.512987012987	-11.0872	-10.9089	-26.9594
R1058F_C	408	0.520547945205	-11.0529	-8.58035	-5.97939
R42N_A	423	0.5	-10.8121	-9.63348	-24.9826
I101L_A	434	0.493506493506	-10.8117	-9.68655	-24.2865
D1032M_C	446	0.520547945205	-10.9938	-9.65011	-7.04743
I149Y_A	459	0.474025974026	-11.0002	-10.7605	-24.048
T16V_A	474	0.480519480519	-10.9761	-11.3868	-23.2717
S34R_A	481	0.474025974026	-11.131	-11.8857	-21.5406
W1033T_C	495	0.479452054795	-11.2091	-9.5837	-7.81007
Y1075D_C	504	0.493150684932	-11.1941	-9.58734	-6.07971
V148Q_A	513	0.448051948052	-11.4763	-11.9756	-22.0588
L146G_A	519	0.435064935065	-10.5954	-9.59262	-23.6817
R76M_A	535	0.422077922078	-10.5331	-9.08264	-24.9289
K142W_A	540	0.422077922078	-10.5825	-11.1206	-22.5253
G1095F_C	552	0.438356164384	-10.8797	-8.71181	-6.60366
G1045L_C	558	0.424657534247	-10.833	-8.54076	-12.398
G145M_A	571	0.409090909091	-10.778	-9.0485	-27.2329
S133T_A	584	0.396103896104	-10.5973	-10.7543	-22.7779
Y68F_A	597	0.38961038961	-10.5969	-10.8214	-24.1215
N70W_A	607	0.383116883117	-10.7938	-11.0103	-25.9299
G55E_A	613	0.37012987013	-11.1021	-9.31534	-25.001
R1073P_C	630	0.41095890411	-11.1458	-8.53352	-6.94414
M1032D_C	638	0.424657534247	-11.3345	-6.90129	-6.9786
W66M_A	645	0.357142857143	-11.3434	-9.6619	-24.6743
S127E_A	652	0.350649350649	-11.0476	-9.09592	-25.3235
A108D_A	657	0.350649350649	-11.3208	-10.0798	-28.9062
K1034H_C	669	0.41095890411	-10.973	-6.45867	-7.93183
I1035K_C	676	0.383561643836	-10.9347	-6.41253	-6.34413
Q150H_A	689	0.344155844156	-11.219	-11.0382	-25.9259
W1041V_C	699	0.383561643836	-10.8907	-5.99701	-7.00671
W10I_A	717	0.331168831169	-10.4926	-10.3163	-23.2819
K138V_A	733	0.331168831169	-10.4529	-10.3278	-23.8166
C151Y_A	740	0.331168831169	-10.4709	-10.3514	-26.2665
I6A_A	756	0.324675324675	-10.4732	-10.2681	-25.794
M66Q_A	764	0.324675324675	-10.3206	-9.68286	-23.4887
H1093Q_C	779	0.383561643836	-10.32	-6.82996	-7.06526
R1064I_C	795	0.356164383562	-10.42	-6.59166	-7.41568
G1059V_C	807	0.356164383562	-10.464	-5.5151	-7.34163
H102N_A	825	0.324675324675	-10.7456	-9.99789	-24.8782
V1059C_C	843	0.356164383562	-10.7464	-5.72357	-6.75884
K74Q_A	858	0.311688311688	-10.723	-10.0278	-23.5307
Y153V_A	872	0.311688311688	-10.7237	-9.15936	-24.385
M1060F_C	890	0.328767123288	-10.7369	-5.8902	-8.72319
S63Q_A	903	0.305194805195	-10.7085	-9.3746	-25.3406
F1052Y_C	915	0.328767123288	-10.7374	-5.96019	-8.40874
D118H_A	923	0.292207792208	-10.4445	-8.92108	-23.9804
C1053A_C	942	0.328767123288	-10.5312	-6.09018	-10.1614
L1081Y_C	949	0.315068493151	-10.5315	-6.09014	-9.82056
L100Q_A	957	0.292207792208	-10.5196	-8.87008	-25.0903
N82G_A	967	0.292207792208	-10.5978	-8.84693	-23.8311
Q1040P_C	984	0.287671232877	-10.479	-6.23749	-7.84945
Q127F_A	1000	0.292207792208	-10.4808	-8.91062	-26.3715
