name	count	identity	interface_identity	non_interface_identity	evolved_interaction	ancestral_interaction	stability
L6N_A	1	0.993506493506	1.0	0.992592592593	-10.4917	-10.5246	-25.1553
L1081F_C	6	0.958904109589	1.0	0.941176470588	-10.4894	-10.3355	-7.72393
N1086C_C	13	0.931506849315	0.954545454545	0.921568627451	-10.9403	-10.5545	-8.41252
Y155F_A	22	0.941558441558	0.947368421053	0.940740740741	-11.0426	-10.642	-25.0561
T1042H_C	30	0.876712328767	0.954545454545	0.843137254902	-10.8864	-10.7828	-7.55398
N66H_A	40	0.902597402597	0.947368421053	0.896296296296	-10.8805	-10.6474	-26.1119
R138M_A	46	0.876623376623	0.947368421053	0.866666666667	-10.9206	-10.7027	-26.6081
C93A_A	54	0.857142857143	0.947368421053	0.844444444444	-10.5072	-10.7082	-25.0583
Q111A_A	63	0.837662337662	0.947368421053	0.822222222222	-10.7052	-10.7075	-27.514
H1042V_C	72	0.821917808219	0.909090909091	0.78431372549	-10.6971	-10.3595	-6.75017
Q1076N_C	80	0.794520547945	0.909090909091	0.745098039216	-10.698	-10.3607	-6.88407
C1086W_C	88	0.794520547945	0.909090909091	0.745098039216	-10.8902	-10.7304	-7.00755
E143V_A	97	0.766233766234	0.947368421053	0.740740740741	-10.9653	-10.6772	-26.9203
R135A_A	107	0.74025974026	0.947368421053	0.711111111111	-10.9261	-10.6857	-24.298
K76L_A	121	0.720779220779	0.842105263158	0.703703703704	-12.087	-12.0144	-24.792
E1094K_C	130	0.72602739726	0.913043478261	0.64	-12.029	-10.7253	-8.70271
K110P_A	136	0.701298701299	0.842105263158	0.681481481481	-11.4595	-12.1361	-25.3307
N1076L_C	144	0.684931506849	0.913043478261	0.58	-11.4241	-9.97103	-7.81179
C1062M_C	149	0.671232876712	0.913043478261	0.56	-11.7307	-10.1251	-7.65457
D1080K_C	154	0.657534246575	0.913043478261	0.54	-11.6006	-10.0365	-7.72415
T108D_A	161	0.675324675325	0.842105263158	0.651851851852	-11.5092	-12.2662	-28.0162
F22L_A	170	0.649350649351	0.764705882353	0.63503649635	-10.5605	-11.1183	-24.2367
F77Y_A	179	0.642857142857	0.764705882353	0.627737226277	-10.6048	-11.0997	-25.6806
S1029M_C	187	0.616438356164	0.869565217391	0.5	-11.3811	-10.7957	-8.9465
A1053C_C	196	0.58904109589	0.826086956522	0.48	-11.5041	-10.8878	-8.43117
K40E_A	201	0.62987012987	0.789473684211	0.607407407407	-11.2725	-11.105	-24.0013
S136W_A	213	0.61038961039	0.789473684211	0.585185185185	-11.285	-11.0785	-24.4131
A43M_A	219	0.603896103896	0.736842105263	0.585185185185	-11.2252	-11.0694	-28.0706
M71K_A	225	0.61038961039	0.736842105263	0.592592592593	-10.9329	-11.0952	-27.3162
P35E_A	231	0.603896103896	0.736842105263	0.585185185185	-10.8361	-10.9179	-24.7196
I150Q_A	244	0.603896103896	0.736842105263	0.585185185185	-10.8557	-10.8906	-24.0577
Q1080W_C	258	0.58904109589	0.826086956522	0.48	-10.8387	-10.3071	-6.66515
P108G_A	271	0.590909090909	0.736842105263	0.57037037037	-10.8393	-10.9021	-25.4574
M138A_A	281	0.584415584416	0.736842105263	0.562962962963	-10.8394	-10.9046	-24.8838
P78K_A	291	0.577922077922	0.736842105263	0.555555555556	-10.8199	-10.872	-25.1519
D118W_A	302	0.558441558442	0.736842105263	0.533333333333	-10.8197	-10.8791	-26.7694
N131Y_A	311	0.545454545455	0.736842105263	0.518518518519	-10.9781	-10.2988	-26.5938
H32F_A	327	0.525974025974	0.736842105263	0.496296296296	-11.0831	-10.3733	-24.7838
K71Y_A	339	0.512987012987	0.736842105263	0.481481481481	-11.0435	-10.4424	-25.7746
I92L_A	348	0.506493506494	0.736842105263	0.474074074074	-11.0266	-10.4291	-24.6319
N4A_A	362	0.487012987013	0.684210526316	0.459259259259	-10.8529	-10.2479	-24.6671
Q1060M_C	374	0.547945205479	0.782608695652	0.44	-10.8548	-10.3674	-6.91364
W3C_A	385	0.487012987013	0.684210526316	0.459259259259	-10.8553	-10.249	-24.9275
K1064V_C	394	0.520547945205	0.739130434783	0.42	-10.5799	-9.25946	-6.64219
K48P_A	401	0.480519480519	0.647058823529	0.459854014599	-10.591	-10.0043	-27.5244
S1038D_C	413	0.547945205479	0.739130434783	0.46	-10.5464	-9.29059	-7.59981
C3G_A	419	0.467532467532	0.647058823529	0.445255474453	-10.7601	-9.93765	-24.4565
K146S_A	431	0.454545454545	0.647058823529	0.430656934307	-10.7605	-9.93019	-24.3218
R1094D_C	444	0.534246575342	0.739130434783	0.44	-10.9259	-9.61114	-6.78007
W88N_A	457	0.454545454545	0.684210526316	0.422222222222	-10.9308	-9.94492	-24.3654
Y71A_A	478	0.448051948052	0.684210526316	0.414814814815	-10.9334	-10.0121	-24.9008
F155V_A	490	0.454545454545	0.684210526316	0.422222222222	-11.0002	-10.0803	-25.0356
S127M_A	500	0.448051948052	0.666666666667	0.419117647059	-10.9886	-10.0798	-26.9675
R70D_A	509	0.435064935065	0.647058823529	0.408759124088	-11.0651	-10.092	-25.1313
M50S_A	519	0.441558441558	0.647058823529	0.416058394161	-11.0871	-10.1068	-25.418
N89A_A	525	0.435064935065	0.647058823529	0.408759124088	-11.0857	-10.1062	-24.9081
K1041Y_C	541	0.506849315068	0.695652173913	0.42	-11.0279	-9.70121	-9.32596
H1043W_C	551	0.493150684932	0.695652173913	0.4	-11.1287	-9.70504	-7.84169
H70I_A	576	0.422077922078	0.647058823529	0.394160583942	-11.1293	-10.3578	-24.3244
V74G_A	596	0.422077922078	0.647058823529	0.394160583942	-11.1308	-10.3715	-24.0311
R30K_A	609	0.428571428571	0.647058823529	0.401459854015	-11.253	-10.231	-24.1063
Q154T_A	623	0.422077922078	0.647058823529	0.394160583942	-11.0653	-10.2106	-24.1916
D1030C_C	636	0.465753424658	0.652173913043	0.38	-10.9619	-9.33279	-6.2734
P1051M_C	650	0.452054794521	0.652173913043	0.36	-10.9507	-9.39642	-8.85511
E1090H_C	662	0.424657534247	0.565217391304	0.36	-10.5625	-6.9812	-8.72227
A89T_A	671	0.402597402597	0.647058823529	0.372262773723	-10.6858	-10.0547	-27.3895
T143Y_A	678	0.402597402597	0.647058823529	0.372262773723	-10.6933	-10.068	-25.953
Q95W_A	698	0.38961038961	0.647058823529	0.357664233577	-10.7125	-9.84175	-25.9559
H39G_A	708	0.383116883117	0.647058823529	0.350364963504	-10.7264	-10.2664	-23.9835
Q150A_A	721	0.376623376623	0.647058823529	0.343065693431	-10.7251	-10.2557	-24.1502
Y1050V_C	732	0.41095890411	0.565217391304	0.34	-10.6924	-5.45505	-6.55932
Y3K_A	743	0.376623376623	0.647058823529	0.343065693431	-10.6941	-10.2478	-24.1049
K31R_A	751	0.37012987013	0.647058823529	0.335766423358	-10.6747	-10.1953	-24.2238
H153V_A	766	0.37012987013	0.647058823529	0.335766423358	-10.7009	-10.189	-24.0667
C52L_A	782	0.37012987013	0.647058823529	0.335766423358	-10.6628	-9.9753	-24.2917
L137H_A	793	0.37012987013	0.666666666667	0.330882352941	-10.7441	-10.0081	-24.4758
C42I_A	798	0.363636363636	0.611111111111	0.330882352941	-10.9703	-9.6665	-26.8534
T1082D_C	805	0.424657534247	0.608695652174	0.34	-11.3448	-5.77505	-6.95781
Y96F_A	816	0.363636363636	0.611111111111	0.330882352941	-11.0491	-9.43961	-24.1936
Y33E_A	824	0.357142857143	0.611111111111	0.323529411765	-11.0024	-9.36854	-25.6664
M66V_A	833	0.350649350649	0.611111111111	0.316176470588	-10.9969	-9.35548	-25.2327
M1049L_C	842	0.369863013699	0.565217391304	0.28	-10.9766	-6.17273	-6.72289
L111P_A	854	0.344155844156	0.611111111111	0.308823529412	-10.9717	-9.4261	-24.1379
L1063R_C	866	0.342465753425	0.521739130435	0.26	-11.4031	-6.56027	-6.30562
D1073A_C	875	0.342465753425	0.521739130435	0.26	-11.491	-6.62782	-6.11926
E1059W_C	885	0.328767123288	0.521739130435	0.24	-11.5958	-6.61834	-6.23072
Q1079T_C	900	0.328767123288	0.521739130435	0.24	-11.6005	-6.62154	-7.00326
T1041C_C	910	0.342465753425	0.521739130435	0.26	-11.976	-6.524	-6.17645
R18E_A	920	0.337662337662	0.5625	0.311594202899	-10.7139	-8.83729	-24.5721
Q151I_A	928	0.331168831169	0.5625	0.304347826087	-10.7384	-9.07367	-24.3688
Q42I_A	938	0.331168831169	0.5625	0.304347826087	-10.6962	-9.03374	-25.7532
M1080W_C	945	0.342465753425	0.521739130435	0.26	-10.6957	-6.85531	-7.59115
N99L_A	956	0.324675324675	0.5	0.304347826087	-10.7953	-9.16709	-24.0608
D14N_A	965	0.318181818182	0.5	0.297101449275	-10.9912	-10.0601	-23.7378
A11W_A	981	0.318181818182	0.5	0.297101449275	-10.9328	-9.54653	-24.7224
M7Q_A	988	0.318181818182	0.5	0.297101449275	-10.808	-9.91772	-23.4074
