name	count	identity	evolved_interaction	ancestral_interaction	stability
L94M_A	1	0.993506493506	-10.4946	-10.5197	-27.3589
A152Q_A	8	0.967532467532	-10.5707	-10.5014	-26.0587
M36W_A	19	0.948051948052	-10.938	-10.8628	-26.6766
W100R_A	25	0.935064935065	-10.9535	-10.88	-27.149
I119T_A	31	0.915584415584	-12.2666	-12.2168	-24.127
H1023V_C	38	0.890410958904	-11.6353	-9.58021	-7.36898
G115R_A	53	0.876623376623	-11.147	-11.9716	-25.0052
S3W_A	61	0.857142857143	-11.8382	-12.6153	-24.233
Q1076E_C	70	0.821917808219	-11.8756	-9.73824	-6.79571
E1034I_C	77	0.780821917808	-11.6054	-9.35122	-6.04008
S70G_A	339	0.818181818182	-10.8584	-11.7717	-24.6148
K1054V_C	355	0.767123287671	-10.9041	-9.3537	-6.21878
L114T_A	365	0.798701298701	-10.8154	-11.4989	-24.3891
Q111R_A	379	0.785714285714	-10.8441	-11.6768	-24.0594
N1035S_C	402	0.780821917808	-10.7752	-9.70168	-6.43115
Q151S_A	417	0.746753246753	-10.7868	-11.6476	-24.9456
Q152S_A	425	0.733766233766	-10.762	-11.6552	-26.2374
Y98S_A	434	0.720779220779	-10.868	-11.7905	-24.2562
R1035K_C	440	0.753424657534	-10.9117	-9.67527	-7.05308
R111L_A	447	0.701298701299	-10.9642	-11.6755	-25.198
V86M_A	458	0.688311688312	-10.9735	-11.6721	-24.7402
K74R_A	470	0.655844155844	-10.6013	-11.2491	-23.9451
L1063Y_C	493	0.712328767123	-10.6461	-9.80183	-7.55665
A154E_A	510	0.642857142857	-10.6547	-11.3433	-25.6763
C1082Y_C	518	0.698630136986	-11.0786	-8.55914	-8.76411
D145M_A	528	0.623376623377	-12.1906	-10.7535	-27.7798
Q130L_A	534	0.603896103896	-10.8058	-10.514	-27.7997
T114L_A	544	0.590909090909	-11.6577	-10.1199	-27.6573
S1028K_C	556	0.657534246575	-11.6223	-9.29781	-6.85888
L32F_A	564	0.577922077922	-11.6299	-10.4537	-28.1427
D37W_A	571	0.558441558442	-11.5934	-10.2495	-27.3067
V144S_A	581	0.545454545455	-11.6015	-9.48868	-25.9122
M1049L_C	590	0.602739726027	-13.467	-8.8003	-6.21266
V75G_A	595	0.538961038961	-13.4493	-9.81676	-28.2806
C33E_A	606	0.525974025974	-11.2586	-7.42339	-25.7294
S121E_A	628	0.519480519481	-11.2539	-7.3995	-26.2646
E67Y_A	635	0.512987012987	-11.2322	-7.23673	-26.9664
Y155L_A	644	0.5	-12.3299	-9.87105	-25.8982
E3A_A	655	0.487012987013	-12.3585	-9.65029	-24.0669
Q1095Y_C	661	0.561643835616	-11.9664	-9.44705	-7.09142
R142G_A	673	0.480519480519	-11.9785	-9.26691	-23.5908
E15G_A	686	0.474025974026	-12.1516	-8.64916	-23.6551
G142S_A	695	0.467532467532	-12.1636	-8.58054	-24.6732
T51N_A	704	0.454545454545	-13.6033	-8.49478	-23.663
R1036T_C	713	0.534246575342	-13.2476	-9.35984	-6.18328
I112V_A	723	0.448051948052	-13.1638	-5.31215	-26.2797
I71M_A	729	0.454545454545	-13.3585	-5.27419	-27.1105
N126D_A	738	0.435064935065	-13.4244	-5.31878	-25.1701
Q110H_A	743	0.422077922078	-13.4614	-5.51029	-25.8356
Y1095E_C	748	0.534246575342	-13.106	-8.88799	-7.23564
A11D_A	756	0.422077922078	-12.4582	-4.02338	-26.1648
S1042Q_C	770	0.520547945205	-11.4254	-8.50539	-7.82683
N51A_A	776	0.409090909091	-11.4041	-3.53715	-29.1038
S126A_A	782	0.396103896104	-11.5088	-3.7022	-25.8845
E1095C_C	797	0.520547945205	-12.5455	-9.70334	-5.87849
W125F_A	806	0.402597402597	-12.1105	-4.66582	-25.7588
C27W_A	815	0.402597402597	-14.1869	-6.6505	-26.5552
D11S_A	825	0.396103896104	-14.4295	-5.60302	-25.2288
I1038M_C	833	0.506849315068	-14.3003	-8.94097	-6.83119
C1073A_C	840	0.479452054795	-14.6622	-9.90825	-7.06091
I107F_A	855	0.402597402597	-13.8873	-5.4524	-25.574
T1050S_C	865	0.465753424658	-12.3435	-9.61929	-6.84111
L4D_A	875	0.38961038961	-12.4207	-3.85913	-24.5765
L1071Y_C	888	0.452054794521	-13.0813	-9.31479	-6.1476
N144D_A	905	0.38961038961	-13.1143	-6.39393	-25.3224
Q156M_A	915	0.38961038961	-13.0751	-6.43289	-27.2157
E1079W_C	924	0.438356164384	-11.5618	-9.19993	-6.47771
L31I_A	934	0.38961038961	-11.2863	-6.32445	-24.7405
W104R_A	950	0.38961038961	-11.291	-6.39986	-26.8839
K1092I_C	957	0.438356164384	-12.2091	-8.76801	-6.36582
S1036P_C	967	0.438356164384	-12.2492	-8.75362	-8.23499
D1080E_C	977	0.424657534247	-12.1558	-8.66756	-6.37024
V1023Q_C	985	0.41095890411	-12.3114	-8.9131	-5.66307
Q10Y_A	995	0.357142857143	-12.6193	-6.75459	-26.2732
