name	count	identity	evolved_interaction	ancestral_interaction	stability
G55W_A	1	0.993506493506	-10.4951	-10.5202	-22.6321
D37I_A	8	0.974025974026	-10.2495	-10.4803	-24.1471
Q154G_A	33	0.948051948052	-10.3877	-10.5005	-24.5471
E67P_A	53	0.928571428571	-10.5975	-10.4869	-25.804
N126Q_A	65	0.902597402597	-11.0702	-10.8129	-24.8449
N1025I_C	78	0.890410958904	-11.1464	-9.77419	-8.63993
T1071G_C	89	0.876712328767	-11.1759	-10.0611	-5.99704
E1034I_C	102	0.849315068493	-11.6925	-10.7292	-8.04319
W27F_A	107	0.863636363636	-11.3267	-10.1122	-24.8218
Y10L_A	119	0.844155844156	-11.5048	-10.1174	-23.8468
Q101Y_A	135	0.824675324675	-11.5109	-10.1424	-24.7447
S136F_A	147	0.811688311688	-11.8457	-11.5158	-24.7035
A1093W_C	158	0.753424657534	-11.5175	-8.68503	-7.1713
K146F_A	171	0.785714285714	-11.5764	-11.5772	-24.7599
V115Y_A	178	0.779220779221	-11.5541	-11.0731	-25.5681
A32D_A	187	0.766233766234	-11.4601	-11.0986	-26.0037
N66S_A	201	0.746753246753	-10.6112	-11.2535	-24.4146
Y155F_A	207	0.74025974026	-10.8147	-11.4097	-26.3732
K1041Q_C	223	0.602739726027	-11.0876	-7.55201	-7.5402
H1084A_C	228	0.616438356164	-10.9988	-7.16458	-6.75572
A26N_A	238	0.694805194805	-10.8139	-11.392	-24.3516
N25H_A	252	0.675324675325	-11.098	-12.489	-25.3766
I37Y_A	264	0.662337662338	-11.3018	-12.7158	-25.0323
A133M_A	276	0.649350649351	-11.5027	-12.8218	-25.5918
T1038W_C	282	0.575342465753	-11.5751	-7.71296	-6.45269
E99D_A	289	0.636363636364	-11.6818	-12.6141	-24.1862
P1034K_C	298	0.575342465753	-11.9876	-7.75361	-11.5156
N63L_A	320	0.616883116883	-11.8624	-12.6694	-26.6629
R1074L_C	327	0.561643835616	-11.8499	-7.30779	-9.30799
A1091C_C	341	0.534246575342	-11.811	-7.2804	-8.57621
Y130N_A	355	0.590909090909	-11.7566	-11.0655	-25.3296
H1082G_C	363	0.534246575342	-11.8562	-8.01914	-10.1202
M1065Y_C	373	0.534246575342	-11.8724	-8.02955	-11.0681
K18S_A	378	0.564935064935	-11.3215	-10.8743	-29.807
C1091S_C	386	0.506849315068	-10.5525	-9.02673	-7.7256
W66S_A	395	0.545454545455	-10.502	-9.83784	-24.2118
A113I_A	404	0.538961038961	-10.6018	-9.8342	-28.0485
S18A_A	411	0.532467532468	-11.6736	-10.0066	-28.4537
V124A_A	420	0.512987012987	-11.7189	-9.8336	-26.3843
Q1041L_C	429	0.452054794521	-11.7277	-10.7054	-7.55337
V30C_A	439	0.493506493506	-11.495	-9.90026	-24.412
R1070V_C	450	0.438356164384	-11.3393	-10.2265	-6.85333
V131N_A	461	0.487012987013	-11.3981	-10.046	-25.8696
M95A_A	472	0.487012987013	-10.8149	-9.75339	-25.0653
W52N_A	484	0.493506493506	-10.7115	-9.75443	-25.1181
H1030F_C	496	0.397260273973	-10.4468	-8.82567	-7.09341
N152Y_A	504	0.480519480519	-10.4353	-9.68121	-26.0611
L94I_A	514	0.474025974026	-10.4758	-9.7303	-26.1838
M141E_A	521	0.467532467532	-10.4658	-8.82464	-24.2198
K1079S_C	532	0.397260273973	-11.067	-8.83018	-9.10398
C1034A_C	556	0.397260273973	-10.9827	-8.96736	-8.84803
Y37F_A	567	0.448051948052	-10.9703	-11.0322	-23.7349
M1027F_C	588	0.397260273973	-10.7701	-8.77865	-6.80616
D102Q_A	603	0.441558441558	-11.126	-11.0076	-25.0928
T114L_A	618	0.448051948052	-11.3498	-10.9691	-25.0045
H1082F_C	626	0.356164383562	-11.3502	-9.15787	-7.44543
A1034R_C	632	0.356164383562	-11.6535	-9.25828	-8.42143
I112M_A	653	0.428571428571	-11.7186	-11.3495	-23.8123
C1033Y_C	663	0.356164383562	-11.7182	-9.84583	-9.64166
T26V_A	680	0.415584415584	-11.8793	-11.2366	-23.4384
M40W_A	687	0.422077922078	-11.8726	-11.0337	-25.8779
N52L_A	693	0.409090909091	-11.787	-11.0461	-25.6006
L138Y_A	704	0.402597402597	-10.411	-10.9152	-24.9336
Y138K_A	736	0.402597402597	-10.5433	-10.9164	-26.5277
R95L_A	743	0.396103896104	-10.5057	-12.0443	-26.2089
F67D_A	752	0.38961038961	-10.5135	-10.9151	-24.2936
P79L_A	765	0.38961038961	-10.4919	-11.5372	-26.0249
V118Y_A	779	0.38961038961	-10.4636	-11.3263	-26.0362
F137K_A	790	0.396103896104	-10.4933	-11.2639	-25.217
V146K_A	809	0.396103896104	-10.9022	-11.8913	-24.716
Y64M_A	819	0.376623376623	-11.0856	-12.0571	-25.6174
V89P_A	827	0.376623376623	-11.0008	-12.0532	-27.9841
Q30Y_A	833	0.363636363636	-11.0641	-12.272	-23.9194
D19K_A	847	0.357142857143	-10.6331	-11.9226	-24.1768
F1051R_C	858	0.328767123288	-10.586	-6.91727	-7.52735
D1085P_C	866	0.315068493151	-10.6551	-6.61858	-10.2816
A1053I_C	875	0.301369863014	-10.6058	-6.62244	-10.2316
M1049L_C	881	0.27397260274	-10.7252	-6.74784	-6.39653
G1075N_C	895	0.27397260274	-10.7778	-6.71487	-7.56434
T79E_A	911	0.344155844156	-11.2471	-11.6995	-25.3061
E12M_A	920	0.331168831169	-11.6023	-11.7256	-25.0089
R1051T_C	926	0.260273972603	-11.2545	-8.1139	-12.1823
H14M_A	946	0.324675324675	-10.8127	-11.3409	-25.1347
R98D_A	956	0.324675324675	-10.8968	-11.7062	-24.6108
N1075I_C	968	0.246575342466	-10.7767	-7.4795	-7.35328
Q1056G_C	982	0.232876712329	-10.9058	-7.56264	-6.27056
L114M_A	996	0.324675324675	-10.9599	-11.6177	-26.2029
