name	count	identity	evolved_interaction	ancestral_interaction	stability
E131L_A	1	0.993506493506	-10.4946	-10.5196	-25.2305
S3E_A	17	0.974025974026	-10.5259	-10.5058	-26.5525
S1062C_C	25	0.931506849315	-10.5017	-10.4885	-6.8622
E1059H_C	30	0.904109589041	-10.5518	-10.5193	-6.35366
K76F_A	41	0.915584415584	-10.4622	-10.4683	-24.2387
S89H_A	61	0.883116883117	-10.4691	-10.4622	-27.0031
N99W_A	69	0.87012987013	-10.7225	-10.451	-27.8832
L4H_A	76	0.850649350649	-10.6375	-10.344	-23.2875
S138F_A	88	0.818181818182	-10.4992	-10.2606	-25.6964
L109H_A	94	0.798701298701	-10.5095	-10.2563	-25.0465
A106K_A	104	0.779220779221	-10.4069	-10.243	-25.7945
L1063C_C	113	0.849315068493	-10.4412	-10.7841	-6.20473
F76K_A	123	0.75974025974	-11.0447	-10.2297	-25.7498
F1036Y_C	138	0.835616438356	-11.5644	-11.4864	-7.56612
Q1095V_C	151	0.794520547945	-10.8407	-10.6622	-6.04725
Q52T_A	159	0.74025974026	-11.0466	-10.4775	-26.8053
E49M_A	165	0.733766233766	-11.198	-10.5854	-28.5379
W134F_A	172	0.714285714286	-11.1164	-10.617	-28.7255
K115N_A	181	0.707792207792	-11.3832	-10.617	-24.5994
N149G_A	193	0.707792207792	-11.3695	-10.6089	-24.9098
Q1043Y_C	209	0.72602739726	-11.4117	-10.7372	-6.86389
A129L_A	219	0.688311688312	-11.7651	-10.7154	-25.7197
C126D_A	230	0.668831168831	-11.7577	-10.6471	-24.8851
N108F_A	243	0.662337662338	-12.0411	-10.7199	-27.1489
N1077S_C	253	0.671232876712	-12.0346	-10.6799	-6.32761
K124V_A	263	0.642857142857	-12.035	-10.4906	-28.2471
E42Q_A	275	0.623376623377	-12.0523	-10.6104	-24.5344
K27Y_A	283	0.61038961039	-11.7716	-10.2736	-25.2426
Q39E_A	300	0.597402597403	-11.2962	-10.2019	-26.0004
T51F_A	305	0.597402597403	-11.2313	-10.1973	-28.2529
A142S_A	311	0.577922077922	-11.2461	-10.1973	-27.2762
E1050Q_C	320	0.602739726027	-11.5538	-10.9504	-6.23038
A37R_A	325	0.558441558442	-11.7523	-10.3278	-26.255
L52T_A	334	0.558441558442	-11.7886	-10.3269	-24.6737
E154Y_A	346	0.558441558442	-11.6482	-10.4462	-25.2807
W136Y_A	364	0.558441558442	-11.7068	-10.2502	-25.3741
S1033K_C	385	0.547945205479	-11.6182	-10.9231	-6.50432
G44M_A	393	0.545454545455	-12.0486	-12.2008	-28.5516
K67D_A	402	0.532467532468	-11.682	-11.3989	-27.4793
R3I_A	416	0.519480519481	-11.6003	-11.4492	-25.0747
C5P_A	428	0.519480519481	-12.5235	-9.79847	-26.1411
E143Y_A	442	0.506493506494	-12.5403	-9.7804	-24.9456
Q1050Y_C	455	0.547945205479	-12.5593	-10.8958	-6.98813
F22C_A	468	0.5	-10.9909	-8.05723	-25.5982
Q132R_A	483	0.506493506494	-11.322	-8.2497	-24.3224
P5C_A	490	0.512987012987	-13.4775	-9.88084	-24.6594
F139V_A	495	0.506493506494	-13.4744	-10.1478	-26.2575
M99I_A	503	0.506493506494	-13.5713	-10.332	-26.2516
K121A_A	513	0.5	-13.5385	-10.2766	-23.9561
H1042F_C	537	0.479452054795	-13.1566	-10.3492	-11.1335
D54G_A	547	0.5	-13.091	-10.444	-24.403
Y1052F_C	559	0.452054794521	-12.9321	-10.4254	-10.864
M1056N_C	566	0.438356164384	-13.3216	-10.4347	-9.78001
Y1036L_C	573	0.438356164384	-12.98	-10.471	-7.86189
E1084K_C	586	0.41095890411	-10.819	-8.43638	-8.49898
M1044G_C	601	0.41095890411	-10.8358	-8.42131	-8.22521
F1042Q_C	607	0.41095890411	-10.8347	-8.41527	-7.25459
S1055V_C	617	0.41095890411	-10.7946	-8.41093	-6.80337
Q95E_A	627	0.467532467532	-10.6196	-10.6509	-25.7127
K15N_A	639	0.448051948052	-10.4521	-10.3012	-25.8543
C33L_A	648	0.441558441558	-10.4301	-10.3084	-27.0357
G54E_A	654	0.441558441558	-10.5284	-10.3761	-25.463
L33A_A	660	0.441558441558	-10.5266	-10.3736	-24.5465
K141C_A	670	0.435064935065	-10.5376	-10.402	-24.7703
Y1074T_C	678	0.397260273973	-10.7253	-8.25726	-9.13204
I1040Y_C	686	0.397260273973	-10.837	-8.49811	-7.43707
H144S_A	693	0.435064935065	-10.8426	-10.3936	-27.1221
A1056E_C	701	0.397260273973	-10.8147	-8.15705	-7.44095
T113C_A	708	0.435064935065	-10.5483	-10.421	-25.6887
G152A_A	722	0.441558441558	-10.7833	-10.266	-25.7709
K74W_A	728	0.435064935065	-10.7769	-11.4001	-25.0025
A149E_A	736	0.428571428571	-10.7765	-11.5164	-27.0892
R118N_A	747	0.428571428571	-11.0548	-11.4118	-24.8586
Y27M_A	755	0.428571428571	-11.0956	-11.2213	-23.8031
D40M_A	765	0.428571428571	-10.9212	-11.0989	-26.214
R132K_A	773	0.415584415584	-10.5166	-10.5043	-25.0282
T1074S_C	786	0.383561643836	-10.5185	-8.58252	-6.70514
S1033C_C	802	0.369863013699	-10.5074	-8.44802	-7.24254
L1046K_C	825	0.369863013699	-10.5332	-8.44796	-6.7702
V1073H_C	835	0.369863013699	-10.5304	-8.45601	-7.32877
Q113I_A	849	0.409090909091	-10.594	-10.6396	-26.6961
E149L_A	854	0.402597402597	-10.6239	-10.6452	-24.7239
T124A_A	870	0.402597402597	-10.7707	-10.6447	-24.2534
M1030Q_C	877	0.356164383562	-10.8798	-8.75484	-7.94219
H1025Q_C	896	0.356164383562	-10.6768	-8.58055	-8.12937
C70S_A	913	0.402597402597	-10.787	-10.6604	-25.0231
S1094H_C	923	0.342465753425	-10.7674	-8.69647	-8.2452
D52L_A	940	0.396103896104	-10.6947	-11.1735	-25.8711
G118I_A	953	0.396103896104	-10.694	-11.2202	-26.8863
N1070Q_C	963	0.342465753425	-10.6262	-8.45009	-7.54833
Q1042K_C	973	0.342465753425	-10.6045	-8.29395	-8.39413
E54F_A	982	0.38961038961	-10.7746	-11.4763	-25.5768
I1079R_C	993	0.356164383562	-10.5474	-8.15208	-10.7541
