name	count	identity	evolved_interaction	ancestral_interaction	stability
L1026N_C	1	0.986301369863	-10.4671	-10.4931	-4.98296
Q39S_A	16	0.974025974026	-10.4792	-10.4969	-24.9741
S95G_A	36	0.954545454545	-10.3424	-10.513	-23.7256
E143H_A	54	0.935064935065	-10.4174	-10.6269	-24.6019
M36P_A	65	0.909090909091	-10.4259	-10.656	-24.3456
N66F_A	81	0.88961038961	-10.6598	-10.9466	-25.4014
R1071W_C	89	0.849315068493	-10.6013	-10.3463	-7.85102
S35A_A	103	0.863636363636	-10.6065	-10.9411	-25.6696
H143E_A	110	0.850649350649	-10.5822	-10.9055	-25.8954
D1050R_C	130	0.794520547945	-10.8461	-10.5245	-8.58015
Q151Y_A	145	0.824675324675	-10.8991	-10.9187	-24.5705
A35S_A	157	0.818181818182	-10.8947	-10.8907	-26.3165
T146N_A	165	0.805194805195	-10.8004	-10.5519	-28.9983
F1036W_C	175	0.739726027397	-10.8418	-10.595	-6.01419
S3P_A	188	0.779220779221	-10.6207	-10.4609	-25.9687
K1058L_C	195	0.684931506849	-10.403	-10.2241	-7.26429
V53F_A	210	0.766233766234	-10.3335	-10.4562	-27.6483
D100N_A	217	0.746753246753	-10.9876	-10.4551	-24.7683
A1091L_C	227	0.657534246575	-11.042	-9.76405	-8.2652
V1054H_C	236	0.657534246575	-11.0131	-9.79881	-7.63376
S122C_A	243	0.727272727273	-10.8885	-10.2987	-25.4212
K136E_A	250	0.720779220779	-10.8769	-10.3314	-24.4136
N140D_A	266	0.714285714286	-10.7841	-10.1543	-25.1147
V62L_A	273	0.688311688312	-10.768	-10.1287	-26.2945
F53W_A	288	0.681818181818	-10.5414	-9.88524	-24.5069
K1041P_C	302	0.616438356164	-10.9037	-10.0823	-7.44898
S35T_A	310	0.668831168831	-10.8879	-10.0312	-26.1135
K154D_A	321	0.655844155844	-10.7451	-9.92582	-25.7559
F24M_A	331	0.649350649351	-11.1493	-9.77608	-25.3614
D98H_A	344	0.636363636364	-11.159	-9.80975	-25.078
W53L_A	351	0.623376623377	-11.1927	-9.89963	-24.5958
D1085M_C	363	0.561643835616	-10.9864	-9.97192	-5.8013
E145N_A	369	0.616883116883	-11.5509	-10.3063	-26.6333
Y68F_A	378	0.603896103896	-11.3419	-10.3391	-25.2478
P1071T_C	389	0.520547945205	-10.9785	-9.76892	-5.93873
S138D_A	395	0.584415584416	-10.9937	-10.518	-24.7375
N100M_A	409	0.564935064935	-11.1552	-10.6444	-26.17
N145A_A	417	0.564935064935	-11.308	-10.7057	-24.6575
N1086W_C	432	0.506849315068	-10.7723	-10.0762	-5.76473
D146C_A	442	0.558441558442	-11.0543	-10.6712	-24.5473
I34L_A	448	0.558441558442	-11.1365	-10.705	-25.8745
H1066D_C	459	0.493150684932	-10.8982	-10.4246	-6.60774
A133P_A	472	0.538961038961	-10.8151	-10.3103	-25.2377
D127W_A	480	0.538961038961	-11.1802	-10.3666	-26.4003
W129A_A	487	0.532467532468	-10.5507	-10.031	-26.4619
S89C_A	496	0.519480519481	-10.5329	-10.0487	-24.88
I1080S_C	503	0.438356164384	-10.5929	-10.765	-10.6293
E128I_A	512	0.519480519481	-10.5941	-10.5835	-24.4651
M1085H_C	520	0.438356164384	-10.636	-10.5694	-6.65952
M1047K_C	530	0.438356164384	-11.054	-10.9379	-7.19844
D138V_A	539	0.512987012987	-11.1144	-11.0129	-29.517
V138S_A	544	0.506493506494	-11.1599	-10.9743	-26.4949
W1086F_C	551	0.41095890411	-13.2008	-10.8601	-9.92918
I6A_A	562	0.493506493506	-12.7353	-12.6579	-25.2522
L1075C_C	570	0.397260273973	-12.8505	-9.11387	-9.84987
F1081T_C	578	0.397260273973	-12.5928	-10.2877	-6.12958
D140M_A	592	0.454545454545	-12.6905	-13.4174	-24.6041
D145W_A	614	0.448051948052	-11.4892	-13.3998	-27.0318
I95L_A	621	0.441558441558	-11.5617	-13.432	-25.2737
S1080Q_C	633	0.41095890411	-11.5736	-9.18315	-8.39726
K76T_A	642	0.422077922078	-10.876	-13.4341	-24.2345
D154E_A	652	0.422077922078	-10.7447	-13.1531	-24.9842
V1095R_C	668	0.383561643836	-11.0623	-8.83835	-6.7938
A105H_A	679	0.409090909091	-11.1508	-13.2097	-25.693
V1044W_C	685	0.383561643836	-11.0936	-8.838	-8.66229
H150L_A	695	0.415584415584	-11.9836	-13.1441	-24.8089
M140N_A	703	0.415584415584	-11.9811	-13.1413	-27.2998
M104Y_A	710	0.415584415584	-11.9069	-13.1413	-26.6194
H1085N_C	721	0.383561643836	-11.6148	-8.9496	-7.48111
C118L_A	733	0.402597402597	-10.4672	-13.3551	-25.6008
F141M_A	749	0.402597402597	-10.4673	-13.2835	-25.4444
Q111G_A	760	0.396103896104	-10.573	-12.4843	-24.0859
M1049F_C	772	0.369863013699	-12.4719	-9.43161	-8.43769
T14A_A	796	0.396103896104	-12.5959	-12.5292	-24.0485
A1045N_C	812	0.342465753425	-12.7051	-9.74868	-8.14558
I49P_A	834	0.383116883117	-10.4449	-10.7819	-26.0261
F81Y_A	841	0.376623376623	-10.4035	-10.7819	-27.7451
M123Y_A	848	0.363636363636	-10.4035	-10.7815	-24.2153
Y126L_A	857	0.363636363636	-10.4203	-10.7513	-24.2421
D1075Q_C	870	0.315068493151	-10.4519	-9.67347	-7.76956
C147L_A	880	0.363636363636	-10.4519	-10.7674	-25.0972
H1032V_C	894	0.315068493151	-10.4261	-9.60133	-6.91638
V1032W_C	903	0.315068493151	-10.4349	-9.54487	-7.11206
E1070M_C	913	0.315068493151	-10.8507	-9.32611	-6.90364
I35G_A	921	0.350649350649	-10.8352	-10.8147	-26.0686
C29W_A	930	0.357142857143	-10.6134	-10.8729	-27.1161
E1034I_C	942	0.287671232877	-10.6087	-9.46867	-6.58476
V11W_A	954	0.350649350649	-10.7101	-10.9226	-24.6607
A1084K_C	963	0.287671232877	-10.679	-9.34509	-8.04582
Q1042F_C	974	0.287671232877	-10.7096	-9.39093	-8.5827
Q87H_A	981	0.337662337662	-11.1533	-11.443	-25.1385
M141D_A	991	0.331168831169	-11.144	-11.4789	-25.6755
