name	count	identity	evolved_interaction	ancestral_interaction	stability
I45E_A	1	0.993506493506	-10.273	-10.2847	-21.3687
E1079G_C	6	0.958904109589	-10.2255	-10.4387	-8.39315
A32T_A	24	0.961038961039	-10.3083	-10.2749	-26.0039
P88S_A	32	0.935064935065	-10.8138	-10.6181	-25.1298
Q1073S_C	42	0.904109589041	-11.1177	-11.0182	-8.30008
Q111N_A	49	0.896103896104	-11.1402	-10.5644	-26.5296
H1023T_C	56	0.86301369863	-11.18	-10.954	-6.61163
I1070F_C	63	0.808219178082	-11.1647	-10.9098	-8.16602
S142Q_A	69	0.850649350649	-11.1223	-10.3947	-27.5799
A54V_A	78	0.831168831169	-11.1251	-10.3906	-28.5321
L1063Y_C	90	0.739726027397	-11.2456	-10.0485	-6.96594
I1039E_C	114	0.684931506849	-11.9902	-10.7784	-6.63812
D66H_A	133	0.811688311688	-11.8158	-10.096	-24.1873
E143R_A	150	0.792207792208	-11.7609	-10.6502	-27.5231
D1061Q_C	159	0.643835616438	-11.9666	-10.9602	-9.43821
S88Q_A	165	0.785714285714	-12.1185	-10.4079	-28.4844
S1073N_C	174	0.630136986301	-12.1352	-10.9695	-9.62656
G7W_A	186	0.753246753247	-12.304	-10.2062	-25.6699
C93G_A	192	0.74025974026	-11.8185	-10.2094	-24.8724
L122Q_A	209	0.733766233766	-11.1683	-10.188	-25.8197
V54A_A	218	0.720779220779	-11.3075	-10.1839	-24.8625
A152R_A	231	0.714285714286	-11.3382	-10.2163	-24.3347
F1076E_C	238	0.575342465753	-10.7085	-10.6911	-7.12923
T1023C_C	249	0.575342465753	-11.3787	-10.6836	-7.47601
R1093S_C	282	0.561643835616	-11.4209	-10.7741	-7.67865
E1094H_C	289	0.547945205479	-11.5189	-10.8583	-7.12729
K125H_A	306	0.655844155844	-11.1665	-10.4611	-24.9997
A126Q_A	335	0.655844155844	-11.1306	-10.508	-25.5477
N1025C_C	408	0.520547945205	-11.0165	-10.0242	-6.25168
I112L_A	423	0.623376623377	-12.009	-9.97679	-29.4484
Q126L_A	432	0.616883116883	-11.1756	-9.19941	-24.19
T145L_A	447	0.603896103896	-11.0125	-9.14734	-26.8464
A1074K_C	468	0.479452054795	-11.2636	-10.656	-6.33537
R127M_A	482	0.577922077922	-11.2648	-8.8253	-27.7061
Y52T_A	489	0.571428571429	-11.3743	-8.93071	-26.7691
I1035H_C	498	0.465753424658	-11.6455	-10.8642	-6.14497
H1032K_C	507	0.479452054795	-11.7051	-10.8608	-8.04135
W143R_A	516	0.551948051948	-10.7276	-7.77903	-23.7001
L4Y_A	523	0.532467532468	-10.5589	-7.35228	-25.451
I1071L_C	534	0.452054794521	-10.6782	-9.455	-9.67448
L40N_A	549	0.525974025974	-10.6718	-7.49314	-23.955
G1059R_C	556	0.397260273973	-10.6832	-9.29411	-7.26264
Q117I_A	572	0.519480519481	-10.7092	-7.50466	-25.7677
C5Q_A	577	0.512987012987	-10.7448	-7.65963	-26.0242
G55Y_A	591	0.506493506494	-10.7298	-7.61619	-25.4687
N104D_A	605	0.5	-10.7123	-7.59473	-25.6562
F76C_A	623	0.493506493506	-10.7452	-7.69171	-24.1621
R7P_A	634	0.467532467532	-10.7316	-7.66735	-26.9773
E1066L_C	640	0.383561643836	-10.9653	-10.1145	-9.6827
A106S_A	649	0.454545454545	-10.5472	-7.58606	-25.0132
K88M_A	660	0.448051948052	-10.5372	-7.49126	-24.257
L144Y_A	672	0.454545454545	-10.3545	-7.49126	-25.4814
Q66T_A	680	0.461038961039	-10.3575	-7.4918	-26.6808
L145E_A	687	0.454545454545	-10.4067	-7.59461	-25.0391
N1047P_C	698	0.369863013699	-10.4172	-9.63443	-9.98237
A114K_A	709	0.441558441558	-10.496	-7.66735	-24.1896
Q1082G_C	719	0.369863013699	-10.9149	-9.85545	-10.502
T151I_A	725	0.428571428571	-11.0117	-8.22094	-25.6976
D1095M_C	735	0.356164383562	-10.8621	-10.1857	-8.54402
K115Q_A	745	0.422077922078	-10.9369	-8.35095	-23.8687
N40E_A	762	0.428571428571	-10.925	-8.07316	-25.3956
P1077M_C	768	0.328767123288	-10.864	-10.0391	-10.0057
T70L_A	776	0.428571428571	-10.7963	-8.33837	-24.4804
G1093P_C	786	0.315068493151	-10.8092	-9.97666	-8.27474
K1032Y_C	791	0.315068493151	-10.7582	-9.97388	-7.77184
C1025T_C	803	0.315068493151	-10.8196	-9.96005	-5.99169
L70W_A	815	0.402597402597	-10.7968	-8.40075	-23.8427
K61Y_A	834	0.402597402597	-10.7809	-8.4112	-23.9646
Q150Y_A	850	0.402597402597	-10.8297	-8.40294	-25.5244
L30N_A	859	0.402597402597	-10.7634	-8.37482	-23.987
Y1063M_C	867	0.27397260274	-11.0396	-9.91147	-7.02595
C1043F_C	878	0.27397260274	-11.0309	-9.92099	-7.06359
F1065W_C	885	0.260273972603	-10.9697	-9.61994	-6.11683
E11H_A	894	0.38961038961	-10.9389	-8.11202	-25.4169
M125V_A	906	0.38961038961	-10.7142	-8.12909	-23.9199
S118N_A	921	0.38961038961	-10.7361	-8.12089	-24.6183
I1072M_C	933	0.232876712329	-10.6994	-9.23483	-7.75483
K27I_A	944	0.383116883117	-10.7092	-8.05387	-24.8396
M1039E_C	958	0.232876712329	-10.6374	-9.37408	-5.74316
V75I_A	969	0.363636363636	-10.6374	-8.12228	-24.3148
K7F_A	977	0.363636363636	-10.5619	-8.10295	-24.0177
Y14R_A	991	0.363636363636	-10.9618	-8.6745	-24.4595
