name	count	identity	interface_identity	non_interface_identity	evolved_interaction	ancestral_interaction	stability
K18G_A	1	0.993506493506	0.947368421053	1.0	-9.42599	-9.59274	-25.8063
L97K_A	7	0.974025974026	0.947368421053	0.977777777778	-10.2111	-10.1755	-24.1921
D19G_A	19	0.941558441558	0.894736842105	0.948148148148	-10.7011	-10.6784	-24.333
R1071V_C	28	0.958904109589	1.0	0.941176470588	-10.523	-10.3798	-7.25446
E32D_A	37	0.902597402597	0.894736842105	0.903703703704	-10.5061	-10.5436	-26.879
K1061P_C	47	0.931506849315	1.0	0.901960784314	-10.4538	-10.3684	-7.4017
R1047V_C	59	0.904109589041	1.0	0.862745098039	-11.0203	-10.195	-9.36363
D80R_A	65	0.863636363636	0.894736842105	0.859259259259	-11.1516	-10.5904	-25.9997
L18M_A	76	0.837662337662	0.894736842105	0.82962962963	-11.055	-10.4238	-24.4687
K1054S_C	82	0.849315068493	0.954545454545	0.803921568627	-11.3778	-10.5038	-9.11367
Q111I_A	91	0.805194805195	0.894736842105	0.792592592593	-11.3793	-10.4169	-25.7058
M99A_A	103	0.798701298701	0.894736842105	0.785185185185	-11.3114	-10.4287	-25.3218
I112T_A	115	0.772727272727	0.894736842105	0.755555555556	-11.4923	-10.4797	-23.8461
Q1095T_C	131	0.780821917808	0.909090909091	0.725490196078	-11.5904	-10.5498	-6.24806
F91N_A	138	0.733766233766	0.705882352941	0.737226277372	-11.3604	-10.7392	-25.016
M1060F_C	150	0.739726027397	0.863636363636	0.686274509804	-10.8655	-9.81741	-6.86712
R10H_A	167	0.714285714286	0.6875	0.717391304348	-10.4911	-10.3221	-24.8368
Q130N_A	178	0.694805194805	0.6875	0.695652173913	-10.5099	-10.3518	-26.0167
K1038A_C	202	0.684931506849	0.863636363636	0.607843137255	-10.5095	-9.80526	-6.08645
A1038S_C	214	0.684931506849	0.869565217391	0.6	-11.884	-9.74928	-7.19043
G66E_A	229	0.681818181818	0.666666666667	0.68345323741	-11.6547	-11.8442	-25.2138
I1051N_C	237	0.671232876712	0.826086956522	0.6	-11.5362	-9.45128	-6.19917
I48F_A	246	0.668831168831	0.625	0.673913043478	-11.3177	-11.5765	-27.3844
S35E_A	261	0.655844155844	0.625	0.659420289855	-10.8912	-11.2658	-23.9776
E1034L_C	269	0.643835616438	0.782608695652	0.58	-10.7537	-9.53039	-6.46445
A54F_A	282	0.642857142857	0.625	0.644927536232	-10.7312	-11.1162	-25.1945
M1065F_C	294	0.643835616438	0.782608695652	0.58	-10.8367	-9.58689	-7.83997
M127H_A	303	0.616883116883	0.625	0.615942028986	-10.7775	-10.9949	-26.5408
Y25F_A	310	0.597402597403	0.5625	0.601449275362	-11.3442	-11.5456	-25.6852
V1044F_C	325	0.643835616438	0.826086956522	0.56	-11.4372	-9.67648	-8.42318
H1039D_C	334	0.643835616438	0.826086956522	0.56	-11.4174	-9.76509	-8.59503
N1086F_C	350	0.602739726027	0.782608695652	0.52	-10.7921	-9.11711	-9.18043
T1043F_C	355	0.58904109589	0.782608695652	0.5	-10.7972	-9.14147	-10.5912
R80S_A	365	0.551948051948	0.588235294118	0.547445255474	-10.8743	-11.6233	-23.8368
E1060L_C	375	0.575342465753	0.782608695652	0.48	-10.672	-8.71096	-8.51605
W82V_A	388	0.545454545455	0.588235294118	0.540145985401	-11.0804	-11.6186	-23.909
C5P_A	396	0.532467532468	0.588235294118	0.525547445255	-10.6375	-11.4926	-24.0343
D44Y_A	409	0.525974025974	0.588235294118	0.518248175182	-10.8247	-11.6239	-26.6427
P59V_A	415	0.519480519481	0.588235294118	0.510948905109	-10.8209	-11.6216	-27.6946
A152K_A	423	0.5	0.588235294118	0.489051094891	-10.8355	-11.6472	-25.1505
R1050I_C	432	0.547945205479	0.739130434783	0.46	-10.8332	-8.65456	-7.02238
Y52M_A	443	0.487012987013	0.588235294118	0.474452554745	-11.165	-11.7085	-25.4178
N33S_A	450	0.487012987013	0.588235294118	0.474452554745	-11.3637	-12.4041	-24.5551
N126L_A	459	0.487012987013	0.588235294118	0.474452554745	-11.1795	-12.2464	-25.1099
T61K_A	485	0.474025974026	0.588235294118	0.459854014599	-11.0951	-12.2526	-24.7377
G118N_A	496	0.474025974026	0.588235294118	0.459854014599	-11.1602	-12.1941	-25.6298
R1077A_C	511	0.534246575342	0.695652173913	0.46	-11.2133	-8.88943	-7.10154
M100Q_A	519	0.480519480519	0.588235294118	0.467153284672	-11.2815	-12.2003	-27.4814
P132D_A	526	0.474025974026	0.588235294118	0.459854014599	-11.3051	-12.2462	-25.168
I133M_A	534	0.467532467532	0.588235294118	0.452554744526	-11.2994	-12.2161	-24.0276
F1044A_C	544	0.479452054795	0.608695652174	0.42	-10.5246	-8.45844	-7.13633
I1050E_C	558	0.465753424658	0.608695652174	0.4	-10.6068	-8.53616	-6.44511
E1040M_C	581	0.465753424658	0.608695652174	0.4	-10.6076	-8.53551	-6.72728
R1039C_C	600	0.438356164384	0.608695652174	0.36	-10.7181	-8.49868	-6.39138
R11W_A	619	0.461038961039	0.588235294118	0.445255474453	-10.6931	-12.2169	-24.022
S1032W_C	647	0.438356164384	0.565217391304	0.38	-10.9771	-8.83497	-7.70803
F137Y_A	669	0.461038961039	0.588235294118	0.445255474453	-10.9955	-12.2564	-24.8382
C156S_A	678	0.454545454545	0.647058823529	0.430656934307	-11.0278	-12.2449	-25.0796
S80G_A	691	0.461038961039	0.647058823529	0.43795620438	-11.1743	-12.296	-28.9859
A122F_A	699	0.461038961039	0.647058823529	0.43795620438	-11.2512	-12.3686	-28.7786
C71M_A	714	0.448051948052	0.647058823529	0.423357664234	-11.2514	-12.3688	-24.9138
E38A_A	729	0.448051948052	0.647058823529	0.423357664234	-11.2746	-12.3742	-24.3857
L1073R_C	744	0.41095890411	0.545454545455	0.352941176471	-10.8304	-9.05892	-6.18246
L119N_A	758	0.415584415584	0.588235294118	0.394160583942	-10.7723	-11.8226	-23.9363
N10Y_A	765	0.409090909091	0.588235294118	0.386861313869	-11.2341	-11.9962	-24.413
R1064N_C	775	0.397260273973	0.590909090909	0.313725490196	-12.0458	-4.33656	-6.1143
H97N_A	802	0.409090909091	0.529411764706	0.394160583942	-12.0847	-10.7761	-23.8377
S3A_A	813	0.396103896104	0.470588235294	0.386861313869	-12.4176	-10.7353	-25.0023
I106A_A	822	0.396103896104	0.470588235294	0.386861313869	-12.4171	-10.7379	-25.0835
S67N_A	834	0.383116883117	0.470588235294	0.372262773723	-12.4294	-10.7793	-25.745
E1084F_C	843	0.383561643836	0.5	0.333333333333	-10.9348	-3.04689	-8.3083
H127L_A	852	0.376623376623	0.470588235294	0.36496350365	-12.1367	-10.4973	-25.9337
Y1067S_C	862	0.369863013699	0.454545454545	0.333333333333	-12.2758	-4.45443	-6.80996
L150I_A	878	0.37012987013	0.470588235294	0.357664233577	-12.3208	-9.69219	-25.3251
A129C_A	887	0.363636363636	0.470588235294	0.350364963504	-12.3227	-10.1056	-24.3663
F136R_A	893	0.363636363636	0.470588235294	0.350364963504	-12.1847	-9.69097	-24.1464
Y1035F_C	899	0.356164383562	0.454545454545	0.313725490196	-12.2888	-4.42998	-9.33139
L67Y_A	914	0.350649350649	0.470588235294	0.335766423358	-11.9528	-9.05658	-24.1302
D1085Q_C	924	0.328767123288	0.409090909091	0.294117647059	-11.9792	-4.30125	-5.97594
C110W_A	930	0.350649350649	0.470588235294	0.335766423358	-12.5731	-9.61831	-26.8389
D1068H_C	939	0.315068493151	0.363636363636	0.294117647059	-10.8201	-4.33373	-6.1157
Y35M_A	950	0.357142857143	0.5	0.340579710145	-11.0645	-9.57072	-26.2881
S156E_A	955	0.350649350649	0.4375	0.340579710145	-10.8531	-9.17889	-25.0103
M102L_A	962	0.344155844156	0.4375	0.333333333333	-10.7792	-9.4974	-24.5318
N1059E_C	972	0.328767123288	0.363636363636	0.313725490196	-11.132	-4.32601	-7.57826
W1025N_C	981	0.342465753425	0.363636363636	0.333333333333	-11.0227	-4.32614	-7.49674
M32K_A	992	0.337662337662	0.4375	0.326086956522	-11.0083	-9.96927	-23.8974
