name	count	identity	evolved_interaction	ancestral_interaction	stability
S127I_A	1	0.993506493506	-10.4947	-10.5197	-25.9629
K1058I_C	7	0.945205479452	-10.4882	-10.371	-8.6247
T51S_A	22	0.967532467532	-10.654	-10.5227	-24.579
D121P_A	30	0.941558441558	-10.4406	-10.5035	-27.0851
T91K_A	41	0.922077922078	-11.3985	-11.0171	-25.6518
G34E_A	47	0.896103896104	-11.2206	-10.8188	-24.2983
D33R_A	64	0.876623376623	-11.4878	-11.7574	-26.119
H20Q_A	74	0.857142857143	-11.102	-11.3386	-25.0044
Q1056F_C	83	0.794520547945	-10.9669	-9.93441	-6.29599
Q117A_A	91	0.824675324675	-11.1351	-9.64747	-26.4761
L1061F_C	102	0.794520547945	-11.0192	-9.82021	-6.59132
T125M_A	120	0.792207792208	-10.6461	-10.8714	-25.8301
S116M_A	133	0.779220779221	-10.9849	-10.871	-30.6574
L9M_A	139	0.746753246753	-11.0371	-10.9338	-24.3509
I35G_A	155	0.733766233766	-11.0596	-10.9272	-24.4125
D1030C_C	166	0.739726027397	-11.2901	-10.5014	-6.8724
Q154V_A	174	0.720779220779	-11.295	-10.9406	-24.0563
N124R_A	182	0.701298701299	-11.5865	-10.9565	-24.5255
G1094S_C	194	0.698630136986	-11.6158	-10.7136	-6.63548
K1027I_C	206	0.671232876712	-10.9391	-9.98021	-8.26675
S3C_A	214	0.655844155844	-11.8259	-10.7959	-24.1457
Q10K_A	222	0.642857142857	-10.8132	-11.032	-24.1849
Y1046K_C	233	0.58904109589	-10.7814	-9.32025	-10.6921
Q111A_A	238	0.62987012987	-10.7793	-11.0045	-25.2748
L1063H_C	255	0.561643835616	-10.5892	-9.11326	-7.50755
L114M_A	267	0.623376623377	-10.5552	-11.0274	-24.1624
E99L_A	288	0.603896103896	-10.5671	-11.0292	-24.8475
G44F_A	296	0.597402597403	-11.5241	-10.5501	-27.6357
A32K_A	302	0.584415584416	-11.4642	-11.4986	-24.1144
F22Y_A	328	0.571428571429	-11.6937	-10.2876	-26.4696
C97H_A	333	0.564935064935	-12.0537	-10.2733	-27.9896
Y1094K_C	341	0.547945205479	-11.2693	-8.84406	-8.4386
K147N_A	349	0.532467532468	-11.4239	-10.4435	-25.71
E1093A_C	364	0.534246575342	-11.5634	-9.32438	-9.42061
L1070N_C	372	0.520547945205	-11.1091	-9.07076	-9.41413
K110V_A	387	0.506493506494	-10.9421	-12.0249	-24.5842
R37K_A	398	0.506493506494	-11.4213	-11.9851	-24.8321
R74H_A	406	0.5	-11.4293	-12.0968	-26.0421
A1093Q_C	418	0.493150684932	-10.5975	-9.29041	-6.16267
L1092M_C	428	0.479452054795	-11.3357	-9.89213	-6.14576
Q1073I_C	436	0.479452054795	-11.2266	-11.5023	-6.10015
N76M_A	441	0.474025974026	-11.342	-11.1285	-27.582
W1024L_C	450	0.479452054795	-11.3684	-11.4633	-7.67293
D102A_A	466	0.441558441558	-13.1864	-12.6452	-24.2307
K31V_A	474	0.428571428571	-13.2355	-12.6328	-25.1419
G1040L_C	482	0.465753424658	-12.4657	-10.1356	-8.48074
G35N_A	488	0.422077922078	-13.0733	-12.2816	-26.8731
I127E_A	494	0.422077922078	-13.0808	-12.3451	-27.827
R1065K_C	502	0.465753424658	-12.9631	-10.1096	-6.26579
L99K_A	510	0.415584415584	-12.7777	-12.2847	-24.5898
I1054V_C	519	0.465753424658	-12.7795	-10.0555	-6.41405
I1073V_C	531	0.465753424658	-10.5856	-10.1731	-6.25931
N1030L_C	545	0.465753424658	-10.6354	-10.1145	-7.31253
Y74N_A	559	0.409090909091	-10.7305	-9.96054	-24.3728
F52Y_A	570	0.402597402597	-10.6876	-9.9332	-26.1165
Q20R_A	583	0.409090909091	-12.3714	-10.9102	-24.7348
S117H_A	591	0.409090909091	-12.3703	-10.9237	-25.0942
V1023I_C	602	0.452054794521	-12.3769	-10.1352	-7.91847
Q1093K_C	612	0.438356164384	-12.5066	-10.2587	-7.92864
F1034H_C	618	0.438356164384	-12.3867	-10.3434	-6.31066
L101K_A	628	0.415584415584	-12.2424	-10.9974	-25.9356
Q138Y_A	634	0.409090909091	-11.0239	-10.1745	-28.058
D66G_A	647	0.402597402597	-11.0284	-10.1783	-25.6799
L1024E_C	652	0.424657534247	-11.9303	-9.8534	-5.92958
N85D_A	660	0.402597402597	-12.2051	-9.71195	-25.4999
R101M_A	669	0.396103896104	-11.2943	-8.90134	-24.7351
C102R_A	684	0.383116883117	-11.3189	-8.9033	-26.3161
H15N_A	694	0.383116883117	-11.2519	-9.02279	-24.1902
H117A_A	709	0.376623376623	-11.2165	-8.76431	-27.0792
L83F_A	721	0.363636363636	-11.2035	-8.73356	-25.161
A152C_A	735	0.350649350649	-11.2074	-8.74065	-24.4898
S1038E_C	752	0.41095890411	-11.2668	-8.75827	-6.26841
V51C_A	771	0.337662337662	-11.2811	-8.83935	-24.0655
C1027E_C	785	0.424657534247	-11.2313	-8.55133	-5.61361
P1044E_C	791	0.41095890411	-10.9475	-8.28866	-6.49346
K143I_A	800	0.337662337662	-11.2119	-9.13254	-26.259
Q1040T_C	810	0.41095890411	-10.4101	-8.0668	-6.96006
S1032G_C	825	0.397260273973	-10.4242	-8.16575	-6.04022
N1095R_C	835	0.397260273973	-10.6934	-8.67105	-6.26256
E125T_A	846	0.337662337662	-11.2128	-8.77167	-24.7788
Q1051W_C	858	0.369863013699	-11.2169	-8.49262	-6.63819
H37E_A	867	0.337662337662	-11.2149	-8.97966	-25.5711
T125V_A	877	0.331168831169	-11.3414	-7.74156	-25.1449
G106K_A	887	0.324675324675	-11.3533	-8.53474	-25.7801
T138N_A	895	0.324675324675	-11.4237	-7.32191	-25.0435
E129H_A	901	0.324675324675	-11.4308	-7.43979	-24.6016
L36Q_A	918	0.324675324675	-11.6989	-8.40318	-24.3798
K74F_A	928	0.318181818182	-11.6484	-8.35511	-27.8134
S1061E_C	936	0.369863013699	-11.6305	-8.48309	-7.50923
K100R_A	943	0.311688311688	-11.5937	-8.32125	-26.178
I1050A_C	952	0.356164383562	-11.5659	-8.07353	-5.99506
K71Y_A	971	0.298701298701	-11.5936	-8.43124	-25.4094
I1073F_C	977	0.356164383562	-11.5904	-8.06062	-5.57942
K1093A_C	988	0.356164383562	-11.849	-8.47194	-5.84947
R128P_A	995	0.298701298701	-11.8613	-8.4506	-25.6615
