name	count	identity	interface_identity	non_interface_identity	evolved_interaction	ancestral_interaction	stability
Q151C_A	1	0.993506493506	1.0	0.992592592593	-10.4946	-10.5197	-24.4983
S156C_A	13	0.974025974026	0.947368421053	0.977777777778	-10.6325	-10.5764	-24.8627
L4H_A	21	0.948051948052	0.947368421053	0.948148148148	-10.7312	-10.6017	-24.1981
K1058M_C	36	0.945205479452	0.954545454545	0.941176470588	-10.7637	-10.6413	-8.20843
K31A_A	52	0.915584415584	0.894736842105	0.918518518519	-10.8088	-10.7456	-24.1005
H4Y_A	67	0.909090909091	0.894736842105	0.911111111111	-10.7864	-10.7466	-24.8639
Q1056S_C	74	0.835616438356	0.954545454545	0.78431372549	-10.7847	-10.5853	-6.06366
A133P_A	93	0.88961038961	0.842105263158	0.896296296296	-10.7588	-11.0418	-25.0253
C151E_A	110	0.87012987013	0.842105263158	0.874074074074	-10.7287	-10.9167	-24.9827
P7C_A	119	0.87012987013	0.842105263158	0.874074074074	-10.7778	-10.9175	-26.1207
D100I_A	126	0.857142857143	0.842105263158	0.859259259259	-10.788	-10.9161	-25.2304
N140K_A	146	0.837662337662	0.842105263158	0.837037037037	-10.9523	-10.992	-26.4839
C1025M_C	158	0.753424657534	0.909090909091	0.686274509804	-10.7805	-10.4571	-7.71388
E11I_A	167	0.792207792208	0.85	0.783582089552	-10.9568	-10.6503	-25.8665
L135H_A	174	0.772727272727	0.85	0.761194029851	-10.8649	-10.711	-24.6054
A142K_A	184	0.746753246753	0.8	0.738805970149	-10.9592	-10.7533	-26.0363
K1055L_C	200	0.712328767123	0.818181818182	0.666666666667	-10.9363	-10.9239	-8.0219
M122C_A	206	0.74025974026	0.8	0.731343283582	-10.8935	-10.6657	-24.4742
H138L_A	215	0.727272727273	0.8	0.716417910448	-11.139	-10.6788	-27.4527
K1041L_C	221	0.643835616438	0.782608695652	0.58	-10.7852	-11.7042	-9.57187
P128H_A	229	0.694805194805	0.772727272727	0.681818181818	-10.9237	-10.3401	-24.2316
T51Q_A	237	0.675324675325	0.772727272727	0.659090909091	-10.7855	-10.337	-24.2014
M1024C_C	251	0.616438356164	0.772727272727	0.549019607843	-10.9116	-11.6114	-9.2629
L1026M_C	260	0.575342465753	0.727272727273	0.509803921569	-10.9746	-11.6379	-6.41763
T91H_A	283	0.649350649351	0.772727272727	0.628787878788	-10.8323	-10.4713	-25.1868
C156Q_A	290	0.642857142857	0.772727272727	0.621212121212	-10.7587	-10.4047	-25.0593
C43L_A	303	0.642857142857	0.772727272727	0.621212121212	-10.7667	-10.3874	-25.6799
W146K_A	319	0.642857142857	0.772727272727	0.621212121212	-10.7819	-10.3876	-24.9646
A1046T_C	331	0.534246575342	0.681818181818	0.470588235294	-10.6085	-11.4849	-7.64962
F1052M_C	348	0.520547945205	0.681818181818	0.450980392157	-11.0667	-11.5602	-7.5037
E1050T_C	360	0.506849315068	0.681818181818	0.43137254902	-10.9694	-11.5817	-7.12594
E1094C_C	375	0.493150684932	0.681818181818	0.411764705882	-10.971	-11.5917	-7.59004
S1091V_C	385	0.479452054795	0.681818181818	0.392156862745	-10.7121	-11.3715	-11.1712
L1085N_C	396	0.479452054795	0.695652173913	0.38	-10.5809	-10.6682	-11.1881
H1093C_C	402	0.493150684932	0.695652173913	0.4	-10.5778	-10.6866	-10.1241
P1044S_C	408	0.479452054795	0.695652173913	0.38	-10.5747	-10.6853	-7.99702
E54W_A	428	0.564935064935	0.789473684211	0.533333333333	-10.591	-9.81833	-24.0276
V75N_A	450	0.558441558442	0.789473684211	0.525925925926	-10.5913	-9.84531	-24.9134
T100D_A	458	0.558441558442	0.789473684211	0.525925925926	-10.559	-9.86878	-24.8936
K40L_A	467	0.545454545455	0.789473684211	0.511111111111	-10.5596	-9.86422	-25.2851
T1042E_C	477	0.452054794521	0.695652173913	0.34	-10.69	-10.6443	-7.73339
K14L_A	488	0.545454545455	0.823529411765	0.510948905109	-11.0835	-9.43315	-26.3581
A156K_A	505	0.525974025974	0.764705882353	0.496350364964	-10.8585	-8.90243	-24.4214
A63L_A	516	0.519480519481	0.764705882353	0.489051094891	-10.499	-8.89847	-26.2121
M21P_A	523	0.525974025974	0.823529411765	0.489051094891	-11.0371	-9.66965	-29.7572
E151F_A	530	0.519480519481	0.823529411765	0.481751824818	-10.8951	-9.79316	-26.8185
L94V_A	546	0.512987012987	0.823529411765	0.474452554745	-10.9025	-9.79151	-24.3706
T61Q_A	561	0.5	0.823529411765	0.459854014599	-10.8963	-9.79555	-24.3926
D145Q_A	574	0.480519480519	0.823529411765	0.43795620438	-10.8373	-10.1296	-25.5854
I1089V_C	589	0.438356164384	0.695652173913	0.32	-10.8618	-10.5389	-6.51517
T1039F_C	601	0.438356164384	0.695652173913	0.32	-10.8467	-10.5183	-8.96461
P87E_A	610	0.480519480519	0.823529411765	0.43795620438	-10.8385	-10.1891	-26.711
T1043W_C	622	0.397260273973	0.695652173913	0.26	-10.8279	-10.4992	-8.15741
K1077I_C	635	0.397260273973	0.695652173913	0.26	-10.7862	-10.6798	-6.66342
E1042Q_C	648	0.397260273973	0.695652173913	0.26	-10.7451	-10.6057	-6.63129
S1044K_C	661	0.383561643836	0.695652173913	0.24	-10.7247	-10.5661	-6.95006
Q44S_A	673	0.474025974026	0.722222222222	0.441176470588	-11.201	-10.0647	-24.9609
N155R_A	684	0.474025974026	0.722222222222	0.441176470588	-11.2811	-10.0479	-27.5677
W103Y_A	691	0.461038961039	0.722222222222	0.426470588235	-11.3084	-10.0401	-24.9833
N1065A_C	699	0.356164383562	0.652173913043	0.22	-11.4067	-11.0067	-6.94054
F119Q_A	710	0.461038961039	0.722222222222	0.426470588235	-11.5625	-10.2996	-24.9882
M1049L_C	717	0.342465753425	0.625	0.204081632653	-12.2074	-10.7357	-10.7054
L109I_A	730	0.448051948052	0.666666666667	0.419117647059	-12.0507	-10.4031	-24.5468
C1061R_C	737	0.328767123288	0.583333333333	0.204081632653	-11.8233	-10.79	-6.69973
M132P_A	752	0.448051948052	0.666666666667	0.419117647059	-11.7233	-10.3393	-25.104
L1059E_C	763	0.328767123288	0.583333333333	0.204081632653	-11.6352	-10.6584	-6.1837
N31A_A	778	0.441558441558	0.666666666667	0.411764705882	-11.5804	-10.3403	-25.2602
N14T_A	786	0.441558441558	0.666666666667	0.411764705882	-11.2451	-9.77798	-25.7055
Y131R_A	795	0.441558441558	0.666666666667	0.411764705882	-11.1619	-9.74939	-25.9447
T135G_A	809	0.435064935065	0.666666666667	0.404411764706	-11.1428	-9.72527	-24.2597
I11R_A	821	0.428571428571	0.666666666667	0.397058823529	-11.1102	-10.8115	-25.0934
C1034I_C	831	0.315068493151	0.555555555556	0.173913043478	-11.0326	-11.0579	-6.58183
S131F_A	836	0.422077922078	0.666666666667	0.389705882353	-11.0422	-10.3443	-26.724
Q51K_A	842	0.428571428571	0.666666666667	0.397058823529	-11.0577	-10.2908	-27.5292
L1047K_C	848	0.315068493151	0.555555555556	0.173913043478	-11.1472	-10.9976	-7.52332
K1044Y_C	871	0.301369863014	0.555555555556	0.152173913043	-11.1873	-10.9927	-6.81966
S1062V_C	881	0.287671232877	0.555555555556	0.130434782609	-12.3984	-11.6543	-7.27868
K1047F_C	890	0.27397260274	0.518518518519	0.130434782609	-12.5503	-11.5329	-7.49766
E1082L_C	901	0.27397260274	0.518518518519	0.130434782609	-11.1691	-10.8131	-6.42518
L1066Y_C	911	0.260273972603	0.481481481481	0.130434782609	-10.759	-10.8446	-9.43589
L1082Y_C	916	0.260273972603	0.481481481481	0.130434782609	-11.0573	-10.5561	-8.5448
I70T_A	928	0.396103896104	0.6875	0.36231884058	-11.1737	-10.9213	-24.7788
Y142T_A	939	0.38961038961	0.6875	0.355072463768	-10.6813	-9.97161	-24.6373
D37Q_A	952	0.38961038961	0.6875	0.355072463768	-11.1954	-10.9662	-24.1907
Q1093H_C	968	0.301369863014	0.481481481481	0.195652173913	-11.2024	-10.7439	-7.84185
G1073L_C	985	0.301369863014	0.481481481481	0.195652173913	-11.1119	-10.4192	-9.98108
E1047Y_C	994	0.287671232877	0.5	0.170212765957	-10.5785	-7.2739	-7.392
