name	count	identity	evolved_interaction	ancestral_interaction	stability
L1066K_C	1	0.986301369863	-10.7905	-10.6756	-7.72255
Y87S_A	11	0.967532467532	-10.8021	-10.4792	-28.2783
Q10E_A	21	0.941558441558	-11.1336	-10.5143	-24.2426
T1043R_C	29	0.958904109589	-11.1957	-11.2723	-9.57793
C1093N_C	36	0.931506849315	-11.1058	-11.1921	-9.47251
N66G_A	44	0.883116883117	-11.1	-10.5447	-25.1502
Q117I_A	57	0.863636363636	-11.3403	-10.7079	-24.098
D100I_A	67	0.850649350649	-10.9722	-10.282	-25.3799
Y1067W_C	76	0.808219178082	-10.8306	-10.4149	-9.13197
S89V_A	87	0.824675324675	-10.6613	-10.0243	-24.7174
V99R_A	96	0.818181818182	-12.1101	-11.0136	-27.6327
N140W_A	103	0.798701298701	-12.0087	-10.9149	-25.1006
F1093R_C	114	0.739726027397	-12.0833	-11.569	-6.41436
T1047Q_C	122	0.739726027397	-12.0676	-11.569	-6.99144
K146E_A	134	0.74025974026	-12.2025	-11.0775	-25.9507
I1088L_C	142	0.712328767123	-12.268	-10.0852	-8.06621
W14G_A	151	0.714285714286	-13.2857	-12.0811	-24.5381
D145M_A	175	0.694805194805	-13.014	-11.51	-26.6851
S18F_A	180	0.681818181818	-13.6411	-12.2229	-24.88
I1089L_C	191	0.671232876712	-12.6756	-10.2096	-9.85602
R112A_A	199	0.675324675325	-12.4659	-10.3964	-24.2588
L149F_A	215	0.662337662338	-12.6755	-10.3967	-24.3238
S87K_A	220	0.662337662338	-13.2834	-10.6218	-25.0492
F1065V_C	228	0.575342465753	-13.3258	-10.2485	-6.58532
Q1051W_C	241	0.575342465753	-13.3011	-10.304	-7.07129
T1045R_C	252	0.561643835616	-12.8323	-11.5236	-7.07589
P38A_A	263	0.623376623377	-12.8206	-10.1835	-24.2565
Y11C_A	277	0.61038961039	-10.5392	-9.4302	-28.0148
Q151M_A	288	0.597402597403	-10.3778	-9.40097	-25.9009
R1045C_C	294	0.547945205479	-10.9528	-10.2753	-7.35561
M38V_A	314	0.603896103896	-11.7585	-9.57743	-24.8709
V116M_A	322	0.597402597403	-11.7383	-9.59911	-26.2227
K30Y_A	328	0.590909090909	-12.6375	-11.0385	-30.9118
A106D_A	333	0.571428571429	-12.6344	-10.9704	-29.275
Y1023C_C	339	0.520547945205	-11.6782	-11.9345	-7.57178
Y155R_A	344	0.558441558442	-11.8741	-10.2873	-24.5235
M145F_A	354	0.558441558442	-11.89	-10.1197	-24.7679
D1075L_C	367	0.493150684932	-10.8861	-9.55972	-7.39063
I129W_A	379	0.532467532468	-11.2022	-9.93102	-26.7967
A79Y_A	388	0.512987012987	-12.0578	-10.4316	-24.5171
W53M_A	395	0.5	-12.0481	-10.4643	-24.5431
C11K_A	417	0.5	-12.0606	-10.5061	-25.8292
E67F_A	426	0.493506493506	-12.0864	-10.595	-27.4557
I1076M_C	433	0.493150684932	-12.6548	-10.0151	-6.61668
P65Y_A	441	0.480519480519	-12.7364	-10.9581	-27.6787
F1032D_C	449	0.479452054795	-11.4029	-10.0089	-8.25807
E151W_A	456	0.461038961039	-11.4739	-9.36467	-25.9941
M122A_A	466	0.448051948052	-10.8145	-5.92753	-24.6548
R1051D_C	479	0.465753424658	-10.8812	-9.66475	-6.85093
H15V_A	486	0.435064935065	-11.0945	-5.93498	-25.4748
Y71W_A	496	0.422077922078	-10.9857	-5.93596	-26.1296
F24Y_A	504	0.409090909091	-10.8134	-5.8595	-25.8377
V1080I_C	515	0.452054794521	-10.975	-10.268	-7.40976
C54V_A	528	0.396103896104	-10.8902	-8.63519	-27.3801
K1081M_C	537	0.438356164384	-11.0558	-10.2251	-8.84947
E1043T_C	545	0.465753424658	-10.5057	-8.26222	-7.45822
H3G_A	559	0.402597402597	-10.7376	-9.33175	-24.2948
S1029A_C	568	0.438356164384	-12.0961	-8.38597	-9.63705
N145Y_A	577	0.396103896104	-11.7834	-8.40538	-24.8676
W67Q_A	594	0.396103896104	-11.8219	-8.42068	-24.6581
K11A_A	602	0.396103896104	-11.7833	-8.44024	-23.9974
W71H_A	619	0.396103896104	-11.933	-8.39644	-24.1132
V38W_A	633	0.396103896104	-11.2814	-8.51383	-25.6444
Y143W_A	647	0.396103896104	-11.2523	-8.51567	-24.1034
Q1061M_C	654	0.438356164384	-11.1049	-9.85659	-9.00234
A1029P_C	662	0.438356164384	-10.8521	-10.0669	-7.05475
Q10R_A	671	0.383116883117	-11.2238	-9.00073	-23.8297
W7I_A	677	0.383116883117	-11.2749	-9.01825	-24.0824
N87M_A	685	0.376623376623	-10.5457	-8.85806	-24.1391
S1047R_C	696	0.452054794521	-10.7452	-9.76281	-8.32762
L4D_A	707	0.363636363636	-10.8119	-8.84138	-23.2577
W114Y_A	716	0.357142857143	-11.5186	-8.84026	-23.9864
I1065L_C	733	0.424657534247	-11.039	-9.10254	-7.89992
M1034Q_C	741	0.41095890411	-10.8734	-9.55209	-6.8221
P1075M_C	751	0.41095890411	-10.8094	-9.55239	-7.14367
W63F_A	764	0.357142857143	-10.7696	-8.39664	-23.945
I145E_A	771	0.344155844156	-10.7462	-8.4617	-24.0456
Y143D_A	781	0.344155844156	-10.6968	-8.48939	-23.9336
D143G_A	801	0.344155844156	-12.0734	-8.54699	-25.9323
Y114M_A	808	0.337662337662	-12.1	-8.63075	-25.8277
M138W_A	820	0.337662337662	-11.9378	-8.79496	-23.2841
M87Y_A	826	0.344155844156	-11.7286	-8.61902	-24.0283
G156C_A	833	0.344155844156	-11.1109	-7.99185	-24.2586
N54E_A	842	0.337662337662	-11.1895	-7.90349	-24.2883
F1081M_C	854	0.369863013699	-11.4206	-9.2937	-7.51115
R91L_A	869	0.331168831169	-11.3539	-8.09185	-23.6558
L94I_A	881	0.324675324675	-11.4006	-8.32333	-24.2513
A33G_A	892	0.324675324675	-11.3872	-8.3879	-23.6989
E32L_A	901	0.324675324675	-11.3871	-8.57644	-24.6749
G33R_A	914	0.324675324675	-11.4527	-8.65732	-26.0423
N122D_A	921	0.318181818182	-11.4867	-8.70207	-26.6039
R104D_A	933	0.318181818182	-11.4725	-8.30102	-24.3813
N146F_A	941	0.318181818182	-12.0251	-8.81551	-24.895
Y44W_A	960	0.305194805195	-10.7316	-8.11132	-23.7414
V15A_A	976	0.305194805195	-10.7219	-8.32572	-24.4031
P95I_A	989	0.305194805195	-10.7402	-8.17611	-23.7666
