name	count	identity	evolved_interaction	ancestral_interaction	stability
F24L_A	1	0.993506493506	-10.474	-10.4988	-25.8885
P128I_A	28	0.974025974026	-10.5937	-10.8306	-24.6983
Q111T_A	38	0.954545454545	-10.4878	-10.8219	-25.4899
T61Y_A	49	0.922077922078	-10.3075	-10.6051	-26.4027
D102C_A	61	0.896103896104	-10.308	-10.6046	-24.1112
A1074Q_C	68	0.904109589041	-10.3056	-10.3027	-8.50665
E37W_A	77	0.876623376623	-10.4268	-10.6617	-23.8257
K18H_A	95	0.863636363636	-11.3046	-11.4459	-24.0824
Q117L_A	110	0.844155844156	-11.2365	-11.4186	-26.5056
E131A_A	118	0.818181818182	-10.7867	-10.9865	-24.5847
H31K_A	135	0.811688311688	-10.7984	-11.0589	-25.7846
K141L_A	147	0.792207792208	-10.8336	-11.059	-24.8062
L1063Y_C	154	0.739726027397	-10.7945	-10.3473	-7.42833
H1033T_C	171	0.72602739726	-10.7716	-9.70169	-7.85931
C150A_A	192	0.753246753247	-10.9638	-11.0567	-25.5022
V57M_A	202	0.733766233766	-11.4604	-11.5972	-24.8649
D1080M_C	211	0.698630136986	-11.6319	-9.69381	-9.71335
P125D_A	217	0.714285714286	-11.485	-11.6218	-24.0098
L149Q_A	222	0.701298701299	-11.4856	-11.621	-24.681
I1088E_C	233	0.671232876712	-10.9941	-8.66128	-8.01216
P70V_A	245	0.681818181818	-11.2037	-11.0608	-25.2509
S156T_A	261	0.675324675325	-10.9671	-10.8548	-24.6752
L1081K_C	267	0.616438356164	-10.7575	-8.54987	-6.79989
K31R_A	281	0.642857142857	-10.7565	-10.7227	-24.3715
K118A_A	292	0.62987012987	-10.7935	-10.8268	-24.1082
H150G_A	303	0.62987012987	-10.5249	-10.7504	-25.0738
E1094T_C	314	0.561643835616	-10.5592	-8.39933	-7.08302
T1023E_C	325	0.547945205479	-10.6233	-8.77181	-7.13566
K1081R_C	341	0.534246575342	-10.5007	-8.82039	-6.71375
S138L_A	368	0.61038961039	-10.6161	-10.6461	-25.7338
R3C_A	379	0.603896103896	-10.6895	-10.6884	-25.4349
M35A_A	388	0.597402597403	-10.6894	-10.6888	-26.2442
C141Y_A	401	0.590909090909	-10.6886	-10.4035	-26.2784
W1075K_C	408	0.534246575342	-10.6871	-8.8575	-5.84789
E12D_A	416	0.577922077922	-13.0689	-10.355	-24.2044
Q1095G_C	428	0.465753424658	-12.1055	-8.42343	-9.00999
I1035V_C	438	0.438356164384	-11.0075	-8.0445	-6.7737
K48P_A	453	0.551948051948	-11.0747	-9.11677	-25.889
D1079E_C	462	0.438356164384	-11.7216	-8.84439	-8.03235
D1082H_C	469	0.424657534247	-11.1709	-7.80133	-7.38326
N1073S_C	479	0.424657534247	-11.1967	-7.43589	-7.26364
R31M_A	489	0.551948051948	-11.19	-9.23157	-25.314
M97C_A	502	0.551948051948	-11.6216	-10.1378	-23.6081
E1025S_C	512	0.41095890411	-10.5547	-7.18346	-7.31321
D138M_A	522	0.551948051948	-10.8593	-10.2995	-25.8522
Y4Q_A	531	0.538961038961	-10.7407	-10.5836	-26.5275
F130N_A	537	0.538961038961	-12.4111	-10.2144	-24.3484
T1033K_C	546	0.369863013699	-12.1193	-9.50741	-7.44988
R104F_A	552	0.538961038961	-11.602	-10.2139	-23.2826
C97L_A	558	0.545454545455	-11.5661	-10.4539	-26.7026
V1035M_C	563	0.369863013699	-11.1732	-9.54303	-8.84787
V110A_A	573	0.538961038961	-11.2289	-10.8095	-23.6198
P153I_A	583	0.519480519481	-10.8369	-10.7704	-25.8919
F1043R_C	597	0.369863013699	-10.9504	-9.29007	-6.8979
T1094R_C	615	0.342465753425	-11.3456	-9.45955	-8.2143
K1051T_C	621	0.342465753425	-11.2436	-9.48231	-8.17327
I1047E_C	627	0.342465753425	-11.2322	-9.49922	-8.71862
W1032C_C	635	0.356164383562	-11.4703	-8.92902	-6.95322
V1056C_C	644	0.356164383562	-11.3541	-8.95079	-7.59799
Y15M_A	651	0.467532467532	-11.2382	-10.0265	-25.2754
V113N_A	662	0.461038961039	-11.2918	-9.93872	-23.4501
Q66D_A	672	0.461038961039	-11.2337	-9.94885	-24.7459
E1023H_C	693	0.342465753425	-11.2379	-8.5683	-6.64801
R1061M_C	703	0.342465753425	-11.2273	-8.52695	-8.20472
F153Y_A	709	0.454545454545	-11.2362	-9.6774	-24.3443
Q1025S_C	717	0.342465753425	-11.3078	-8.76454	-8.11934
L1064R_C	726	0.356164383562	-11.0798	-9.52815	-8.74763
R1036W_C	736	0.342465753425	-10.831	-9.1739	-11.0267
I1026Q_C	761	0.328767123288	-10.5581	-9.07913	-8.80461
S1073L_C	774	0.328767123288	-10.6344	-9.07373	-9.49743
Y30I_A	784	0.428571428571	-10.5208	-9.68376	-25.5012
R1081S_C	794	0.328767123288	-10.8547	-9.40088	-7.27925
G79A_A	806	0.428571428571	-10.7817	-9.63754	-24.6774
Q1082G_C	816	0.315068493151	-10.8009	-9.33221	-10.0604
R1064V_C	830	0.287671232877	-10.9124	-8.80193	-6.36622
L97M_A	840	0.415584415584	-10.9476	-10.1933	-23.2517
L6I_A	849	0.402597402597	-11.4063	-10.4435	-23.2508
L1095G_C	866	0.27397260274	-11.4513	-9.05533	-7.41242
K98L_A	877	0.396103896104	-11.4897	-9.83777	-24.3948
L45C_A	888	0.396103896104	-11.424	-9.87939	-25.0301
F1024K_C	896	0.260273972603	-11.0293	-8.78807	-6.3537
S141L_A	904	0.38961038961	-11.0454	-9.92774	-24.8662
T125A_A	915	0.396103896104	-11.0482	-9.88754	-25.6914
K1024W_C	929	0.260273972603	-11.1775	-8.8789	-6.46082
W1076T_C	938	0.260273972603	-11.2211	-8.95573	-6.18152
H1032K_C	949	0.260273972603	-11.0644	-8.93661	-7.31243
G153I_A	965	0.37012987013	-11.0647	-10.1656	-25.1157
G128N_A	977	0.357142857143	-11.1497	-10.2525	-24.795
C6W_A	988	0.357142857143	-11.154	-10.2221	-23.9015
