name	count	identity	interface_identity	non_interface_identity	evolved_interaction	ancestral_interaction	stability
Q154L_A	1	0.993506493506	1.0	0.992592592593	-10.4946	-10.5196	-26.0025
A1051S_C	10	0.986301369863	1.0	0.980392156863	-10.493	-10.3899	-9.11557
I1039M_C	17	0.958904109589	1.0	0.941176470588	-10.5288	-10.4031	-9.18336
D102I_A	27	0.935064935065	0.947368421053	0.933333333333	-10.4772	-10.601	-27.953
A32V_A	35	0.928571428571	0.952380952381	0.924812030075	-10.53	-10.5767	-29.1331
T91I_A	42	0.896103896104	0.952380952381	0.887218045113	-10.4841	-10.5555	-28.5292
K71M_A	51	0.876623376623	0.952380952381	0.864661654135	-10.4759	-10.5615	-27.3825
E143V_A	61	0.850649350649	0.952380952381	0.834586466165	-10.5246	-10.3056	-26.9729
L76R_A	72	0.831168831169	0.952380952381	0.812030075188	-10.5324	-10.2969	-25.5708
V32Y_A	89	0.824675324675	0.952380952381	0.804511278195	-10.5374	-10.3017	-24.9556
Q101W_A	96	0.811688311688	0.952380952381	0.789473684211	-10.7583	-10.3409	-25.0884
S138N_A	107	0.798701298701	0.952380952381	0.774436090226	-10.7645	-10.3399	-25.8862
N140E_A	125	0.792207792208	0.952380952381	0.766917293233	-10.8908	-10.3837	-27.0111
N66W_A	132	0.766233766234	0.904761904762	0.744360902256	-11.1951	-10.3602	-24.8911
M36N_A	142	0.75974025974	0.904761904762	0.736842105263	-10.7834	-10.2391	-24.3395
I7Y_A	150	0.746753246753	0.904761904762	0.721804511278	-10.7614	-10.5374	-24.4721
S122D_A	163	0.74025974026	0.857142857143	0.721804511278	-10.8717	-10.2139	-23.8995
A1074T_C	173	0.684931506849	0.772727272727	0.647058823529	-11.0401	-10.5588	-6.80536
S3H_A	182	0.688311688312	0.809523809524	0.669172932331	-11.0556	-10.3062	-25.5628
K40I_A	191	0.681818181818	0.809523809524	0.661654135338	-10.6159	-10.3107	-25.5262
L38F_A	197	0.662337662338	0.809523809524	0.639097744361	-10.6265	-10.0674	-25.5116
G44P_A	207	0.649350649351	0.714285714286	0.639097744361	-11.8385	-11.2985	-24.3579
H83M_A	215	0.636363636364	0.714285714286	0.624060150376	-12.005	-11.2419	-25.2336
D121K_A	224	0.61038961039	0.666666666667	0.601503759398	-11.0412	-10.0441	-26.3724
T1042P_C	231	0.561643835616	0.681818181818	0.509803921569	-11.6101	-9.3787	-9.82935
W1047T_C	239	0.561643835616	0.681818181818	0.509803921569	-11.1096	-9.38332	-9.38212
T98M_A	253	0.597402597403	0.666666666667	0.586466165414	-11.1302	-10.1461	-27.1608
R1043V_C	258	0.534246575342	0.636363636364	0.490196078431	-11.1637	-8.91303	-7.28587
Q10T_A	267	0.571428571429	0.666666666667	0.556390977444	-11.1487	-10.2115	-24.028
Q1044I_C	279	0.520547945205	0.636363636364	0.470588235294	-11.2468	-9.36936	-7.62588
E11Y_A	288	0.551948051948	0.666666666667	0.533834586466	-11.3696	-10.2684	-24.5073
K14A_A	300	0.545454545455	0.619047619048	0.533834586466	-11.1828	-9.97095	-24.1991
V39Q_A	310	0.545454545455	0.619047619048	0.533834586466	-11.0685	-9.97376	-26.4757
V1082G_C	316	0.493150684932	0.636363636364	0.43137254902	-10.5113	-9.1678	-11.6719
D33L_A	324	0.532467532468	0.65	0.514925373134	-10.5061	-9.9906	-24.2613
K1041W_C	336	0.493150684932	0.681818181818	0.411764705882	-10.6668	-9.38447	-11.1221
E1034R_C	343	0.465753424658	0.681818181818	0.372549019608	-10.9289	-9.53375	-9.09875
Q1056V_C	350	0.452054794521	0.681818181818	0.352941176471	-11.1874	-9.43939	-6.57712
A79Q_A	356	0.5	0.684210526316	0.474074074074	-10.6299	-9.97534	-25.2437
T63V_A	368	0.487012987013	0.684210526316	0.459259259259	-10.7335	-9.98996	-24.7732
C1082A_C	379	0.452054794521	0.681818181818	0.352941176471	-10.7213	-9.28811	-6.55173
Q147W_A	388	0.480519480519	0.684210526316	0.451851851852	-10.7234	-9.89953	-26.8442
N1046F_C	400	0.424657534247	0.681818181818	0.313725490196	-10.7238	-9.28831	-7.10603
T1074Q_C	410	0.424657534247	0.681818181818	0.313725490196	-10.705	-9.36897	-6.38786
M71T_A	428	0.454545454545	0.684210526316	0.422222222222	-10.7079	-9.752	-24.0019
V143W_A	440	0.454545454545	0.684210526316	0.422222222222	-10.7079	-9.752	-25.2066
Y1081F_C	446	0.424657534247	0.636363636364	0.333333333333	-10.6008	-9.25335	-7.23964
T10N_A	453	0.454545454545	0.684210526316	0.422222222222	-10.9872	-10.1537	-24.9161
Y32W_A	462	0.454545454545	0.666666666667	0.426470588235	-10.9687	-9.93501	-24.7882
G102T_A	470	0.454545454545	0.666666666667	0.426470588235	-11.3069	-10.454	-24.7594
L1028M_C	488	0.424657534247	0.636363636364	0.333333333333	-11.2845	-9.33037	-6.32791
H65N_A	495	0.448051948052	0.666666666667	0.419117647059	-11.3063	-10.4328	-26.0197
S120I_A	503	0.448051948052	0.666666666667	0.419117647059	-10.8684	-10.4509	-25.7172
M137Q_A	512	0.448051948052	0.666666666667	0.419117647059	-10.8684	-10.463	-25.0107
M102N_A	527	0.435064935065	0.647058823529	0.408759124088	-10.8235	-10.778	-25.1532
Q1054R_C	537	0.41095890411	0.636363636364	0.313725490196	-10.7837	-8.93492	-8.79059
A4E_A	549	0.415584415584	0.588235294118	0.394160583942	-11.2592	-10.639	-25.5052
I1088T_C	572	0.369863013699	0.590909090909	0.274509803922	-11.1592	-9.05544	-5.61289
A99L_A	594	0.422077922078	0.588235294118	0.401459854015	-11.0691	-9.73279	-27.064
G1040W_C	603	0.356164383562	0.590909090909	0.254901960784	-11.0599	-8.98523	-6.5654
Q1034H_C	616	0.356164383562	0.590909090909	0.254901960784	-11.1612	-8.93879	-6.37262
I1089M_C	628	0.342465753425	0.545454545455	0.254901960784	-10.4446	-8.37637	-6.68636
H1041P_C	638	0.342465753425	0.545454545455	0.254901960784	-10.4799	-7.84144	-8.13507
K1049L_C	647	0.342465753425	0.545454545455	0.254901960784	-10.4842	-7.74271	-8.54841
G138F_A	656	0.402597402597	0.588235294118	0.379562043796	-10.4842	-11.0472	-25.8179
Q14L_A	668	0.396103896104	0.588235294118	0.372262773723	-10.5145	-10.8382	-24.3121
I106C_A	674	0.402597402597	0.578947368421	0.377777777778	-10.709	-10.8732	-24.3819
L1066K_C	691	0.315068493151	0.454545454545	0.254901960784	-10.7694	-8.64111	-8.84276
L3K_A	705	0.38961038961	0.588235294118	0.36496350365	-10.5096	-11.2182	-26.692
T79N_A	713	0.383116883117	0.588235294118	0.357664233577	-10.4672	-11.1279	-25.102
N149H_A	719	0.383116883117	0.588235294118	0.357664233577	-10.4672	-11.1279	-24.8245
R76T_A	733	0.376623376623	0.588235294118	0.350364963504	-10.4927	-11.1137	-25.7831
C101M_A	744	0.376623376623	0.588235294118	0.350364963504	-10.4959	-11.1577	-25.5084
I42V_A	761	0.37012987013	0.588235294118	0.343065693431	-10.5542	-11.1358	-24.3202
K74C_A	772	0.363636363636	0.588235294118	0.335766423358	-10.5376	-10.7779	-24.2796
H61F_A	781	0.363636363636	0.588235294118	0.335766423358	-10.6387	-10.6481	-27.0206
A1087Y_C	787	0.287671232877	0.380952380952	0.25	-11.0498	-7.31798	-8.5302
F1062M_C	792	0.287671232877	0.380952380952	0.25	-11.0186	-7.36535	-9.51503
Y142D_A	806	0.344155844156	0.611111111111	0.308823529412	-11.5227	-10.1847	-24.0717
A1082Q_C	817	0.27397260274	0.333333333333	0.25	-11.6554	-7.31204	-12.1691
W104T_A	827	0.350649350649	0.611111111111	0.316176470588	-11.6664	-11.3251	-24.3233
E1050Q_C	843	0.246575342466	0.318181818182	0.21568627451	-11.7061	-7.2879	-8.319
M101G_A	859	0.344155844156	0.631578947368	0.303703703704	-12.1505	-11.1046	-24.3838
K1063F_C	867	0.232876712329	0.318181818182	0.196078431373	-12.0141	-7.3505	-11.733
V111N_A	873	0.350649350649	0.684210526316	0.303703703704	-11.5097	-11.2838	-27.1422
K132P_A	884	0.357142857143	0.684210526316	0.311111111111	-11.5498	-11.1947	-26.2802
T1036P_C	892	0.219178082192	0.318181818182	0.176470588235	-11.7561	-7.43789	-8.05173
E89C_A	918	0.37012987013	0.684210526316	0.325925925926	-11.7626	-10.4206	-24.9964
E12D_A	931	0.363636363636	0.684210526316	0.318518518519	-11.3156	-10.5518	-25.8443
V37L_A	951	0.357142857143	0.684210526316	0.311111111111	-11.1862	-11.5255	-24.2197
H131F_A	970	0.363636363636	0.684210526316	0.318518518519	-11.238	-11.2007	-24.8232
C5Q_A	983	0.357142857143	0.684210526316	0.311111111111	-11.2798	-12.1736	-24.1145
R17A_A	993	0.350649350649	0.6	0.313432835821	-11.7107	-7.16662	-26.9176
