name	count	identity	evolved_interaction	ancestral_interaction	stability
L97R_A	1	0.993506493506	-10.4774	-10.5198	-26.0411
V116F_A	8	0.980519480519	-10.535	-10.5282	-26.6174
S1033G_C	20	0.931506849315	-10.4934	-10.4628	-6.89526
P125C_A	25	0.941558441558	-10.4949	-10.5413	-24.2672
K153C_A	35	0.909090909091	-10.4675	-10.5187	-24.4522
S3P_A	41	0.902597402597	-10.437	-10.5129	-24.0916
Q1056W_C	50	0.835616438356	-10.792	-10.758	-6.43339
A32C_A	63	0.87012987013	-10.7932	-10.4844	-25.4751
K1041S_C	71	0.794520547945	-10.8285	-10.8793	-8.02967
T61Y_A	82	0.837662337662	-10.8014	-10.4371	-26.564
S1032C_C	88	0.753424657534	-10.7494	-10.8665	-7.15289
G101H_A	99	0.798701298701	-10.6805	-10.3292	-23.9388
Q1076N_C	108	0.712328767123	-10.5053	-10.7793	-6.59728
E131W_A	117	0.779220779221	-10.5207	-10.2439	-24.602
C32N_A	133	0.766233766234	-10.5079	-10.2285	-24.8017
Q1073T_C	146	0.643835616438	-10.5531	-10.8907	-7.13099
G44M_A	155	0.74025974026	-12.8485	-12.1194	-28.835
P1044F_C	160	0.616438356164	-12.9933	-10.8394	-6.01946
G1023V_C	168	0.616438356164	-13.0076	-10.8351	-7.11496
I112L_A	174	0.720779220779	-12.9555	-12.0862	-30.2287
N52Q_A	181	0.694805194805	-13.3552	-12.0546	-28.1928
V113S_A	189	0.668831168831	-13.3671	-12.0342	-25.4804
L6V_A	197	0.662337662338	-13.3861	-12.0817	-25.8956
F22W_A	208	0.649350649351	-11.5894	-10.2527	-23.892
N1025R_C	217	0.575342465753	-11.8228	-11.5916	-7.77152
W134F_A	227	0.636363636364	-11.3688	-10.5431	-24.6075
A1062M_C	235	0.534246575342	-11.2594	-11.1398	-7.0281
N66Q_A	243	0.62987012987	-11.2564	-10.366	-25.0836
M85T_A	256	0.616883116883	-11.0779	-10.1347	-24.3649
C125M_A	266	0.61038961039	-11.078	-10.1295	-26.967
D121A_A	280	0.597402597403	-10.588	-10.1173	-24.6078
M122N_A	287	0.603896103896	-11.034	-10.3432	-24.0101
T51F_A	299	0.590909090909	-11.0331	-10.4344	-24.7914
R146Y_A	311	0.584415584416	-11.1382	-10.5657	-24.6331
F51S_A	318	0.571428571429	-11.5782	-10.709	-26.7564
C117D_A	326	0.564935064935	-11.6763	-10.6629	-24.5458
S156E_A	336	0.558441558442	-11.9449	-10.9023	-24.7963
D1061T_C	346	0.506849315068	-11.9757	-11.2385	-6.39418
T1061A_C	356	0.493150684932	-11.4404	-10.5368	-7.42505
T48N_A	375	0.532467532468	-10.5464	-9.8361	-24.4841
Q111L_A	393	0.525974025974	-10.5683	-9.83616	-24.9804
M1075Q_C	403	0.452054794521	-10.5687	-10.5429	-7.58088
D118A_A	424	0.512987012987	-10.5575	-9.83283	-25.5783
V1050T_C	434	0.452054794521	-10.5634	-9.75041	-7.13157
S1041G_C	452	0.465753424658	-10.4923	-10.5455	-7.16897
A118F_A	462	0.512987012987	-10.5106	-9.89814	-25.0519
K15W_A	473	0.506493506494	-12.3933	-11.9882	-25.4295
V52E_A	479	0.5	-12.3933	-12.005	-24.5327
N1086C_C	486	0.438356164384	-10.9885	-8.88625	-8.20772
L1060W_C	499	0.452054794521	-10.907	-8.04209	-7.63993
I150L_A	512	0.493506493506	-10.7807	-11.7467	-24.636
V1095T_C	526	0.424657534247	-10.73	-8.10102	-7.10522
T1023G_C	536	0.41095890411	-10.9643	-7.99399	-6.41607
K31C_A	550	0.474025974026	-10.9523	-12.0874	-26.9367
Q135N_A	557	0.474025974026	-10.9058	-11.9879	-25.7609
R1061C_C	568	0.424657534247	-10.9106	-8.65881	-5.83814
R138H_A	578	0.461038961039	-10.9101	-12.1408	-25.0724
N1044Y_C	596	0.424657534247	-10.8745	-8.66348	-6.49285
F67I_A	602	0.461038961039	-11.1484	-12.2907	-24.1958
Y4G_A	615	0.448051948052	-11.1639	-12.4441	-23.9735
E100L_A	633	0.441558441558	-11.163	-12.4914	-25.1418
Y1044V_C	640	0.383561643836	-11.1551	-8.80521	-6.06237
N122K_A	647	0.441558441558	-11.1532	-12.4581	-25.1849
Y87M_A	657	0.435064935065	-11.159	-12.4561	-23.8875
Y140W_A	670	0.441558441558	-11.0373	-12.4414	-24.2714
T29L_A	686	0.441558441558	-11.2954	-12.4974	-26.1874
W146K_A	699	0.448051948052	-11.1131	-12.5019	-25.1484
C131H_A	720	0.441558441558	-11.1117	-12.5014	-25.2589
I124L_A	729	0.435064935065	-11.1133	-12.4883	-24.3754
T1070I_C	734	0.369863013699	-11.9819	-8.36756	-8.73866
L29K_A	746	0.428571428571	-11.9808	-12.4881	-24.9127
L127Y_A	761	0.422077922078	-11.9894	-12.4429	-25.2217
T133L_A	775	0.422077922078	-11.9909	-12.5095	-26.1404
W1066A_C	782	0.369863013699	-10.8971	-8.34219	-8.83806
L16W_A	788	0.422077922078	-11.2935	-11.9857	-26.3896
P1041K_C	803	0.383561643836	-11.2383	-8.33	-7.27008
I1070E_C	822	0.369863013699	-11.3415	-8.74402	-7.51563
P1061H_C	828	0.369863013699	-11.1123	-8.571	-6.82136
A1066Y_C	839	0.369863013699	-11.2839	-8.50804	-8.57968
M151I_A	850	0.409090909091	-11.2565	-12.0932	-24.3963
W51E_A	866	0.409090909091	-11.3008	-12.3431	-24.7551
M1032S_C	873	0.383561643836	-10.9647	-8.95419	-7.45492
V135R_A	882	0.415584415584	-10.9116	-12.3447	-25.9401
L4F_A	897	0.402597402597	-10.9169	-12.2101	-24.9399
F42Y_A	922	0.402597402597	-10.9156	-12.279	-25.5177
S1062N_C	937	0.369863013699	-10.951	-8.9759	-6.85663
N100E_A	949	0.396103896104	-10.9275	-12.3152	-24.6017
K7L_A	969	0.402597402597	-10.7179	-12.1188	-24.7796
K76L_A	978	0.396103896104	-10.615	-11.9823	-24.6138
Y82I_A	999	0.38961038961	-10.5814	-12.0047	-24.2868
