name	count	identity	evolved_interaction	ancestral_interaction	stability
T91H_A	1	0.993506493506	-10.4732	-10.5183	-26.2269
Q1076H_C	15	0.986301369863	-10.4851	-10.4935	-8.18558
Q10F_A	24	0.948051948052	-10.6719	-10.4953	-29.2379
R8M_A	34	0.928571428571	-10.5859	-10.4354	-28.9331
F118T_A	41	0.915584415584	-10.6064	-10.4276	-29.4909
E1094S_C	47	0.945205479452	-10.7314	-10.8169	-6.21392
A1074T_C	55	0.917808219178	-10.7241	-10.8174	-6.96298
K1038F_C	63	0.876712328767	-10.739	-10.8245	-6.42825
K15W_A	73	0.837662337662	-12.2642	-10.7145	-24.4803
D37E_A	83	0.811688311688	-12.3699	-10.6512	-26.9597
T1043D_C	100	0.86301369863	-12.1583	-11.7652	-7.07
A142Q_A	107	0.772727272727	-12.0698	-10.4534	-24.407
Y144M_A	118	0.75974025974	-12.0333	-10.4488	-26.3222
D1085C_C	126	0.794520547945	-11.7998	-11.8871	-6.31315
K1040P_C	137	0.753424657534	-11.248	-11.2283	-11.3469
L109A_A	144	0.74025974026	-11.1832	-10.2549	-23.9901
Q142P_A	155	0.733766233766	-10.8924	-10.1843	-24.4827
A7T_A	164	0.727272727273	-11.3354	-10.185	-24.5566
D33P_A	172	0.707792207792	-11.2092	-10.0243	-25.1215
D102C_A	184	0.694805194805	-11.0581	-9.78418	-24.4452
R1047P_C	192	0.657534246575	-11.2115	-11.2409	-7.81818
N15S_A	203	0.668831168831	-11.3647	-10.4278	-24.4675
S122D_A	221	0.655844155844	-11.1795	-10.3652	-24.7851
D1080F_C	227	0.630136986301	-12.1946	-12.2939	-7.55305
N52F_A	235	0.642857142857	-12.4804	-10.5912	-25.8947
A26V_A	241	0.62987012987	-12.6176	-10.5904	-25.3589
E104T_A	249	0.623376623377	-11.6882	-10.3055	-24.9322
E42K_A	264	0.61038961039	-11.9881	-10.7787	-24.0378
Q117C_A	272	0.590909090909	-11.9674	-10.4028	-24.2805
S95K_A	280	0.571428571429	-12.1285	-10.4386	-26.1793
S154A_A	288	0.564935064935	-12.128	-10.4299	-25.2886
A154Y_A	299	0.558441558442	-11.5611	-10.6725	-24.7095
F1038M_C	309	0.58904109589	-11.6611	-9.08755	-8.20771
A1053Q_C	320	0.575342465753	-10.6952	-8.58775	-6.19466
E1059A_C	326	0.561643835616	-10.7121	-8.60665	-7.604
N32A_A	339	0.558441558442	-10.6951	-10.5586	-24.9073
C128S_A	346	0.558441558442	-10.8365	-10.5575	-23.9987
T100Y_A	356	0.558441558442	-10.5006	-10.569	-24.996
F134K_A	363	0.545454545455	-10.4996	-10.569	-24.3451
Q156G_A	380	0.545454545455	-10.5125	-10.881	-24.6805
K134L_A	396	0.525974025974	-10.5263	-10.8824	-24.9639
S124Y_A	411	0.506493506494	-10.5598	-10.9265	-26.0931
K1087T_C	418	0.534246575342	-11.3724	-9.73686	-6.43472
H31I_A	424	0.493506493506	-11.4181	-10.9273	-27.9109
K151I_A	430	0.493506493506	-11.406	-10.9339	-28.6665
M50G_A	445	0.5	-11.4336	-10.9417	-25.9575
D122C_A	454	0.493506493506	-11.4535	-10.8866	-24.4257
L1045V_C	461	0.493150684932	-10.8682	-9.20283	-8.1836
V26D_A	469	0.493506493506	-10.817	-9.90047	-27.0783
M144I_A	476	0.487012987013	-10.808	-9.90047	-24.7425
S87P_A	486	0.487012987013	-10.7842	-9.90047	-25.3771
Y100D_A	495	0.493506493506	-10.6787	-9.89981	-24.2227
S43L_A	507	0.493506493506	-11.0784	-10.0494	-25.2019
G149D_A	523	0.5	-11.1089	-9.91005	-24.5334
R135M_A	533	0.493506493506	-11.0543	-10.0618	-25.755
G140Y_A	541	0.493506493506	-10.9727	-10.0543	-25.0218
D146C_A	546	0.487012987013	-10.989	-9.91467	-24.2121
E143H_A	560	0.474025974026	-10.995	-9.89084	-26.1558
A68E_A	567	0.454545454545	-10.856	-9.76245	-24.7772
E37L_A	577	0.448051948052	-10.9558	-9.89593	-25.5625
Y7I_A	585	0.448051948052	-11.5618	-9.92593	-25.8961
K95W_A	591	0.448051948052	-11.578	-9.93472	-26.2476
W10I_A	604	0.448051948052	-11.6858	-9.56766	-24.6541
A1029Q_C	613	0.438356164384	-10.9772	-9.29504	-6.641
E1046F_C	627	0.438356164384	-10.9053	-9.38213	-8.81963
I1035R_C	638	0.424657534247	-11.64	-9.644	-8.44927
D1070M_C	650	0.424657534247	-10.4574	-9.72458	-8.19797
K141Q_A	657	0.435064935065	-10.4736	-9.50442	-26.6439
V29L_A	668	0.428571428571	-10.487	-9.50925	-25.1604
H143I_A	678	0.422077922078	-10.5165	-8.82307	-26.4006
N1043D_C	684	0.424657534247	-10.5018	-9.45336	-6.5548
A1059V_C	695	0.424657534247	-10.4801	-9.43569	-6.07541
V1028C_C	709	0.41095890411	-10.7738	-9.43823	-6.15828
V31R_A	720	0.422077922078	-10.7718	-9.42731	-25.5967
M59Y_A	734	0.415584415584	-10.6224	-9.3856	-24.6767
V1059Q_C	748	0.41095890411	-10.8503	-9.50172	-7.50356
R1071W_C	757	0.383561643836	-10.7805	-9.38459	-6.78138
F104L_A	768	0.415584415584	-10.6755	-9.37086	-26.7386
N50C_A	776	0.415584415584	-10.7053	-9.34848	-25.8179
Q88V_A	783	0.415584415584	-10.7346	-9.39558	-27.0465
S1040E_C	792	0.342465753425	-10.7598	-9.58599	-8.07823
K110E_A	799	0.38961038961	-10.4744	-9.16638	-30.2551
E61H_A	805	0.376623376623	-10.4984	-8.8958	-24.6491
Q1062I_C	814	0.356164383562	-10.499	-9.58063	-7.04644
V116L_A	823	0.37012987013	-10.4989	-8.91553	-27.5948
C146L_A	834	0.357142857143	-10.5054	-8.91591	-26.6705
Y67F_A	855	0.350649350649	-10.5093	-8.5998	-24.8671
M18R_A	871	0.350649350649	-12.2209	-9.36092	-25.7013
D142M_A	879	0.344155844156	-11.5581	-8.39808	-24.7458
V121E_A	886	0.344155844156	-11.5929	-8.39891	-25.5837
L70I_A	891	0.337662337662	-11.6022	-8.40008	-24.5187
E79Q_A	901	0.337662337662	-11.7422	-8.40002	-24.1611
W145R_A	921	0.337662337662	-11.7201	-8.50046	-23.8331
Q1059Y_C	934	0.356164383562	-11.5256	-11.4667	-7.19792
C1054Q_C	953	0.356164383562	-11.8844	-11.4468	-7.45393
P99L_A	961	0.324675324675	-10.819	-7.72283	-24.7201
I1063Y_C	971	0.328767123288	-10.7466	-9.15725	-7.35824
R31W_A	981	0.324675324675	-11.4363	-7.71787	-25.3747
H32D_A	987	0.324675324675	-11.3195	-7.67796	-24.6486
K14A_A	994	0.318181818182	-11.4187	-7.46582	-27.9667
