name	count	identity	interface_identity	non_interface_identity	evolved_interaction	ancestral_interaction	stability
P69G_A	1	0.993506493506	1.0	0.992592592593	-10.4793	-10.5213	-23.6463
A26G_A	13	0.974025974026	0.947368421053	0.977777777778	-10.4352	-10.5148	-24.594
Q111P_A	25	0.948051948052	0.947368421053	0.948148148148	-10.5368	-10.5189	-24.9614
T61F_A	33	0.922077922078	0.947368421053	0.918518518519	-10.527	-10.5168	-25.7109
E1034F_C	38	0.931506849315	0.909090909091	0.941176470588	-11.0822	-10.4617	-8.02706
S1033F_C	49	0.904109589041	0.909090909091	0.901960784314	-10.9884	-11.3483	-7.72876
L6W_A	58	0.87012987013	0.842105263158	0.874074074074	-11.1107	-10.67	-23.9857
A7R_A	67	0.850649350649	0.842105263158	0.851851851852	-10.7835	-10.6603	-24.5192
P65F_A	77	0.831168831169	0.842105263158	0.82962962963	-10.7135	-10.6519	-24.3281
L4V_A	91	0.805194805195	0.842105263158	0.8	-10.7843	-9.79344	-23.0652
L109Q_A	99	0.785714285714	0.842105263158	0.777777777778	-10.8141	-10.7988	-23.7998
P1062C_C	107	0.835616438356	0.863636363636	0.823529411765	-10.4708	-10.2617	-7.43902
W16F_A	123	0.746753246753	0.736842105263	0.748148148148	-10.4702	-10.3565	-23.9156
E101M_A	145	0.746753246753	0.736842105263	0.748148148148	-10.5103	-10.3567	-24.6899
E1079M_C	163	0.753424657534	0.863636363636	0.705882352941	-10.394	-10.2025	-7.72814
F61K_A	182	0.720779220779	0.736842105263	0.718518518519	-10.4024	-10.3503	-25.9081
A106F_A	193	0.707792207792	0.736842105263	0.703703703704	-10.4101	-10.362	-24.4857
L29Q_A	203	0.701298701299	0.7	0.701492537313	-10.8847	-10.2902	-24.6467
M11V_A	215	0.681818181818	0.65	0.686567164179	-10.6883	-10.0711	-25.0081
L57R_A	227	0.668831168831	0.65	0.671641791045	-11.8222	-10.8642	-24.0241
M71F_A	239	0.649350649351	0.65	0.649253731343	-11.8506	-10.8001	-24.7963
D32C_A	248	0.636363636364	0.65	0.634328358209	-11.934	-10.8138	-24.4046
W1086K_C	271	0.684931506849	0.782608695652	0.64	-11.6183	-11.4996	-7.63129
K1058N_C	279	0.671232876712	0.782608695652	0.62	-11.0754	-11.2125	-6.12575
Q130N_A	286	0.61038961039	0.65	0.60447761194	-11.1788	-10.027	-28.3235
K141L_A	294	0.597402597403	0.65	0.589552238806	-11.219	-10.0858	-24.5485
Q1056N_C	303	0.657534246575	0.782608695652	0.6	-11.2034	-11.4568	-6.07866
N1058C_C	318	0.657534246575	0.782608695652	0.6	-11.1786	-11.4421	-7.28814
V11W_A	326	0.577922077922	0.65	0.567164179104	-11.1349	-10.0847	-26.1291
G146A_A	338	0.571428571429	0.6	0.567164179104	-10.9485	-10.2198	-25.6495
F65T_A	346	0.558441558442	0.55	0.559701492537	-10.6186	-10.0112	-26.1664
R1079S_C	356	0.602739726027	0.739130434783	0.54	-11.5609	-12.056	-6.10599
D1023M_C	363	0.58904109589	0.739130434783	0.52	-11.4599	-11.9297	-8.22131
Q29C_A	377	0.538961038961	0.55	0.537313432836	-11.075	-10.0215	-24.2812
W105M_A	384	0.532467532468	0.578947368421	0.525925925926	-10.6811	-9.8287	-25.1118
A79L_A	398	0.519480519481	0.578947368421	0.511111111111	-10.683	-9.8303	-23.881
D100L_A	416	0.512987012987	0.578947368421	0.503703703704	-10.7049	-9.79064	-24.3421
T1077V_C	423	0.520547945205	0.739130434783	0.42	-10.6495	-11.2777	-6.23375
P131I_A	432	0.506493506494	0.578947368421	0.496296296296	-10.7051	-9.38043	-25.6025
A100W_A	437	0.506493506494	0.578947368421	0.496296296296	-12.3242	-10.2998	-27.0024
S70I_A	442	0.487012987013	0.526315789474	0.481481481481	-11.548	-9.9927	-30.5846
C1041I_C	454	0.520547945205	0.739130434783	0.42	-11.6511	-10.6031	-7.58907
K74M_A	462	0.461038961039	0.526315789474	0.451851851852	-11.6373	-9.92363	-25.0781
N128D_A	472	0.467532467532	0.526315789474	0.459259259259	-11.1952	-9.92363	-24.6138
K1059Y_C	490	0.506849315068	0.695652173913	0.42	-10.9471	-10.7211	-8.59423
A1040E_C	507	0.506849315068	0.695652173913	0.42	-10.8386	-10.3356	-8.52956
E1059Q_C	521	0.506849315068	0.695652173913	0.42	-10.8013	-10.519	-6.32609
I1049C_C	538	0.493150684932	0.695652173913	0.4	-11.3118	-10.2647	-7.19532
V147E_A	548	0.454545454545	0.4375	0.45652173913	-11.0993	-9.96972	-24.7044
F143P_A	562	0.448051948052	0.411764705882	0.452554744526	-11.1916	-10.4298	-24.2014
V1038Y_C	568	0.452054794521	0.695652173913	0.34	-11.2018	-10.3264	-6.55618
S1029L_C	576	0.438356164384	0.652173913043	0.34	-11.9311	-11.232	-7.89651
A129S_A	586	0.422077922078	0.411764705882	0.423357664234	-12.0174	-10.4881	-24.308
E49H_A	597	0.409090909091	0.411764705882	0.408759124088	-12.396	-10.587	-23.8304
F24M_A	603	0.409090909091	0.352941176471	0.416058394161	-12.5308	-10.6614	-24.5247
A82P_A	611	0.415584415584	0.352941176471	0.423357664234	-12.5314	-10.6587	-25.2764
D98E_A	620	0.415584415584	0.352941176471	0.423357664234	-11.5615	-10.6979	-25.4971
L141W_A	628	0.409090909091	0.294117647059	0.423357664234	-10.8654	-9.73886	-24.5086
Q1059S_C	640	0.397260273973	0.565217391304	0.32	-10.9777	-10.5974	-7.01379
F1052M_C	648	0.369863013699	0.521739130435	0.3	-10.6532	-10.5643	-6.54388
F118E_A	663	0.415584415584	0.294117647059	0.430656934307	-10.6303	-10.2429	-24.2853
C126D_A	673	0.415584415584	0.294117647059	0.430656934307	-10.6183	-10.2205	-24.4224
L1070Y_C	685	0.356164383562	0.521739130435	0.28	-10.609	-10.554	-7.20986
Q78D_A	692	0.415584415584	0.294117647059	0.430656934307	-10.5994	-10.2436	-23.9437
I36E_A	706	0.415584415584	0.294117647059	0.430656934307	-10.7188	-9.65642	-24.1061
N115R_A	720	0.402597402597	0.368421052632	0.407407407407	-10.8064	-9.70777	-24.1701
C29K_A	742	0.396103896104	0.333333333333	0.404411764706	-11.0453	-9.72576	-25.0047
Q11N_A	749	0.38961038961	0.277777777778	0.404411764706	-11.5098	-10.1071	-24.2455
E98W_A	755	0.383116883117	0.277777777778	0.397058823529	-11.6348	-10.1615	-26.3241
G127K_A	766	0.376623376623	0.277777777778	0.389705882353	-11.5753	-10.1656	-25.6627
A1056W_C	775	0.342465753425	0.478260869565	0.28	-11.5967	-10.2752	-8.10565
E1066V_C	785	0.369863013699	0.478260869565	0.32	-11.533	-10.4623	-10.0671
A49L_A	801	0.376623376623	0.277777777778	0.389705882353	-11.4908	-10.2151	-25.9425
A133Q_A	812	0.37012987013	0.277777777778	0.382352941176	-11.46	-10.1893	-25.1932
F71A_A	827	0.363636363636	0.277777777778	0.375	-11.4293	-10.181	-24.4701
F146M_A	836	0.363636363636	0.277777777778	0.375	-11.4513	-10.0453	-24.6882
T1059W_C	855	0.356164383562	0.478260869565	0.3	-11.2331	-10.4372	-7.20479
Q1075F_C	861	0.342465753425	0.478260869565	0.28	-11.2469	-10.6891	-9.16432
W6F_A	872	0.350649350649	0.222222222222	0.367647058824	-10.9196	-10.0605	-25.2954
Y18R_A	878	0.350649350649	0.222222222222	0.367647058824	-12.3386	-12.1892	-23.8233
N11R_A	886	0.350649350649	0.222222222222	0.367647058824	-12.6764	-12.2005	-26.4946
N1037R_C	904	0.342465753425	0.478260869565	0.28	-12.6944	-10.534	-6.99892
V100N_A	915	0.350649350649	0.222222222222	0.367647058824	-12.6963	-12.1802	-24.2105
W143N_A	929	0.357142857143	0.277777777778	0.367647058824	-11.1003	-10.5366	-24.4984
M1023K_C	944	0.342465753425	0.434782608696	0.3	-10.5742	-10.551	-5.99816
E1040Y_C	954	0.342465753425	0.434782608696	0.3	-10.632	-10.4524	-5.91044
Q118L_A	970	0.363636363636	0.277777777778	0.375	-10.6298	-10.7128	-26.1357
K127L_A	977	0.363636363636	0.277777777778	0.375	-10.6263	-10.735	-27.8289
R38P_A	982	0.357142857143	0.277777777778	0.367647058824	-10.469	-10.7271	-29.4889
L121K_A	990	0.350649350649	0.294117647059	0.357664233577	-10.5371	-10.7824	-25.0854
H1079D_C	998	0.328767123288	0.434782608696	0.28	-10.7746	-10.5162	-6.27511
