name	count	identity	evolved_interaction	ancestral_interaction	stability
Q7K_A	1	0.993506493506	-10.4928	-10.5123	-25.7056
D121T_A	8	0.974025974026	-10.4984	-10.5141	-25.6472
Q111A_A	19	0.954545454545	-10.5582	-10.5781	-25.2025
K7W_A	25	0.941558441558	-10.5351	-10.5224	-28.1028
M119G_A	33	0.935064935065	-11.1585	-10.5379	-25.9653
D1080Y_C	50	0.876712328767	-11.0656	-11.0111	-6.14716
T1042Q_C	58	0.849315068493	-11.047	-11.008	-7.17531
I112V_A	68	0.883116883117	-11.1073	-10.5331	-27.6025
K1054F_C	86	0.808219178082	-12.0715	-11.0512	-6.2917
I1070C_C	108	0.794520547945	-10.5436	-10.9471	-6.10797
T1077L_C	120	0.780821917808	-10.6074	-11.0516	-6.63444
Y125W_A	129	0.818181818182	-10.4598	-9.89494	-25.193
V40R_A	135	0.818181818182	-10.5219	-10.0139	-26.6305
S122C_A	143	0.805194805195	-12.6802	-11.8413	-24.6668
R139T_A	148	0.792207792208	-12.5533	-11.8411	-26.4237
Q1042C_C	163	0.712328767123	-12.5543	-10.6495	-6.87122
K18E_A	170	0.772727272727	-10.4716	-10.3475	-23.9728
S127K_A	177	0.746753246753	-10.9998	-10.5998	-26.384
L114M_A	185	0.727272727273	-11.0631	-10.3134	-26.0022
R91N_A	197	0.714285714286	-11.701	-10.777	-24.1491
L38M_A	206	0.688311688312	-12.4652	-11.3468	-24.6982
D1046K_C	214	0.643835616438	-12.4554	-10.5752	-7.82257
Y1039I_C	231	0.630136986301	-12.9164	-9.51397	-5.99521
R13W_A	242	0.675324675325	-11.6719	-8.833	-28.9835
V29Y_A	249	0.649350649351	-11.6788	-8.65406	-23.895
E1084N_C	256	0.602739726027	-10.6573	-6.37445	-8.59368
D1082Y_C	262	0.58904109589	-10.4753	-5.78694	-8.36983
F136I_A	267	0.636363636364	-10.4867	-8.21213	-24.8116
R1047Y_C	273	0.561643835616	-10.5858	-5.90109	-8.46101
T153F_A	280	0.616883116883	-10.5358	-8.39245	-24.5232
P95N_A	287	0.597402597403	-11.0701	-8.4565	-24.2349
K76I_A	297	0.577922077922	-11.1944	-8.12543	-26.8927
D1085L_C	305	0.520547945205	-10.9842	-5.8303	-7.19662
F1054Y_C	313	0.520547945205	-10.9861	-5.83027	-6.58855
K1046R_C	324	0.534246575342	-10.9991	-5.83504	-7.36108
S1029G_C	332	0.534246575342	-10.9518	-6.01488	-6.85947
K1041R_C	341	0.506849315068	-11.0539	-5.89445	-7.39574
T70E_A	354	0.525974025974	-11.1257	-8.32704	-23.9645
Q32H_A	366	0.525974025974	-11.0151	-8.36606	-24.6099
R153S_A	378	0.525974025974	-11.0932	-8.27861	-23.9957
Y1047P_C	402	0.479452054795	-11.7785	-6.18859	-8.30801
V57K_A	416	0.525974025974	-12.0454	-8.37633	-25.07
V135Y_A	422	0.525974025974	-12.11	-8.3729	-25.7442
A1047S_C	433	0.479452054795	-12.0858	-6.12025	-8.47985
W1032H_C	457	0.479452054795	-12.0598	-6.13927	-7.32382
A39N_A	463	0.512987012987	-12.7645	-8.51586	-24.3559
Q1034V_C	472	0.465753424658	-12.0594	-6.14349	-6.55384
V1059F_C	485	0.465753424658	-10.4548	-7.75579	-7.06596
E62M_A	500	0.506493506494	-10.5032	-9.39769	-29.9911
C5K_A	508	0.487012987013	-10.4746	-9.41754	-25.8511
Q1079W_C	526	0.438356164384	-10.4112	-7.71325	-6.1552
V76I_A	539	0.474025974026	-10.4102	-9.08088	-25.5039
E91Y_A	556	0.474025974026	-10.4048	-9.14889	-25.8588
K71W_A	571	0.467532467532	-10.4048	-9.28827	-24.6228
D1068M_C	579	0.424657534247	-12.1544	-6.31424	-6.73918
H32K_A	589	0.474025974026	-12.1583	-9.04082	-24.9764
K146F_A	595	0.474025974026	-11.9756	-9.04168	-25.9406
F31D_A	601	0.474025974026	-11.978	-8.9095	-25.2322
T1043K_C	610	0.383561643836	-11.8969	-6.23313	-7.01693
C151R_A	619	0.461038961039	-11.91	-9.0315	-25.5435
H59R_A	629	0.448051948052	-12.369	-9.51544	-25.6148
I76R_A	636	0.428571428571	-12.1114	-9.38275	-24.2785
I1058T_C	642	0.369863013699	-12.1312	-6.09072	-7.33981
L1075H_C	663	0.369863013699	-12.1514	-6.09072	-6.415
A1070W_C	685	0.369863013699	-13.4685	-6.65358	-6.2414
K66S_A	692	0.422077922078	-13.499	-9.46163	-24.3715
E151F_A	702	0.422077922078	-13.5626	-9.46546	-24.9879
K1038I_C	712	0.342465753425	-10.8212	-5.70074	-6.04294
T51I_A	719	0.402597402597	-10.7021	-9.3491	-25.1182
L3F_A	733	0.38961038961	-10.6604	-9.4672	-23.6865
E96R_A	740	0.383116883117	-11.0098	-9.31116	-26.4842
S1047M_C	750	0.301369863014	-11.0574	-4.90373	-7.18068
L97Q_A	773	0.376623376623	-10.6676	-9.39445	-25.8464
A79G_A	782	0.37012987013	-10.7131	-9.20542	-24.568
S70V_A	795	0.37012987013	-10.6611	-9.12661	-23.6896
M71K_A	813	0.383116883117	-10.7433	-9.08932	-23.5945
Y1054K_C	823	0.301369863014	-10.9492	-4.55964	-7.67175
N1051W_C	832	0.301369863014	-11.1632	-5.10874	-7.17113
Q1087A_C	852	0.301369863014	-11.4679	-4.65015	-7.61655
Q101K_A	861	0.38961038961	-11.5069	-8.69042	-24.7432
E126C_A	870	0.38961038961	-11.4598	-8.71294	-24.0619
K1050I_C	891	0.260273972603	-12.0441	-6.00464	-7.0645
C48H_A	902	0.383116883117	-12.1161	-8.85339	-24.9726
V1034I_C	913	0.27397260274	-12.0825	-5.41582	-6.92527
Y125P_A	933	0.396103896104	-12.0599	-8.85445	-25.8213
A1077T_C	945	0.287671232877	-11.4763	-5.34843	-6.426
R1076W_C	960	0.287671232877	-11.4626	-5.19142	-6.4622
K147Y_A	985	0.402597402597	-11.6968	-8.75155	-24.2679
S1086H_C	997	0.27397260274	-11.856	-6.68958	-6.41181
