name	count	identity	evolved_interaction	ancestral_interaction	stability
K15A_A	1	0.993506493506	-10.3161	-10.3481	-25.7197
S95V_A	11	0.974025974026	-11.174	-11.1476	-25.0183
Q10S_A	20	0.954545454545	-11.0864	-11.1119	-24.1055
R1064W_C	25	0.931506849315	-11.038	-10.2369	-7.218
F1036S_C	34	0.917808219178	-10.9997	-10.1871	-5.88611
E1084D_C	42	0.890410958904	-11.5592	-9.56164	-7.62321
D19M_A	55	0.876623376623	-11.7513	-11.1483	-25.5864
Q151C_A	62	0.850649350649	-11.8162	-11.1381	-25.7331
K1054Q_C	70	0.835616438356	-11.5538	-9.5133	-7.18207
N1086Q_C	79	0.808219178082	-11.5123	-9.65421	-6.89215
R1046I_C	88	0.780821917808	-11.5312	-9.65712	-6.9903
I1039V_C	95	0.767123287671	-11.5848	-9.73452	-6.13729
S1043C_C	107	0.753424657534	-11.4872	-9.69221	-6.66695
I1046V_C	113	0.739726027397	-11.4774	-10.2084	-6.9027
V1039R_C	121	0.712328767123	-10.9784	-9.75364	-6.2153
E11A_A	133	0.766233766234	-11.2463	-10.6984	-28.2245
H1062E_C	145	0.671232876712	-11.1639	-9.94741	-8.57349
H1064V_C	163	0.657534246575	-11.0356	-8.54207	-8.66824
K27M_A	175	0.733766233766	-11.0012	-10.6227	-24.9356
K1051N_C	180	0.643835616438	-11.0685	-8.57547	-10.5209
C151L_A	189	0.707792207792	-11.042	-10.6537	-27.7618
M66R_A	201	0.701298701299	-10.9657	-10.9666	-24.749
N1051F_C	208	0.602739726027	-11.2136	-8.51642	-5.95153
T127H_A	216	0.694805194805	-11.1773	-10.8204	-27.7105
L4P_A	224	0.681818181818	-11.1779	-10.7976	-25.5427
V29R_A	229	0.675324675325	-11.1743	-10.8048	-24.3355
R37M_A	254	0.668831168831	-11.2466	-10.7839	-27.7928
F1051I_C	264	0.561643835616	-11.2488	-8.6964	-6.9037
I96K_A	277	0.642857142857	-11.2661	-10.8311	-24.8474
A52D_A	295	0.649350649351	-11.3868	-10.7485	-24.9154
Y64M_A	304	0.642857142857	-11.7008	-10.6782	-26.5666
Y1044A_C	310	0.520547945205	-11.1276	-8.80019	-7.98691
K1038E_C	317	0.493150684932	-10.6885	-8.44522	-7.10469
N1094Q_C	327	0.479452054795	-10.6563	-8.26874	-8.38921
L1081N_C	342	0.465753424658	-10.8651	-8.477	-6.48114
A32F_A	361	0.623376623377	-10.6478	-10.0819	-25.205
A145R_A	380	0.623376623377	-10.7225	-10.268	-25.643
K147I_A	393	0.597402597403	-10.7216	-10.334	-24.6193
Q1073M_C	407	0.424657534247	-10.721	-8.34747	-8.5031
F32P_A	419	0.590909090909	-10.8055	-10.4678	-24.801
K1041E_C	428	0.397260273973	-10.8666	-8.49199	-7.1495
Q117N_A	439	0.551948051948	-12.4164	-11.8063	-24.7682
N124A_A	459	0.545454545455	-12.6763	-11.8641	-25.9656
W144Q_A	467	0.551948051948	-11.3804	-11.6766	-24.3226
S1032K_C	478	0.369863013699	-11.3236	-8.34305	-8.24695
K101D_A	490	0.545454545455	-11.2121	-11.5777	-24.1802
L1078M_C	500	0.369863013699	-11.196	-8.32692	-6.29993
Y58L_A	507	0.506493506494	-11.1928	-11.6635	-24.7172
Q130Y_A	524	0.5	-11.21	-11.6064	-24.6044
H20F_A	544	0.480519480519	-11.6636	-11.5719	-24.7236
V57W_A	558	0.467532467532	-12.4934	-12.3796	-26.7441
L114M_A	566	0.461038961039	-12.3484	-12.3511	-27.7972
I89Q_A	576	0.454545454545	-12.3441	-12.3443	-25.3536
A1044K_C	586	0.369863013699	-11.9558	-8.94036	-7.0637
A138M_A	594	0.441558441558	-11.7051	-11.9905	-26.3824
D1061E_C	601	0.356164383562	-11.7495	-8.85325	-8.801
R70G_A	607	0.422077922078	-11.8321	-12.0216	-24.3629
W100C_A	620	0.415584415584	-11.2788	-11.946	-24.3629
G70V_A	634	0.409090909091	-10.8496	-11.7291	-24.688
Q75N_A	647	0.402597402597	-10.9381	-11.3927	-25.4317
C61W_A	665	0.402597402597	-10.9368	-11.3924	-26.3497
L100N_A	676	0.396103896104	-10.8726	-11.3388	-26.0377
Y1054I_C	683	0.356164383562	-10.9829	-8.70943	-8.19179
L149C_A	690	0.376623376623	-10.8124	-11.798	-24.9417
L134F_A	695	0.376623376623	-10.7248	-11.6138	-27.3725
R69A_A	700	0.37012987013	-10.6121	-11.7702	-24.254
K110Y_A	710	0.363636363636	-10.6456	-11.2662	-25.0693
K150G_A	719	0.363636363636	-10.5947	-11.2573	-24.2278
N1079W_C	744	0.301369863014	-10.7824	-8.71295	-7.01431
R29I_A	752	0.363636363636	-10.6329	-10.8953	-24.6234
W1079T_C	762	0.301369863014	-10.6079	-8.72701	-8.61633
K14M_A	768	0.337662337662	-10.6529	-10.5649	-25.8794
A21E_A	778	0.337662337662	-10.5705	-10.7755	-24.0559
P4M_A	802	0.337662337662	-10.5085	-10.599	-24.2203
W67K_A	820	0.331168831169	-10.6544	-10.7819	-24.2368
P1062A_C	847	0.301369863014	-12.6062	-10.074	-5.93337
N1047K_C	867	0.301369863014	-12.8072	-10.2366	-6.2582
R1029L_C	882	0.301369863014	-11.8209	-9.81113	-6.50594
Q1091C_C	894	0.301369863014	-11.7454	-9.71323	-8.48386
Y96M_A	905	0.337662337662	-12.1586	-11.3007	-25.3459
P46L_A	912	0.324675324675	-12.2035	-11.2968	-26.227
P59I_A	919	0.318181818182	-12.4225	-11.3655	-25.0311
T1079S_C	934	0.287671232877	-12.626	-9.58866	-7.42568
H137C_A	944	0.318181818182	-12.6316	-11.7633	-24.0685
C7A_A	961	0.318181818182	-12.5706	-12.1068	-25.2359
D95P_A	968	0.318181818182	-11.9748	-12.0746	-27.736
K1027L_C	973	0.246575342466	-11.9392	-8.64757	-8.2191
I1035V_C	988	0.232876712329	-11.9418	-8.64889	-6.84489
