name	count	identity	evolved_interaction	ancestral_interaction	stability
K71M_A	1	0.993506493506	-10.5028	-10.5149	-26.5259
A1091V_C	10	0.945205479452	-11.1245	-11.0531	-10.825
T61F_A	19	0.961038961039	-11.2325	-10.6311	-24.5597
K40I_A	28	0.948051948052	-10.6869	-10.6254	-27.3135
S127D_A	39	0.922077922078	-10.713	-10.5992	-24.1403
L4Y_A	58	0.896103896104	-10.6879	-10.5695	-25.8974
R1071M_C	65	0.86301369863	-10.6818	-10.555	-7.47146
F126W_A	74	0.850649350649	-10.6867	-10.588	-23.903
E143I_A	85	0.837662337662	-10.6924	-10.6125	-24.9659
R1046C_C	97	0.794520547945	-10.6981	-10.416	-6.66816
M71F_A	112	0.811688311688	-10.5264	-10.4691	-24.565
V57I_A	119	0.798701298701	-10.5797	-10.5434	-26.0485
I143F_A	129	0.785714285714	-10.7243	-10.7062	-23.9934
M36F_A	140	0.75974025974	-10.4753	-10.4803	-24.1944
K1047A_C	154	0.739726027397	-10.4956	-10.3788	-7.68879
V148T_A	165	0.746753246753	-10.4754	-10.5119	-24.9745
G115A_A	175	0.727272727273	-10.5219	-10.5572	-26.4343
F143K_A	192	0.707792207792	-10.6741	-10.7295	-24.0676
S122A_A	208	0.688311688312	-10.7524	-10.737	-24.4416
K87N_A	225	0.675324675325	-10.7297	-10.7151	-24.2915
H1061Q_C	239	0.712328767123	-10.8126	-10.5836	-8.48821
V1091I_C	245	0.698630136986	-10.9711	-10.561	-8.35401
L1066C_C	253	0.671232876712	-10.7994	-9.95943	-7.20136
S138K_A	267	0.636363636364	-10.8526	-11.0104	-25.5645
H104M_A	278	0.62987012987	-10.8526	-11.0052	-25.1317
E67V_A	294	0.616883116883	-10.9033	-11.005	-24.3879
A54F_A	322	0.603896103896	-10.8219	-10.9366	-23.7964
E1050A_C	345	0.630136986301	-10.4476	-9.69793	-6.15346
G1095Y_C	351	0.630136986301	-10.4263	-9.79622	-6.5029
E1094A_C	360	0.616438356164	-10.4659	-9.88781	-7.17524
H114L_A	380	0.590909090909	-10.457	-10.8477	-26.5708
Q12T_A	390	0.571428571429	-10.5542	-10.9906	-25.8249
F135W_A	402	0.558441558442	-10.6833	-11.1218	-24.9411
L10Y_A	411	0.551948051948	-10.6051	-11.0632	-24.2611
S156Q_A	426	0.538961038961	-10.5978	-10.9434	-25.0377
A122Q_A	437	0.538961038961	-11.0835	-10.9892	-24.362
K138Q_A	442	0.538961038961	-10.5148	-10.9887	-28.1892
Y155Q_A	453	0.532467532468	-10.7748	-10.9201	-25.1906
R1093L_C	460	0.58904109589	-10.8043	-9.70999	-8.20056
K1040A_C	469	0.561643835616	-10.7912	-9.71735	-6.40018
Y130L_A	480	0.519480519481	-10.7203	-10.8674	-24.814
Y68M_A	494	0.506493506494	-10.6536	-10.9048	-26.1272
T1042L_C	503	0.534246575342	-10.6867	-9.44823	-7.85088
T1077A_C	524	0.506849315068	-10.392	-9.35364	-8.11027
S8C_A	536	0.506493506494	-10.4014	-10.7952	-24.1274
L97M_A	547	0.5	-10.4356	-10.8718	-25.606
G44V_A	555	0.493506493506	-11.3205	-12.1861	-25.5236
E79F_A	568	0.480519480519	-12.0571	-12.2392	-27.1958
H37M_A	574	0.474025974026	-12.0313	-12.3101	-25.0733
K146R_A	582	0.467532467532	-12.0437	-12.3096	-24.8009
Q155I_A	591	0.474025974026	-12.0481	-12.3316	-24.3206
P73G_A	597	0.467532467532	-12.0534	-12.3446	-24.8457
A62I_A	606	0.461038961039	-11.8851	-12.2389	-25.5482
V128M_A	612	0.461038961039	-11.8964	-12.2389	-27.188
Y147I_A	621	0.461038961039	-12.0085	-12.6326	-28.1456
F36P_A	628	0.454545454545	-11.9022	-12.6194	-27.3766
K27I_A	636	0.435064935065	-11.7994	-12.51	-25.8113
W118R_A	645	0.422077922078	-12.4098	-13.0844	-24.8496
Y144L_A	653	0.415584415584	-11.7022	-13.132	-24.616
M1060D_C	663	0.424657534247	-11.7066	-9.69464	-8.03385
I1071D_C	669	0.438356164384	-11.7427	-9.47935	-8.02444
Y96F_A	684	0.415584415584	-11.5371	-12.9672	-24.197
I1058E_C	692	0.424657534247	-12.0387	-9.61645	-6.20926
S1066N_C	705	0.424657534247	-12.1133	-9.61687	-6.68138
F96N_A	711	0.396103896104	-11.3543	-13.7085	-23.926
M131W_A	728	0.396103896104	-11.5768	-13.7575	-25.5788
G73S_A	766	0.38961038961	-11.6246	-13.791	-23.6841
S136T_A	794	0.376623376623	-11.0759	-12.5605	-24.3011
C87E_A	820	0.37012987013	-11.0579	-12.5366	-24.678
S73I_A	834	0.37012987013	-10.9675	-12.6417	-26.408
E141R_A	858	0.363636363636	-10.9676	-12.6588	-25.1188
Q1029R_C	869	0.41095890411	-11.2856	-9.76087	-6.20686
D1081W_C	882	0.41095890411	-11.0397	-8.58944	-8.52633
L52W_A	893	0.350649350649	-11.0972	-12.7791	-24.3766
A123P_A	905	0.350649350649	-10.5971	-12.7641	-27.7484
K1062M_C	912	0.41095890411	-10.5192	-8.29136	-6.31643
N96H_A	924	0.337662337662	-10.5217	-12.7067	-25.5751
Q125W_A	938	0.344155844156	-10.5219	-12.7069	-25.4235
M37Y_A	948	0.344155844156	-10.6926	-12.7063	-24.161
Y44M_A	963	0.344155844156	-10.8713	-13.0152	-25.4877
R1057H_C	974	0.383561643836	-10.89	-8.7514	-6.71925
M139F_A	990	0.344155844156	-10.8926	-12.9326	-24.7057
K1039L_C	1000	0.383561643836	-10.8184	-8.75541	-10.1423
