name	count	identity	evolved_interaction	ancestral_interaction	stability
C93G_A	1	0.993506493506	-10.4946	-10.5197	-25.7651
G50E_A	18	0.974025974026	-10.4163	-10.5851	-23.8835
S89K_A	34	0.954545454545	-10.4341	-10.5472	-25.0033
G93I_A	44	0.941558441558	-10.4762	-10.5541	-23.8811
Q154C_A	54	0.922077922078	-10.45	-10.5523	-25.5502
M1060K_C	64	0.86301369863	-10.5225	-10.4172	-6.74924
T61M_A	69	0.88961038961	-10.5261	-10.6318	-26.5433
L1066M_C	75	0.835616438356	-11.2245	-11.1254	-6.69304
I1070V_C	84	0.821917808219	-11.1051	-10.9905	-6.01181
I93V_A	95	0.831168831169	-11.1225	-10.6713	-24.5765
A79T_A	107	0.818181818182	-11.2097	-10.6707	-26.0806
L1075M_C	116	0.780821917808	-11.4303	-11.0706	-6.79718
E88S_A	127	0.792207792208	-11.4848	-10.8626	-24.1237
K76V_A	142	0.772727272727	-10.8886	-10.292	-24.0588
L150I_A	152	0.766233766234	-10.9093	-10.2928	-23.9606
R139H_A	161	0.753246753247	-11.0755	-10.3869	-25.4429
L129R_A	177	0.74025974026	-11.0923	-10.4151	-23.9089
E12I_A	186	0.733766233766	-11.3266	-10.5866	-24.451
R129M_A	201	0.720779220779	-11.2963	-10.7883	-26.0918
D19F_A	207	0.701298701299	-11.0699	-10.5934	-26.438
H139L_A	216	0.681818181818	-10.4464	-8.39218	-25.3072
A1050K_C	225	0.698630136986	-10.4491	-10.2576	-8.33022
A1095N_C	235	0.684931506849	-10.4452	-10.2606	-7.84965
Q151F_A	251	0.642857142857	-10.4329	-8.3728	-24.8262
A152T_A	263	0.62987012987	-11.0328	-10.2365	-24.5885
K147N_A	279	0.616883116883	-11.0361	-10.2388	-24.1237
L94M_A	296	0.61038961039	-10.5697	-10.2761	-26.8474
Y1041N_C	308	0.602739726027	-10.607	-9.69165	-7.37516
R1071K_C	327	0.575342465753	-11.9182	-9.54067	-8.26746
T153V_A	336	0.577922077922	-11.6061	-11.8602	-24.4162
S1033T_C	345	0.547945205479	-11.91	-9.68242	-7.51782
Y141Q_A	350	0.564935064935	-11.905	-11.8255	-24.3198
S122K_A	364	0.558441558442	-11.9099	-11.8258	-25.0479
N98E_A	370	0.551948051948	-11.9309	-11.8168	-25.6948
N1079W_C	378	0.561643835616	-13.3168	-10.402	-6.8503
D1062H_C	388	0.561643835616	-13.3221	-10.3924	-6.30958
F119W_A	396	0.519480519481	-13.2868	-13.343	-27.3521
F151H_A	407	0.512987012987	-11.8797	-13.3245	-23.6783
H151Y_A	431	0.506493506494	-11.584	-12.7006	-25.5393
E63A_A	441	0.487012987013	-11.5642	-12.9252	-24.3554
E67S_A	451	0.480519480519	-11.391	-12.9456	-25.9652
D1082F_C	461	0.506849315068	-11.307	-8.42185	-8.59866
W4H_A	467	0.467532467532	-11.4372	-10.2683	-24.3353
E156S_A	477	0.467532467532	-11.6641	-13.1466	-25.2332
N5I_A	492	0.454545454545	-11.6803	-13.1238	-25.323
P78F_A	499	0.441558441558	-10.9361	-13.1119	-25.3239
T100P_A	505	0.428571428571	-10.906	-13.1051	-24.6802
T1033I_C	512	0.41095890411	-10.7207	-7.79445	-7.31715
E88P_A	519	0.435064935065	-10.7237	-12.8586	-25.8035
M39R_A	529	0.435064935065	-10.9804	-13.3246	-25.5931
R66F_A	541	0.422077922078	-11.0275	-13.1468	-25.1677
D1054K_C	549	0.424657534247	-10.9547	-7.70248	-7.63581
A50W_A	557	0.415584415584	-10.8945	-13.2709	-24.9945
W1039C_C	564	0.424657534247	-10.8859	-7.77631	-6.76278
D136Y_A	573	0.422077922078	-10.885	-13.1473	-31.9378
T51K_A	585	0.415584415584	-11.3653	-13.6538	-25.07
N1075A_C	594	0.397260273973	-10.5043	-8.06009	-7.88901
I67R_A	602	0.415584415584	-10.5177	-13.7179	-25.8837
F135Y_A	618	0.415584415584	-10.5479	-13.5987	-24.8451
L11I_A	631	0.402597402597	-11.0775	-13.6548	-24.7969
N1086C_C	639	0.369863013699	-10.5141	-8.52265	-7.49097
W50N_A	650	0.396103896104	-10.6048	-13.1617	-25.2191
Y153T_A	661	0.396103896104	-10.6211	-13.1672	-25.2485
Y127K_A	667	0.396103896104	-10.6201	-13.1806	-24.8276
T62V_A	682	0.396103896104	-10.5685	-13.0898	-26.0057
V156Q_A	697	0.383116883117	-10.9863	-13.114	-26.086
D1059C_C	705	0.356164383562	-11.6551	-8.95549	-7.28977
N1068W_C	711	0.356164383562	-11.3689	-5.56454	-6.967
H1062S_C	719	0.356164383562	-11.2273	-5.56644	-8.56163
W1081Q_C	733	0.356164383562	-11.3979	-5.51126	-8.39004
Y135Q_A	741	0.363636363636	-11.5242	-13.5652	-25.2671
Q74H_A	750	0.363636363636	-11.27	-13.5765	-25.7801
F1046A_C	758	0.356164383562	-11.3701	-5.41699	-8.25312
Q138K_A	767	0.363636363636	-11.3228	-12.8637	-23.92
I33N_A	777	0.357142857143	-11.5719	-12.8744	-24.6548
N19Q_A	789	0.357142857143	-11.1631	-13.3527	-23.0925
H154L_A	799	0.357142857143	-11.8192	-12.8151	-24.3555
T5A_A	805	0.350649350649	-12.0354	-12.5957	-24.6786
Y87D_A	811	0.344155844156	-12.0392	-12.5952	-24.4942
E8T_A	822	0.337662337662	-12.0804	-12.5604	-23.9441
D1066V_C	836	0.315068493151	-12.3646	-6.27504	-8.54187
L1056K_C	846	0.301369863014	-12.5031	-6.31722	-6.3512
K1056Q_C	852	0.315068493151	-12.4338	-6.28767	-6.1471
Q114V_A	862	0.318181818182	-12.391	-12.9557	-25.4254
Y48K_A	867	0.331168831169	-12.4144	-13.4682	-25.407
L1084K_C	873	0.315068493151	-10.5687	-6.33459	-6.55812
F64Y_A	886	0.331168831169	-10.5843	-13.5861	-23.428
S105Q_A	903	0.331168831169	-10.6063	-10.6444	-25.1704
G1034A_C	916	0.287671232877	-10.7929	-6.55739	-7.09958
R1057N_C	924	0.315068493151	-11.4749	-6.59637	-7.30228
K138L_A	932	0.324675324675	-11.4781	-9.41189	-24.8478
I58F_A	945	0.318181818182	-11.4154	-9.57388	-25.7858
A1035W_C	960	0.301369863014	-11.6359	-6.60295	-9.65148
A1034L_C	977	0.315068493151	-11.7604	-6.69516	-8.08023
V107H_A	986	0.318181818182	-11.879	-11.6024	-23.3786
