name	count	identity	evolved_interaction	ancestral_interaction	stability
Y155K_A	1	0.993506493506	-10.4871	-10.512	-25.0008
K155C_A	7	0.980519480519	-10.5137	-10.4933	-24.3133
D33Y_A	17	0.961038961039	-10.8943	-10.9914	-24.538
R1064D_C	24	0.904109589041	-10.6181	-10.4652	-7.22651
R135V_A	36	0.915584415584	-10.4475	-10.596	-24.5427
T61Q_A	54	0.88961038961	-10.5079	-10.2859	-25.5503
D121F_A	64	0.87012987013	-10.4836	-10.3055	-27.5221
K31H_A	73	0.844155844156	-10.5897	-10.4296	-24.7998
T1042Y_C	82	0.821917808219	-10.5706	-10.4908	-9.17672
I122C_A	94	0.805194805195	-10.5912	-10.417	-27.2617
V62T_A	100	0.779220779221	-10.5588	-10.3976	-24.729
E63M_A	112	0.766233766234	-10.7393	-10.3958	-25.7901
Y1042E_C	131	0.794520547945	-10.745	-10.685	-6.22037
D1070T_C	147	0.780821917808	-10.5232	-10.6087	-6.48792
E1094D_C	160	0.767123287671	-10.5289	-10.6023	-5.98388
D106Y_A	173	0.707792207792	-10.5304	-10.3654	-24.2989
Q130R_A	201	0.688311688312	-10.6721	-10.4868	-24.3822
M36L_A	215	0.675324675325	-10.683	-10.4717	-24.6087
H31Q_A	231	0.675324675325	-10.6792	-10.464	-24.7196
W95Y_A	255	0.655844155844	-10.6825	-10.4491	-24.4679
F131G_A	264	0.649350649351	-10.6761	-10.4493	-27.2099
K1040G_C	277	0.753424657534	-10.7533	-10.5741	-6.12355
E147M_A	285	0.61038961039	-10.7521	-10.5045	-26.4471
G44I_A	296	0.603896103896	-10.613	-10.3931	-26.0733
V57F_A	320	0.597402597403	-11.1962	-11.8797	-25.9932
Y33R_A	333	0.597402597403	-10.6839	-11.3295	-25.7321
R1093L_C	341	0.739726027397	-11.1934	-10.5265	-6.79217
E99P_A	357	0.584415584416	-11.1899	-11.9289	-26.3409
N30E_A	370	0.584415584416	-11.1033	-12.2857	-24.2188
Q1061D_C	387	0.739726027397	-11.122	-10.4919	-6.00379
I96M_A	394	0.558441558442	-10.7151	-10.7255	-26.7509
P128Q_A	404	0.545454545455	-11.0056	-10.7522	-24.4854
Q154Y_A	412	0.525974025974	-11.0166	-10.798	-24.3816
Q3H_A	429	0.519480519481	-11.1327	-10.7965	-24.4992
W70Y_A	440	0.506493506494	-11.0336	-10.6621	-25.6439
E1079G_C	447	0.630136986301	-10.6708	-10.382	-8.19889
Y100P_A	462	0.5	-10.6584	-10.3468	-24.1065
G1040S_C	468	0.616438356164	-10.7102	-10.4134	-8.46368
R1071S_C	481	0.602739726027	-10.5686	-10.1399	-6.49279
Q101S_A	511	0.487012987013	-10.8506	-10.3572	-26.3784
E1062P_C	520	0.58904109589	-10.7101	-10.5791	-6.17523
F137Q_A	533	0.474025974026	-12.1968	-11.1722	-24.2545
G155T_A	545	0.467532467532	-12.2172	-11.6431	-24.0459
N1034S_C	564	0.575342465753	-12.3917	-10.689	-7.78308
S1046R_C	580	0.58904109589	-12.3714	-10.6876	-8.71658
Q137W_A	588	0.454545454545	-11.8044	-11.2334	-24.7569
P1044C_C	599	0.547945205479	-11.6644	-10.2912	-6.00173
M76R_A	611	0.454545454545	-11.6882	-11.1504	-25.4875
G1079E_C	623	0.575342465753	-11.6873	-10.4509	-6.78088
K27F_A	631	0.435064935065	-11.3388	-11.4054	-27.4569
D1041T_C	641	0.575342465753	-11.5294	-10.6412	-8.46518
F1081I_C	649	0.561643835616	-11.3876	-10.3306	-6.32596
R145F_A	661	0.428571428571	-10.8229	-10.928	-26.0651
A149K_A	679	0.428571428571	-10.828	-10.9378	-27.2812
K149N_A	684	0.428571428571	-10.8202	-10.7144	-26.1316
F27W_A	697	0.428571428571	-11.0039	-10.9177	-25.0543
C113E_A	706	0.428571428571	-11.239	-11.3238	-26.4873
V36F_A	712	0.422077922078	-11.3636	-11.2641	-29.9095
V75R_A	717	0.415584415584	-11.4025	-10.8624	-25.5199
M32P_A	724	0.415584415584	-11.4237	-10.8949	-25.9754
S66W_A	735	0.415584415584	-11.2299	-10.8198	-27.1307
Q128K_A	743	0.422077922078	-11.2482	-10.8524	-29.5163
A1076L_C	748	0.479452054795	-11.1077	-9.91979	-9.12528
F1065W_C	765	0.452054794521	-11.3123	-9.65805	-6.30419
N95H_A	779	0.402597402597	-11.1323	-11.5714	-26.6078
K143F_A	789	0.415584415584	-10.9928	-11.9468	-24.7111
N1038E_C	800	0.452054794521	-11.0144	-9.64881	-6.681
S43M_A	809	0.415584415584	-10.9626	-12.0578	-26.7615
F78A_A	819	0.402597402597	-10.7984	-11.968	-27.7904
A156R_A	833	0.383116883117	-10.8679	-11.8013	-25.9222
L116M_A	847	0.383116883117	-10.88	-11.8519	-26.0441
R150H_A	856	0.396103896104	-12.0873	-11.4535	-27.3724
F8M_A	862	0.38961038961	-11.9342	-11.3521	-25.5202
Y1023H_C	870	0.452054794521	-12.0021	-10.7401	-9.0388
M43N_A	876	0.38961038961	-12.1592	-11.4429	-26.1274
H95D_A	885	0.38961038961	-11.9717	-12.0193	-25.0591
I114L_A	892	0.396103896104	-11.8716	-11.957	-26.2004
F132W_A	901	0.396103896104	-12.673	-12.0824	-24.7149
K1058C_C	917	0.41095890411	-12.5257	-11.1358	-6.50155
Y127S_A	928	0.38961038961	-10.3984	-9.68917	-23.8571
I71W_A	949	0.38961038961	-10.4282	-9.65575	-24.1808
L65E_A	969	0.383116883117	-10.4503	-9.52303	-25.269
T111G_A	981	0.376623376623	-10.4509	-9.67266	-27.7457
T106E_A	992	0.37012987013	-10.4568	-9.47626	-25.2297
