name	count	identity	evolved_interaction	ancestral_interaction	stability
W16G_A	1	0.993506493506	-9.7612	-9.81174	-21.7897
P123C_A	13	0.967532467532	-10.061	-9.81452	-24.3465
G16C_A	28	0.954545454545	-10.7429	-10.0102	-25.2629
R1071E_C	37	0.917808219178	-10.4488	-11.0571	-8.68586
T1043D_C	44	0.890410958904	-10.4594	-11.0831	-6.13093
S95N_A	64	0.902597402597	-10.5522	-9.92761	-25.3006
V62I_A	75	0.876623376623	-10.5162	-10.378	-26.033
G115T_A	84	0.857142857143	-10.5626	-10.4536	-24.4917
F77Y_A	97	0.837662337662	-10.8004	-10.4247	-24.7073
Y144H_A	108	0.824675324675	-10.8679	-10.5895	-25.0464
K146E_A	118	0.805194805195	-10.8574	-10.4801	-24.6331
M106W_A	133	0.792207792208	-10.8572	-10.4805	-25.304
S1062T_C	148	0.739726027397	-10.5509	-9.93059	-8.389
Q154L_A	160	0.772727272727	-10.5524	-10.2952	-24.8074
K1027E_C	174	0.698630136986	-10.7784	-9.39739	-7.61143
T115H_A	183	0.75974025974	-10.6837	-10.1974	-25.6909
R135V_A	189	0.733766233766	-10.7035	-10.236	-25.7171
L140N_A	202	0.727272727273	-10.7246	-8.82026	-26.3067
P78D_A	209	0.701298701299	-10.7617	-8.91051	-26.7895
V63I_A	220	0.694805194805	-10.7414	-8.91171	-25.2107
E131L_A	227	0.681818181818	-10.7276	-8.91146	-25.7751
G1023R_C	239	0.643835616438	-10.7318	-10.1071	-7.16329
I1061W_C	249	0.643835616438	-10.7323	-10.1938	-7.5943
Y77M_A	276	0.649350649351	-10.7169	-8.91449	-25.4693
W106L_A	288	0.649350649351	-10.8249	-8.91295	-23.8114
K1038V_C	296	0.561643835616	-11.0425	-10.5076	-7.92836
D1075R_C	306	0.547945205479	-11.2814	-10.445	-7.86717
A26M_A	314	0.616883116883	-11.2027	-9.00351	-25.55
G19D_A	319	0.616883116883	-11.1685	-8.58071	-24.9641
C1051L_C	325	0.506849315068	-11.3477	-11.0388	-7.90998
Q118K_A	331	0.597402597403	-11.5759	-8.61988	-24.8494
K147L_A	345	0.584415584416	-11.57	-8.6208	-26.0628
H139Q_A	357	0.571428571429	-11.4515	-8.28875	-24.355
T126H_A	369	0.558441558442	-10.6713	-7.57709	-24.8684
R1023S_C	380	0.479452054795	-11.0354	-9.89575	-8.37718
T51F_A	387	0.551948051948	-10.684	-7.56119	-25.3517
Y32R_A	396	0.538961038961	-10.6712	-7.56235	-27.2239
Q88L_A	404	0.519480519481	-10.7289	-7.48372	-24.5231
V1032H_C	412	0.465753424658	-10.8789	-9.95632	-8.20816
E1081S_C	421	0.465753424658	-11.9104	-9.50819	-7.80931
A130S_A	431	0.5	-11.8354	-8.52458	-25.5157
Q151H_A	440	0.493506493506	-12.0541	-8.52446	-24.2773
H1094M_C	456	0.452054794521	-11.3951	-10.252	-7.39721
I112M_A	466	0.487012987013	-11.396	-8.60859	-25.1331
H125F_A	473	0.480519480519	-10.7005	-8.47411	-24.9304
P150E_A	481	0.474025974026	-10.774	-8.28413	-24.6715
S130N_A	499	0.461038961039	-10.7956	-8.66149	-26.3467
P7F_A	506	0.461038961039	-10.8048	-8.69286	-25.5833
F1036M_C	514	0.397260273973	-11.545	-9.34661	-9.07677
S1089Y_C	520	0.397260273973	-11.9184	-8.13396	-9.66809
Y98C_A	543	0.448051948052	-11.8448	-9.66405	-23.9763
E11D_A	557	0.441558441558	-11.8449	-9.67622	-26.2094
P96E_A	565	0.435064935065	-11.7912	-9.43714	-24.6063
D11F_A	575	0.435064935065	-11.7749	-9.52354	-25.8441
A1077T_C	584	0.383561643836	-11.6769	-8.09166	-7.87201
G43A_A	591	0.435064935065	-11.17	-9.57175	-26.7227
M102V_A	597	0.428571428571	-11.111	-9.52672	-24.7909
M1083V_C	604	0.369863013699	-11.1077	-8.00378	-7.71091
D121K_A	618	0.422077922078	-11.1167	-9.56692	-24.5041
G126W_A	626	0.415584415584	-11.1482	-10.1432	-25.7894
N1023I_C	649	0.342465753425	-10.7524	-7.74782	-8.16439
A61I_A	660	0.422077922078	-11.0064	-9.68852	-25.974
P128K_A	665	0.422077922078	-10.9819	-9.67039	-29.0811
Y1036F_C	672	0.342465753425	-11.4262	-7.62769	-8.37236
S30A_A	681	0.422077922078	-11.4991	-10.119	-24.8226
M1042K_C	687	0.356164383562	-11.5772	-8.03205	-8.10179
N1076L_C	701	0.356164383562	-11.2249	-7.77826	-9.65707
N1075Y_C	712	0.356164383562	-11.2332	-7.88155	-11.4676
E1041H_C	721	0.342465753425	-11.4473	-7.6383	-6.89177
E67L_A	734	0.396103896104	-11.4075	-10.3826	-24.2823
F10E_A	748	0.396103896104	-11.329	-10.4426	-25.2051
T1061Q_C	756	0.328767123288	-11.1179	-7.0194	-7.14792
L135V_A	765	0.38961038961	-11.267	-11.0149	-26.5392
W53M_A	774	0.376623376623	-11.2491	-10.7888	-23.8133
Q54A_A	785	0.383116883117	-11.2105	-10.5163	-25.6279
V148F_A	799	0.376623376623	-11.2159	-10.5159	-26.9326
W58L_A	805	0.363636363636	-11.2046	-10.516	-24.4708
T108L_A	814	0.357142857143	-11.1906	-10.6022	-25.4296
L1040S_C	821	0.328767123288	-10.6893	-6.72351	-6.7274
Y1027I_C	828	0.328767123288	-11.2058	-6.71505	-6.57825
L32F_A	839	0.357142857143	-11.3376	-10.4304	-24.562
N64I_A	850	0.357142857143	-11.916	-11.8913	-26.4451
H87V_A	860	0.357142857143	-11.8648	-11.8197	-24.4694
E99F_A	872	0.357142857143	-11.8862	-11.4756	-24.2649
H48K_A	887	0.363636363636	-11.8554	-11.5218	-24.1914
N115A_A	896	0.363636363636	-11.6709	-11.3485	-23.6252
I1023A_C	907	0.301369863014	-11.7121	-6.80103	-6.23618
V116I_A	940	0.350649350649	-11.7096	-11.7768	-26.7771
K14A_A	948	0.350649350649	-11.6784	-11.8478	-24.3496
R124G_A	962	0.344155844156	-11.8881	-11.8281	-24.0701
S1040N_C	971	0.301369863014	-11.8886	-6.43437	-8.45771
E1032C_C	977	0.301369863014	-12.0339	-6.49511	-7.82194
F1036W_C	996	0.287671232877	-12.0986	-6.51328	-6.8236
