name	count	identity	evolved_interaction	ancestral_interaction	stability
K1027Y_C	1	0.986301369863	-10.3932	-10.3122	-6.68174
Y68M_A	8	0.974025974026	-10.3365	-10.466	-31.2149
N85I_A	16	0.941558441558	-10.3269	-10.4757	-27.9772
G23R_A	24	0.909090909091	-10.9524	-11.0298	-26.9458
I85A_A	32	0.88961038961	-10.9343	-11.0435	-31.1602
S1033V_C	38	0.931506849315	-10.8416	-10.1481	-7.40004
E1034V_C	57	0.904109589041	-10.8034	-10.2198	-7.61879
M64F_A	65	0.850649350649	-10.9046	-11.0417	-26.3413
L113F_A	72	0.831168831169	-10.6092	-10.688	-24.9481
T1043C_C	82	0.86301369863	-10.6792	-10.2372	-7.21644
K40N_A	89	0.798701298701	-12.2875	-12.2205	-25.0547
D118L_A	103	0.779220779221	-11.0545	-12.5459	-25.002
N52G_A	117	0.753246753247	-11.0641	-12.5246	-23.9047
S127Q_A	130	0.746753246753	-10.9363	-12.4846	-25.5174
C1095R_C	142	0.808219178082	-11.3759	-9.43045	-6.01873
R1047K_C	155	0.794520547945	-11.6563	-9.42213	-6.76438
P128S_A	165	0.688311688312	-11.6581	-12.9611	-23.6571
D1023E_C	174	0.72602739726	-11.5879	-9.08522	-9.67991
N136W_A	188	0.675324675325	-11.6195	-13.0243	-25.7916
N30P_A	194	0.662337662338	-11.3094	-12.6931	-25.0236
S121F_A	203	0.655844155844	-11.2743	-12.6926	-25.6337
A142E_A	210	0.649350649351	-11.2438	-12.6926	-24.7436
D33M_A	215	0.62987012987	-13.2655	-12.8643	-25.5391
K48P_A	225	0.616883116883	-13.4281	-12.8669	-25.6458
W134A_A	232	0.603896103896	-12.8623	-12.8042	-25.8931
K27T_A	240	0.590909090909	-12.5652	-12.6088	-25.4537
L150K_A	251	0.571428571429	-12.2017	-12.0916	-26.7388
E1050H_C	258	0.630136986301	-12.2069	-9.6567	-6.73331
E99I_A	269	0.551948051948	-12.3027	-11.8177	-24.9384
L114K_A	279	0.538961038961	-13.266	-13.2725	-25.9233
T27F_A	287	0.532467532468	-14.2095	-13.688	-28.485
R1064T_C	295	0.575342465753	-14.39	-9.27628	-7.73388
A79L_A	300	0.525974025974	-14.1926	-13.6795	-25.3528
Q44F_A	309	0.512987012987	-14.1779	-13.5214	-28.3747
L52S_A	314	0.506493506494	-11.7499	-11.328	-26.1615
Y1073H_C	322	0.547945205479	-11.7472	-9.36866	-6.52973
A133M_A	332	0.487012987013	-12.0967	-11.7455	-30.8162
F147V_A	338	0.474025974026	-12.1427	-11.7699	-23.8721
T1045F_C	359	0.561643835616	-12.1856	-9.24446	-7.98231
Q48S_A	371	0.461038961039	-12.0813	-11.7601	-24.1272
R1051P_C	379	0.534246575342	-12.0902	-8.97336	-7.096
R39N_A	397	0.461038961039	-11.3629	-11.2994	-24.1612
M33S_A	420	0.467532467532	-11.3613	-11.3001	-23.9605
M1073K_C	427	0.493150684932	-11.3812	-9.12695	-9.12686
D26L_A	440	0.467532467532	-12.0719	-12.0721	-27.5353
V62I_A	446	0.461038961039	-12.1448	-12.0765	-28.0306
A124M_A	455	0.448051948052	-12.2692	-12.0833	-26.2838
W74K_A	461	0.441558441558	-12.3308	-11.9952	-24.6753
T33I_A	483	0.448051948052	-12.1459	-12.0435	-24.9577
A106L_A	497	0.428571428571	-12.1764	-12.0685	-25.5521
N1025H_C	509	0.41095890411	-12.1372	-8.11482	-6.61204
P131D_A	522	0.422077922078	-11.0022	-11.8173	-26.1069
T1095L_C	529	0.41095890411	-10.9405	-7.23879	-6.75944
N98A_A	536	0.415584415584	-11.0442	-11.8271	-25.8732
K38C_A	545	0.409090909091	-11.2011	-11.3908	-25.4718
T145M_A	551	0.409090909091	-11.1173	-11.8004	-26.8835
A11N_A	562	0.402597402597	-11.1176	-11.7991	-24.829
K78L_A	577	0.402597402597	-11.3569	-11.7967	-24.5146
F1063M_C	584	0.369863013699	-10.5975	-6.60023	-9.25182
V57M_A	591	0.38961038961	-10.6737	-11.8117	-25.307
Q71R_A	599	0.383116883117	-11.8135	-11.7901	-24.2128
M57G_A	610	0.38961038961	-11.7737	-11.87	-23.7162
V1023N_C	619	0.356164383562	-11.7726	-7.75692	-6.90428
H1050G_C	631	0.356164383562	-11.7593	-7.77804	-6.13065
F143W_A	643	0.38961038961	-11.7844	-11.7674	-23.8098
F48E_A	667	0.396103896104	-11.2888	-11.6398	-24.5369
N67S_A	676	0.38961038961	-11.517	-12.0088	-23.7368
N108W_A	687	0.38961038961	-11.7262	-12.1792	-23.9075
K24A_A	705	0.38961038961	-11.4511	-11.8165	-25.0545
R1042Y_C	713	0.342465753425	-10.8294	-6.85744	-8.28652
T98K_A	730	0.383116883117	-11.037	-11.8831	-24.9715
N1023Q_C	738	0.356164383562	-10.8905	-7.71211	-7.64272
A54C_A	743	0.37012987013	-10.8886	-11.8722	-24.9726
I78C_A	752	0.363636363636	-11.7935	-12.251	-24.0097
Y1040N_C	761	0.356164383562	-11.7829	-7.7018	-6.60825
S1062M_C	776	0.315068493151	-11.8214	-7.66091	-6.60034
Y1041V_C	783	0.315068493151	-12.1666	-7.78811	-6.63605
W59M_A	789	0.350649350649	-12.4891	-12.5334	-24.8151
V1041L_C	797	0.315068493151	-12.4617	-7.64142	-7.73817
Y104N_A	805	0.350649350649	-12.4699	-12.4617	-25.2822
K1025C_C	816	0.315068493151	-12.4861	-8.01134	-6.45676
Q1023T_C	838	0.315068493151	-12.5034	-8.19345	-7.76509
A1034S_C	847	0.315068493151	-11.9771	-7.77966	-6.75188
A70I_A	861	0.331168831169	-11.986	-12.7645	-25.2022
I87Q_A	870	0.331168831169	-11.996	-12.6806	-25.5045
W98N_A	876	0.337662337662	-12.0595	-12.6612	-27.32
Q1077T_C	884	0.315068493151	-12.051	-8.01856	-6.8587
L61I_A	892	0.331168831169	-11.1497	-12.6481	-24.2014
C147E_A	910	0.324675324675	-10.9923	-12.5558	-25.0957
S1070P_C	918	0.328767123288	-11.008	-7.60902	-6.24785
T35S_A	928	0.337662337662	-11.2314	-13.1249	-26.3725
Y10C_A	937	0.331168831169	-11.2994	-13.0501	-24.5695
G48D_A	944	0.337662337662	-11.2335	-12.5806	-25.2355
C10A_A	957	0.331168831169	-11.413	-12.9922	-24.1632
V153I_A	965	0.324675324675	-11.4739	-13.1505	-25.6358
K1051F_C	986	0.301369863014	-11.2528	-7.63736	-6.18099
K36I_A	999	0.318181818182	-11.2004	-13.1996	-24.4724
