name	count	identity	interface_identity	non_interface_identity	evolved_interaction	ancestral_interaction	stability
P125D_A	1	0.993506493506	1.0	0.992592592593	-10.4903	-10.5064	-23.8039
L4E_A	12	0.980519480519	1.0	0.977777777778	-10.2336	-10.6987	-24.3535
S122G_A	20	0.961038961039	1.0	0.955555555556	-10.8078	-10.5755	-24.9427
A1051C_C	26	0.917808219178	0.954545454545	0.901960784314	-10.8136	-10.7007	-6.8801
K1041E_C	34	0.904109589041	0.954545454545	0.882352941176	-11.1396	-11.0214	-6.18746
W16L_A	52	0.902597402597	0.947368421053	0.896296296296	-10.8149	-10.216	-24.5189
G115N_A	64	0.883116883117	0.888888888889	0.882352941176	-10.8263	-8.94677	-26.1128
K40Q_A	75	0.857142857143	0.888888888889	0.852941176471	-10.8248	-8.94618	-24.4277
K1073A_C	93	0.821917808219	0.863636363636	0.803921568627	-10.6987	-10.721	-6.9662
D19H_A	99	0.824675324675	0.842105263158	0.822222222222	-11.2657	-9.28063	-24.0209
S66T_A	109	0.824675324675	0.842105263158	0.822222222222	-10.854	-10.5721	-24.2776
F66Y_A	116	0.818181818182	0.842105263158	0.814814814815	-10.8582	-10.5756	-25.6451
Q40F_A	122	0.805194805195	0.842105263158	0.8	-10.8353	-10.6063	-24.9574
I1070F_C	133	0.753424657534	0.772727272727	0.745098039216	-10.752	-10.5695	-7.37296
N49T_A	145	0.772727272727	0.842105263158	0.762962962963	-10.6977	-10.5275	-25.0683
Q10D_A	159	0.753246753247	0.842105263158	0.740740740741	-10.5158	-10.2116	-25.3203
Q154K_A	174	0.727272727273	0.842105263158	0.711111111111	-10.6674	-10.4154	-24.6134
L16M_A	183	0.727272727273	0.882352941176	0.70802919708	-10.6819	-10.6408	-24.4201
D37Q_A	192	0.707792207792	0.882352941176	0.686131386861	-10.5503	-10.3717	-24.1844
A15N_A	205	0.701298701299	0.882352941176	0.678832116788	-10.3601	-10.1312	-23.7909
Q111N_A	211	0.688311688312	0.882352941176	0.664233576642	-10.4899	-10.066	-25.269
V1028D_C	223	0.643835616438	0.727272727273	0.607843137255	-11.2749	-11.5045	-6.58206
N1032W_C	235	0.643835616438	0.727272727273	0.607843137255	-11.1469	-11.4036	-8.11339
M1051L_C	240	0.643835616438	0.727272727273	0.607843137255	-12.3429	-11.4619	-7.82172
A1091P_C	249	0.616438356164	0.681818181818	0.588235294118	-12.0221	-11.1357	-7.17322
N111F_A	258	0.642857142857	0.777777777778	0.625	-12.4141	-10.1308	-25.5338
I40W_A	272	0.62987012987	0.722222222222	0.617647058824	-12.7681	-10.5082	-24.0402
T1051L_C	292	0.58904109589	0.681818181818	0.549019607843	-12.6465	-10.916	-6.88364
L119F_A	303	0.597402597403	0.722222222222	0.580882352941	-12.6334	-10.4664	-25.4406
V155G_A	321	0.584415584416	0.705882352941	0.569343065693	-12.0426	-9.66918	-24.6836
M7A_A	337	0.571428571429	0.705882352941	0.554744525547	-12.0781	-9.54696	-24.4507
H1092F_C	348	0.561643835616	0.636363636364	0.529411764706	-11.9757	-10.8452	-6.65077
K48R_A	355	0.551948051948	0.722222222222	0.529411764706	-12.1187	-9.52643	-26.395
Q130G_A	370	0.532467532468	0.666666666667	0.514705882353	-11.973	-9.30218	-24.3053
E1034I_C	399	0.534246575342	0.636363636364	0.490196078431	-12.2485	-10.8506	-7.02181
Y121S_A	415	0.525974025974	0.666666666667	0.507352941176	-12.3066	-9.41099	-24.5547
S1075A_C	427	0.534246575342	0.636363636364	0.490196078431	-12.1813	-10.6292	-8.24317
R14V_A	440	0.525974025974	0.666666666667	0.507352941176	-11.9846	-8.26735	-25.1301
T49P_A	453	0.519480519481	0.666666666667	0.5	-11.9704	-8.33272	-25.7808
H83F_A	462	0.5	0.666666666667	0.477941176471	-11.6708	-8.34333	-24.7975
A87D_A	477	0.5	0.666666666667	0.477941176471	-11.6872	-8.33903	-26.0256
W115M_A	486	0.5	0.666666666667	0.477941176471	-11.2901	-8.33931	-26.1923
N117A_A	496	0.487012987013	0.666666666667	0.463235294118	-11.2857	-8.95722	-26.404
A59G_A	504	0.480519480519	0.666666666667	0.455882352941	-11.2482	-8.94137	-26.3509
V149T_A	512	0.467532467532	0.647058823529	0.445255474453	-11.2529	-9.52421	-27.576
Y1050T_C	519	0.465753424658	0.608695652174	0.4	-11.2477	-9.08776	-8.96739
N71V_A	529	0.441558441558	0.647058823529	0.416058394161	-11.2433	-9.47205	-25.2894
L1047V_C	539	0.465753424658	0.608695652174	0.4	-11.2433	-9.08776	-8.40659
S70T_A	545	0.422077922078	0.588235294118	0.401459854015	-11.4877	-9.74091	-24.3672
H1094V_C	554	0.465753424658	0.590909090909	0.411764705882	-11.4866	-9.138	-8.6696
I1072T_C	564	0.452054794521	0.590909090909	0.392156862745	-11.6314	-9.27294	-6.08404
L27H_A	573	0.409090909091	0.529411764706	0.394160583942	-11.5511	-10.3473	-24.9771
G130S_A	594	0.402597402597	0.529411764706	0.386861313869	-10.7231	-10.2723	-24.0341
V1094K_C	610	0.438356164384	0.545454545455	0.392156862745	-10.8403	-8.28156	-6.62944
G19L_A	629	0.396103896104	0.5625	0.376811594203	-11.0297	-9.97886	-23.8157
A1023P_C	636	0.424657534247	0.545454545455	0.372549019608	-11.0529	-8.33176	-7.58634
W99Y_A	641	0.38961038961	0.5625	0.369565217391	-10.9995	-10.1036	-25.4982
L38P_A	655	0.37012987013	0.5625	0.347826086957	-10.9883	-9.99729	-25.5097
M137N_A	674	0.37012987013	0.625	0.340579710145	-11.057	-10.1048	-24.5906
F1092R_C	683	0.438356164384	0.545454545455	0.392156862745	-10.4999	-7.57362	-7.95316
T102C_A	706	0.363636363636	0.65	0.320895522388	-11.1861	-10.0895	-24.427
S91C_A	723	0.363636363636	0.65	0.320895522388	-11.2342	-10.2092	-24.7041
R128Y_A	733	0.357142857143	0.65	0.313432835821	-11.2398	-10.1062	-24.6894
L19K_A	742	0.357142857143	0.65	0.313432835821	-11.8275	-10.2664	-25.0496
G1040L_C	755	0.41095890411	0.521739130435	0.36	-11.8238	-8.76565	-7.63115
F74W_A	765	0.350649350649	0.65	0.305970149254	-11.7639	-10.2213	-25.9595
W40I_A	775	0.337662337662	0.6	0.298507462687	-12.5379	-10.1454	-25.6075
C1032Q_C	788	0.383561643836	0.521739130435	0.32	-12.767	-9.75908	-8.69
R124D_A	796	0.337662337662	0.6	0.298507462687	-12.708	-9.976	-25.1644
S3Y_A	803	0.324675324675	0.55	0.291044776119	-12.4106	-9.87565	-25.3141
K1079R_C	809	0.369863013699	0.478260869565	0.32	-10.8223	-7.58416	-8.44044
L118H_A	820	0.324675324675	0.55	0.291044776119	-10.8476	-9.74417	-24.5067
G1047Q_C	828	0.369863013699	0.478260869565	0.32	-10.8263	-8.6603	-7.94191
T134C_A	835	0.324675324675	0.55	0.291044776119	-10.8237	-9.52956	-27.9895
R21W_A	843	0.318181818182	0.526315789474	0.288888888889	-10.6392	-10.7481	-24.8513
D100Y_A	859	0.305194805195	0.526315789474	0.274074074074	-10.6672	-9.56295	-24.4493
L1048M_C	873	0.356164383562	0.478260869565	0.3	-10.7399	-8.74135	-7.15739
E78C_A	883	0.305194805195	0.526315789474	0.274074074074	-10.7463	-9.51858	-24.3062
R29I_A	902	0.305194805195	0.526315789474	0.274074074074	-10.7538	-9.54708	-24.7873
D1062G_C	926	0.356164383562	0.478260869565	0.3	-10.7398	-8.60469	-7.84061
I35L_A	940	0.311688311688	0.526315789474	0.281481481481	-11.1407	-10.6164	-26.2379
A52Y_A	952	0.311688311688	0.526315789474	0.281481481481	-11.0934	-10.4953	-27.3512
D1080K_C	958	0.342465753425	0.478260869565	0.28	-11.2739	-8.56138	-6.65467
R146T_A	965	0.311688311688	0.526315789474	0.281481481481	-11.2747	-10.0224	-26.694
I1049V_C	971	0.342465753425	0.478260869565	0.28	-11.2792	-8.56463	-7.02449
T1060V_C	981	0.342465753425	0.478260869565	0.28	-11.261	-8.77048	-7.52589
L9M_A	991	0.292207792208	0.473684210526	0.266666666667	-10.8752	-10.0823	-24.7157
