name	count	identity	evolved_interaction	ancestral_interaction	stability
M36G_A	1	0.993506493506	-10.4947	-10.5333	-24.4503
E1094G_C	20	0.972602739726	-10.3255	-10.3873	-7.57662
A32H_A	32	0.941558441558	-10.398	-9.52504	-24.1007
E1034H_C	43	0.917808219178	-10.7126	-11.2422	-6.572
N124R_A	55	0.915584415584	-11.2792	-9.63396	-23.7465
H1051Y_C	65	0.876712328767	-11.2757	-11.6915	-6.64781
V148I_A	71	0.883116883117	-12.3328	-10.7071	-23.7682
S3R_A	78	0.87012987013	-12.5356	-10.7313	-24.5658
L119M_A	84	0.844155844156	-12.4413	-10.58	-23.793
E99C_A	92	0.811688311688	-12.4447	-10.9012	-22.8177
G55R_A	110	0.785714285714	-10.6339	-9.2619	-22.9316
N31M_A	130	0.779220779221	-10.6951	-9.25941	-23.1692
R3P_A	141	0.753246753247	-10.4446	-8.8836	-25.1102
P70R_A	159	0.74025974026	-10.5201	-8.92307	-22.8497
A1074M_C	173	0.767123287671	-10.519	-11.495	-6.65764
H1066C_C	181	0.753424657534	-10.5191	-11.5198	-6.00813
F108P_A	196	0.707792207792	-10.856	-10.3091	-24.8234
M1049V_C	208	0.698630136986	-10.9533	-11.5563	-6.86573
P1062H_C	216	0.684931506849	-10.5904	-11.1946	-8.3865
M119N_A	222	0.694805194805	-10.6583	-9.65401	-24.7455
I1089F_C	232	0.657534246575	-10.7458	-11.2979	-6.02402
V124Y_A	244	0.668831168831	-10.8944	-9.76351	-25.9697
K1041I_C	256	0.630136986301	-10.8909	-11.4637	-6.73363
D1046V_C	268	0.630136986301	-10.8513	-11.4638	-6.03627
W74T_A	285	0.62987012987	-10.8513	-9.63277	-24.9028
H142N_A	300	0.636363636364	-10.8679	-9.81373	-24.8698
R1071K_C	311	0.616438356164	-10.8292	-11.4402	-6.05187
N52S_A	329	0.61038961039	-10.7923	-9.90835	-24.9282
Q44R_A	335	0.603896103896	-11.4658	-10.6682	-27.3563
F1089I_C	342	0.630136986301	-11.4265	-11.3231	-9.4468
F1079T_C	349	0.616438356164	-11.4087	-11.2733	-6.58062
W82I_A	359	0.590909090909	-12.1628	-10.6432	-25.057
P121Q_A	368	0.577922077922	-12.1649	-10.6374	-23.8976
T74Q_A	382	0.571428571429	-11.6294	-10.5952	-24.6797
E131M_A	404	0.551948051948	-11.6693	-10.8484	-23.7984
R1038N_C	414	0.58904109589	-11.7739	-10.5354	-6.95843
G65I_A	421	0.545454545455	-11.7571	-10.8103	-24.7075
D100A_A	432	0.538961038961	-11.7429	-10.6142	-25.1591
P88F_A	445	0.525974025974	-11.6427	-10.6068	-23.9409
I1034M_C	453	0.506849315068	-10.8664	-9.99762	-8.70842
L9I_A	462	0.512987012987	-10.918	-10.6846	-25.1157
N115G_A	473	0.512987012987	-10.9777	-10.7494	-24.6109
G108M_A	487	0.506493506494	-10.9486	-9.79887	-25.6811
I1035R_C	494	0.506849315068	-10.9459	-9.97411	-6.93421
V1045M_C	505	0.520547945205	-10.9666	-9.99936	-8.26815
V1073Q_C	525	0.506849315068	-10.9597	-9.99593	-7.14803
E1059A_C	536	0.493150684932	-10.9268	-9.99593	-6.74959
L55I_A	547	0.487012987013	-10.5131	-10.1	-24.0155
S1033R_C	576	0.493150684932	-10.4672	-10.0348	-6.72268
I148T_A	591	0.480519480519	-10.4672	-9.23483	-22.0042
I82S_A	604	0.480519480519	-10.4653	-9.11917	-23.8518
C89K_A	615	0.461038961039	-10.3862	-9.05868	-24.0258
Y58F_A	639	0.454545454545	-10.4845	-9.14346	-22.5198
V108M_A	652	0.454545454545	-10.4053	-9.12325	-22.4753
Q121M_A	667	0.454545454545	-10.6612	-9.17676	-24.0853
C49H_A	681	0.454545454545	-10.6003	-9.16738	-23.9094
G115A_A	689	0.435064935065	-10.5661	-9.15577	-26.1113
N1033Q_C	702	0.465753424658	-10.4932	-10.5302	-7.30759
K149A_A	726	0.422077922078	-10.6526	-9.46478	-22.2335
A1023I_C	732	0.465753424658	-10.5785	-10.2226	-7.05185
W70K_A	756	0.422077922078	-10.8337	-9.28583	-23.1042
Q1033I_C	773	0.438356164384	-10.7889	-10.1521	-7.21998
C99Y_A	783	0.422077922078	-10.6779	-9.31072	-24.1876
W95Y_A	789	0.422077922078	-10.7685	-9.21052	-25.3475
S29E_A	795	0.428571428571	-10.9888	-9.28971	-25.3621
T1094S_C	809	0.424657534247	-10.7726	-10.9566	-7.159
P128R_A	815	0.422077922078	-10.7977	-9.31922	-22.8985
R1064Q_C	823	0.397260273973	-10.6972	-10.8136	-5.96101
I1023Y_C	842	0.397260273973	-10.6932	-10.8106	-6.65234
D1030S_C	858	0.383561643836	-10.6867	-10.3872	-6.48921
K1027Q_C	866	0.369863013699	-10.7733	-10.0458	-5.79962
L148S_A	877	0.38961038961	-10.7869	-10.2559	-24.2675
C1059P_C	898	0.369863013699	-10.59	-10.0438	-6.93054
H20R_A	913	0.376623376623	-11.2272	-10.9386	-25.4242
K1056M_C	926	0.356164383562	-11.1669	-9.97168	-8.80017
L1050H_C	937	0.356164383562	-11.2321	-10.1701	-7.08368
K102Q_A	945	0.383116883117	-10.7206	-10.5363	-24.9295
L1058V_C	955	0.342465753425	-10.7725	-9.40096	-8.37359
F1074K_C	962	0.342465753425	-10.8514	-9.41239	-9.02218
I1033T_C	982	0.342465753425	-10.7453	-9.01561	-8.66422
V5S_A	993	0.376623376623	-10.7399	-11.0021	-25.7096
