name	count	identity	interface_identity	non_interface_identity	evolved_interaction	ancestral_interaction	stability
P1044N_C	1	0.986301369863	1.0	0.980392156863	-10.4946	-10.3855	-7.09092
Q151E_A	12	0.980519480519	1.0	0.977777777778	-10.4835	-10.5018	-26.8691
E99T_A	21	0.954545454545	1.0	0.948148148148	-10.4735	-10.5082	-26.5913
E49R_A	30	0.928571428571	1.0	0.918518518519	-10.7547	-10.8133	-25.4002
E1034F_C	39	0.917808219178	1.0	0.882352941176	-10.7369	-10.3299	-8.08567
S70N_A	45	0.896103896104	1.0	0.881481481481	-10.7501	-10.8022	-24.8527
L4W_A	58	0.883116883117	1.0	0.866666666667	-11.0429	-10.9031	-25.7323
S1032D_C	64	0.904109589041	0.954545454545	0.882352941176	-11.0403	-10.5733	-8.29332
R49P_A	69	0.850649350649	1.0	0.82962962963	-10.7573	-10.6864	-28.0697
G44T_A	74	0.831168831169	0.947368421053	0.814814814815	-11.6473	-11.5445	-25.4579
D37I_A	81	0.818181818182	0.947368421053	0.8	-11.7224	-11.6161	-24.8649
R1071Q_C	91	0.808219178082	0.958333333333	0.734693877551	-11.8704	-10.5143	-6.20367
T44H_A	105	0.798701298701	0.947368421053	0.777777777778	-11.7364	-12.0693	-25.1107
P128H_A	113	0.785714285714	0.947368421053	0.762962962963	-11.3894	-12.3933	-24.7029
A152I_A	123	0.75974025974	0.894736842105	0.740740740741	-10.937	-12.3098	-23.854
H1023Q_C	129	0.712328767123	0.782608695652	0.68	-11.1946	-8.7891	-7.14943
Q10W_A	143	0.733766233766	0.894736842105	0.711111111111	-11.2133	-12.1715	-24.0387
H128I_A	152	0.727272727273	0.894736842105	0.703703703704	-11.133	-12.0979	-23.2424
Q1071K_C	163	0.684931506849	0.782608695652	0.64	-10.4365	-8.22176	-6.72147
L6Y_A	173	0.720779220779	0.894736842105	0.696296296296	-10.4309	-12.0191	-24.2711
I128S_A	187	0.714285714286	0.894736842105	0.688888888889	-10.373	-12.0233	-23.2468
K33P_A	200	0.701298701299	0.894736842105	0.674074074074	-10.3463	-11.9781	-25.2151
M97R_A	211	0.694805194805	0.894736842105	0.666666666667	-10.3748	-12.0415	-25.0214
C69G_A	216	0.681818181818	0.894736842105	0.651851851852	-10.4657	-12.0568	-25.6654
I1024N_C	224	0.630136986301	0.739130434783	0.58	-10.4977	-8.13148	-6.20482
R1046A_C	253	0.616438356164	0.739130434783	0.56	-10.499	-8.13247	-6.18524
N140D_A	260	0.649350649351	0.894736842105	0.614814814815	-10.3703	-12.0583	-27.0114
N126H_A	267	0.636363636364	0.875	0.608695652174	-10.6426	-12.1672	-27.4489
A133V_A	278	0.623376623377	0.875	0.594202898551	-10.6287	-12.2053	-25.9829
W103I_A	286	0.61038961039	0.875	0.579710144928	-10.6584	-12.2561	-24.4895
M1037W_C	291	0.547945205479	0.652173913043	0.5	-11.5821	-8.27687	-6.35046
Q1076R_C	297	0.520547945205	0.652173913043	0.46	-11.3662	-8.30022	-6.94502
K1085L_C	311	0.520547945205	0.652173913043	0.46	-11.1436	-8.32169	-7.37244
Y100V_A	324	0.590909090909	0.875	0.557971014493	-11.1712	-11.7758	-23.6082
M89A_A	338	0.577922077922	0.8125	0.550724637681	-11.6354	-11.8616	-23.6134
V1050C_C	355	0.520547945205	0.652173913043	0.46	-10.8388	-8.20577	-7.06942
H146L_A	366	0.558441558442	0.75	0.536231884058	-10.8369	-11.0986	-25.3748
P33E_A	375	0.545454545455	0.75	0.521739130435	-10.7997	-11.0733	-26.0569
A143N_A	383	0.545454545455	0.75	0.521739130435	-10.5061	-11.1796	-25.5974
P46K_A	394	0.538961038961	0.75	0.514492753623	-11.7647	-11.5485	-24.1434
K50M_A	403	0.538961038961	0.75	0.514492753623	-11.8299	-11.7397	-23.791
W10L_A	421	0.532467532468	0.6875	0.514492753623	-11.6571	-10.1922	-24.9846
L1026I_C	432	0.479452054795	0.608695652174	0.42	-11.8092	-8.16936	-6.65455
W134M_A	444	0.512987012987	0.625	0.5	-11.5368	-9.62339	-24.4792
L1085I_C	459	0.452054794521	0.608695652174	0.38	-11.7072	-8.21226	-6.42244
C121L_A	466	0.5	0.625	0.485507246377	-11.7155	-9.86853	-27.9138
M1064H_C	472	0.452054794521	0.608695652174	0.38	-11.4665	-8.1353	-6.36028
G1041H_C	481	0.452054794521	0.608695652174	0.38	-11.3031	-8.12666	-8.38022
Q1073I_C	492	0.424657534247	0.608695652174	0.34	-11.2726	-8.10131	-7.81222
P111H_A	502	0.461038961039	0.375	0.471014492754	-10.6892	-9.35843	-24.07
R1055Q_C	515	0.397260273973	0.608695652174	0.3	-10.6997	-8.08887	-5.88025
R1074K_C	532	0.397260273973	0.608695652174	0.3	-10.6979	-8.08753	-6.46223
N115A_A	542	0.454545454545	0.352941176471	0.467153284672	-10.8442	-9.42045	-24.3854
G69F_A	550	0.454545454545	0.352941176471	0.467153284672	-10.8299	-9.43442	-23.5977
T91F_A	562	0.441558441558	0.352941176471	0.452554744526	-10.8067	-9.43944	-24.9095
D136V_A	594	0.428571428571	0.352941176471	0.43795620438	-10.829	-9.25481	-25.0945
M134V_A	605	0.422077922078	0.352941176471	0.430656934307	-10.8208	-9.27245	-25.2018
R8T_A	613	0.409090909091	0.352941176471	0.416058394161	-10.6421	-9.17188	-25.5164
G70N_A	620	0.402597402597	0.352941176471	0.408759124088	-10.6923	-9.22913	-24.6708
M82L_A	629	0.402597402597	0.352941176471	0.408759124088	-10.7308	-9.23923	-24.2117
E12Y_A	642	0.396103896104	0.352941176471	0.401459854015	-10.8782	-9.41881	-25.3276
N39Q_A	647	0.396103896104	0.352941176471	0.401459854015	-10.9247	-9.4184	-25.6065
P1034F_C	656	0.328767123288	0.565217391304	0.22	-11.1298	-6.45301	-8.99936
F91V_A	663	0.396103896104	0.375	0.398550724638	-11.5499	-9.95813	-29.0416
G1057A_C	671	0.315068493151	0.565217391304	0.2	-11.5494	-8.01354	-6.41299
S1029G_C	678	0.301369863014	0.521739130435	0.2	-12.2745	-8.899	-6.40429
K117N_A	687	0.396103896104	0.375	0.398550724638	-12.2554	-10.6109	-25.7375
Y1071P_C	694	0.301369863014	0.521739130435	0.2	-12.3335	-8.89105	-6.58892
V148M_A	707	0.383116883117	0.3125	0.391304347826	-11.5727	-10.2576	-24.928
C5L_A	714	0.376623376623	0.3125	0.384057971014	-11.6024	-10.2319	-27.0451
M96P_A	720	0.37012987013	0.3125	0.376811594203	-11.6047	-10.2329	-25.3792
V1093F_C	729	0.287671232877	0.478260869565	0.2	-11.6594	-8.93735	-13.0577
M71V_A	740	0.37012987013	0.3125	0.376811594203	-11.0837	-9.59791	-24.4893
M50S_A	746	0.357142857143	0.3125	0.36231884058	-11.0531	-9.77051	-24.023
A76R_A	758	0.357142857143	0.3125	0.36231884058	-11.2755	-9.3616	-28.4907
V1055P_C	769	0.260273972603	0.434782608696	0.18	-11.246	-9.11613	-7.37818
D19L_A	778	0.344155844156	0.25	0.355072463768	-11.013	-9.33586	-26.6592
F137Y_A	807	0.331168831169	0.1875	0.347826086957	-10.9317	-9.35645	-27.714
K21W_A	819	0.331168831169	0.1875	0.347826086957	-10.9531	-9.03069	-25.0794
S4A_A	828	0.324675324675	0.1875	0.340579710145	-11.433	-9.59405	-26.6094
W1064I_C	835	0.246575342466	0.434782608696	0.16	-11.6344	-9.28215	-7.70312
L16V_A	848	0.324675324675	0.1875	0.340579710145	-11.0949	-9.73274	-24.985
P67R_A	855	0.318181818182	0.1875	0.333333333333	-11.6293	-9.72216	-27.0105
Q7Y_A	864	0.311688311688	0.1875	0.326086956522	-10.9746	-9.42322	-25.5179
W112L_A	871	0.311688311688	0.1875	0.326086956522	-11.5939	-9.42798	-24.2236
S1053C_C	882	0.232876712329	0.391304347826	0.16	-11.3415	-9.53611	-7.70075
W106L_A	893	0.311688311688	0.1875	0.326086956522	-11.9035	-9.6089	-26.1689
N70S_A	908	0.318181818182	0.1875	0.333333333333	-11.3407	-9.60857	-24.1688
K108Q_A	918	0.318181818182	0.1875	0.333333333333	-11.8334	-9.5658	-24.0341
W66K_A	933	0.324675324675	0.1875	0.340579710145	-11.2978	-9.57229	-24.982
Y137H_A	939	0.331168831169	0.1875	0.347826086957	-11.0508	-9.5304	-25.548
C8Y_A	950	0.331168831169	0.2	0.345323741007	-11.7173	-9.55607	-25.2477
Y126I_A	958	0.331168831169	0.2	0.345323741007	-10.6351	-9.21608	-24.3863
A1041K_C	963	0.219178082192	0.304347826087	0.18	-10.554	-6.30889	-8.26404
N98K_A	972	0.311688311688	0.2	0.323741007194	-10.5547	-9.21557	-23.9312
D37H_A	987	0.305194805195	0.2	0.31654676259	-10.598	-9.23048	-25.2762
