name	count	identity	evolved_interaction	ancestral_interaction	stability
L1045S_C	1	0.986301369863	-10.4898	-9.5654	-8.4079
D121C_A	14	0.974025974026	-10.6063	-10.5316	-25.2615
K1038L_C	23	0.945205479452	-10.6376	-10.548	-6.70114
N126D_A	35	0.935064935065	-10.6078	-10.5231	-26.4586
N29F_A	51	0.909090909091	-10.6035	-10.5291	-24.4623
L149R_A	60	0.896103896104	-10.6021	-10.5291	-24.7177
P78Y_A	71	0.876623376623	-10.7537	-10.5121	-24.1184
S156R_A	83	0.863636363636	-10.708	-10.4196	-24.6778
I107L_A	89	0.844155844156	-10.6786	-10.4749	-24.5616
Q117Y_A	99	0.824675324675	-10.4398	-10.3851	-27.2657
P21W_A	107	0.811688311688	-10.6172	-10.4335	-25.4183
L6D_A	114	0.798701298701	-10.4953	-10.4048	-24.1617
I1091N_C	126	0.780821917808	-10.6898	-10.6923	-7.90584
Y78C_A	137	0.772727272727	-10.7503	-10.5585	-26.0314
Y131H_A	147	0.753246753247	-10.7486	-10.5579	-25.665
Y136E_A	153	0.746753246753	-10.8941	-10.5534	-26.3842
M36R_A	166	0.720779220779	-11.3753	-11.0531	-25.1865
I1033L_C	175	0.712328767123	-11.3021	-11.3009	-8.7923
C78L_A	191	0.701298701299	-10.7553	-10.7298	-24.5506
F29A_A	198	0.688311688312	-10.7319	-10.7252	-24.6184
Y1073K_C	216	0.657534246575	-10.6011	-11.1676	-7.58292
R1071A_C	226	0.657534246575	-10.9627	-11.5183	-5.93552
K1058D_C	247	0.630136986301	-10.8343	-11.8464	-6.83926
W153E_A	257	0.681818181818	-10.9662	-10.4209	-24.5198
S3T_A	266	0.668831168831	-11.2957	-10.3877	-27.3274
C98F_A	273	0.668831168831	-11.4707	-10.3877	-26.2803
P122R_A	283	0.668831168831	-11.4988	-10.4918	-31.8889
T3G_A	288	0.662337662338	-11.5182	-10.5895	-32.4012
R1093M_C	296	0.58904109589	-11.7495	-11.8443	-6.30293
Y25V_A	303	0.623376623377	-11.0062	-9.97771	-24.4437
K146R_A	314	0.603896103896	-10.9082	-9.93511	-24.2879
L52P_A	323	0.590909090909	-10.9295	-9.94221	-25.7878
N140F_A	332	0.577922077922	-10.734	-9.48999	-25.6905
L78E_A	340	0.571428571429	-10.5941	-9.41985	-26.6192
D66I_A	347	0.571428571429	-10.8352	-9.41984	-25.5901
L150H_A	357	0.558441558442	-10.8351	-9.41201	-24.4448
A1051S_C	371	0.534246575342	-11.0099	-12.0831	-5.77125
K147Q_A	386	0.558441558442	-11.0797	-9.5836	-24.3814
A32I_A	400	0.545454545455	-10.9612	-10.1551	-24.6688
C121D_A	407	0.545454545455	-10.9609	-10.2131	-24.0184
T35W_A	421	0.538961038961	-10.9693	-10.1505	-24.1946
C5P_A	431	0.532467532468	-10.9419	-9.71155	-24.9368
Q1043M_C	447	0.493150684932	-10.9801	-11.9142	-6.27511
M42V_A	469	0.532467532468	-10.9817	-9.84536	-24.1525
L1063I_C	488	0.479452054795	-10.8837	-12.0716	-5.69947
K27L_A	504	0.5	-10.785	-9.85492	-24.8794
K76Q_A	515	0.493506493506	-10.8013	-9.71478	-24.8186
R1046F_C	531	0.465753424658	-10.8382	-11.8287	-7.08193
K15A_A	545	0.487012987013	-10.5549	-9.51462	-24.085
M1093P_C	557	0.41095890411	-12.5424	-12.5296	-8.41591
H131D_A	579	0.480519480519	-11.4154	-9.48222	-25.006
G101I_A	597	0.480519480519	-11.3962	-9.48291	-24.3209
P1044A_C	613	0.369863013699	-11.4124	-11.6591	-6.41145
V1032T_C	625	0.356164383562	-11.4296	-11.698	-6.68568
R118M_A	638	0.474025974026	-11.5074	-9.73564	-25.8633
G78W_A	648	0.467532467532	-11.4662	-9.87952	-28.2077
I124V_A	655	0.461038961039	-10.7436	-9.94441	-27.3017
G3P_A	663	0.461038961039	-11.9633	-10.162	-24.6096
E99F_A	679	0.448051948052	-11.8758	-10.0832	-24.7373
V124Q_A	689	0.448051948052	-11.814	-10.0614	-23.9438
M102N_A	696	0.448051948052	-11.2687	-10.402	-26.8747
K100S_A	710	0.448051948052	-10.6201	-10.4097	-26.401
A133M_A	716	0.435064935065	-10.6805	-10.0919	-23.6941
L64C_A	731	0.435064935065	-10.7602	-10.1059	-23.5038
I1035L_C	744	0.301369863014	-10.6411	-10.511	-6.62057
S89F_A	756	0.428571428571	-10.7922	-10.2123	-24.1185
R61C_A	774	0.422077922078	-11.3056	-10.4875	-25.9914
L38C_A	781	0.396103896104	-10.8197	-9.33784	-24.9146
P1071E_C	795	0.27397260274	-10.7061	-10.7794	-5.63605
I139T_A	804	0.396103896104	-10.7771	-9.36337	-26.071
I3G_A	812	0.396103896104	-10.8166	-9.36217	-24.6523
S150A_A	831	0.396103896104	-10.9262	-9.36222	-24.8947
I1034R_C	842	0.301369863014	-11.1179	-11.4838	-6.19952
K31W_A	861	0.38961038961	-11.0839	-9.19997	-25.0366
M28E_A	873	0.38961038961	-10.7517	-8.58552	-25.0814
I1059K_C	882	0.301369863014	-10.7005	-11.6523	-6.98369
C124N_A	890	0.383116883117	-10.8634	-8.70454	-25.2673
S59Y_A	900	0.38961038961	-11.4632	-8.61703	-26.6942
Q25A_A	907	0.38961038961	-11.4474	-8.80923	-24.777
I1070W_C	914	0.287671232877	-10.8687	-11.6981	-6.75208
E153A_A	922	0.383116883117	-10.8891	-8.87649	-24.2714
D1087E_C	939	0.260273972603	-11.0463	-12.5708	-8.2704
I92M_A	949	0.376623376623	-11.0599	-6.01709	-24.4421
V1081K_C	959	0.246575342466	-11.1301	-12.4063	-6.86963
Q126D_A	974	0.37012987013	-11.1366	-5.88211	-25.5104
M14Y_A	979	0.37012987013	-11.5902	-7.02362	-24.7646
K61L_A	988	0.363636363636	-11.6159	-7.57088	-25.4865
