name	count	identity	evolved_interaction	ancestral_interaction	stability
D37Q_A	1	0.993506493506	-10.4982	-10.5419	-26.0122
Q111C_A	7	0.961038961039	-10.5369	-10.5378	-25.0807
M1049C_C	14	0.972602739726	-10.8273	-10.5076	-8.05539
T91S_A	26	0.928571428571	-10.7834	-10.7236	-25.545
S3N_A	35	0.896103896104	-10.6168	-10.4934	-24.1138
Y149W_A	49	0.883116883117	-10.4654	-10.2933	-25.0323
C111N_A	66	0.883116883117	-10.4873	-10.3645	-24.8385
C1049V_C	75	0.849315068493	-10.4854	-10.4416	-8.68895
R142N_A	81	0.87012987013	-10.4567	-10.3392	-25.9721
Q1056H_C	87	0.821917808219	-10.5012	-10.4704	-8.53537
K31I_A	96	0.831168831169	-10.5012	-10.3482	-26.2813
C49E_A	101	0.831168831169	-10.2885	-10.3074	-29.5344
K40M_A	109	0.818181818182	-10.4013	-10.377	-28.5497
N52A_A	122	0.792207792208	-10.4061	-10.3715	-24.0662
R110I_A	145	0.779220779221	-10.4774	-10.2834	-25.2826
L150Y_A	153	0.75974025974	-10.5869	-10.3505	-25.3743
I60V_A	161	0.733766233766	-10.5805	-10.3485	-24.1044
D141P_A	175	0.727272727273	-10.5781	-10.3329	-26.0426
A1095L_C	200	0.72602739726	-10.6103	-10.4185	-7.02773
Q1073L_C	221	0.712328767123	-10.5946	-10.4153	-7.75669
Y1059E_C	228	0.72602739726	-10.5652	-10.4153	-7.99866
R1071M_C	234	0.712328767123	-10.553	-10.3998	-7.85884
C93Q_A	244	0.649350649351	-10.5625	-10.4321	-24.043
T42I_A	256	0.649350649351	-10.5479	-10.4286	-24.8819
S1033M_C	267	0.616438356164	-10.6684	-11.1564	-9.18936
Y1044V_C	277	0.616438356164	-11.094	-11.5818	-7.57625
G102K_A	301	0.62987012987	-11.0934	-10.36	-26.3607
A1074H_C	310	0.602739726027	-11.0189	-11.5907	-6.83454
F54N_A	316	0.616883116883	-10.9865	-10.3882	-25.8656
M1033R_C	332	0.58904109589	-10.796	-11.6274	-6.16045
P39S_A	348	0.597402597403	-11.4374	-10.6113	-23.4393
N155Q_A	361	0.584415584416	-11.3242	-10.5564	-22.7903
C83T_A	384	0.577922077922	-11.2914	-10.6489	-24.694
R1092N_C	394	0.547945205479	-12.218	-9.14514	-7.3444
R1055W_C	404	0.520547945205	-12.1915	-9.04905	-8.41282
H70W_A	411	0.558441558442	-12.1053	-11.7823	-27.1821
N54V_A	421	0.551948051948	-12.2078	-11.8314	-25.3192
G1037K_C	429	0.479452054795	-11.7387	-8.96052	-7.95569
S1034C_C	441	0.479452054795	-11.7492	-8.93374	-6.64478
P1023E_C	449	0.479452054795	-11.7801	-8.98148	-6.65034
R1064Q_C	458	0.452054794521	-11.5215	-8.57555	-6.98542
E127Y_A	475	0.512987012987	-11.1162	-11.5792	-25.0856
N70M_A	490	0.506493506494	-11.1388	-11.6359	-24.6308
H106W_A	506	0.5	-11.5658	-11.6975	-25.4278
L120M_A	525	0.487012987013	-11.5675	-11.6947	-24.3304
V54L_A	531	0.487012987013	-11.5394	-11.71	-24.2049
I67N_A	542	0.480519480519	-10.8221	-11.2879	-25.5102
T109V_A	554	0.480519480519	-10.7812	-11.2639	-27.3077
Q1054T_C	561	0.438356164384	-10.7666	-8.9684	-6.57743
E44F_A	567	0.467532467532	-11.1454	-11.4146	-30.5543
M1071F_C	574	0.424657534247	-11.6849	-8.96815	-7.04306
H102A_A	580	0.448051948052	-12.2318	-11.4756	-24.9711
F1061Y_C	589	0.424657534247	-11.0546	-8.87394	-7.3668
I113M_A	601	0.428571428571	-11.0681	-10.1653	-24.2177
M1026V_C	610	0.397260273973	-11.1792	-9.1917	-6.64519
N82G_A	617	0.428571428571	-11.1678	-10.1969	-28.1861
P128H_A	624	0.415584415584	-11.4251	-10.4311	-24.448
V1045S_C	632	0.369863013699	-11.2216	-8.65884	-7.60647
A102R_A	641	0.38961038961	-11.2581	-10.5583	-26.4592
N124D_A	650	0.383116883117	-10.7428	-10.5606	-24.5429
F44R_A	660	0.383116883117	-11.2526	-10.7345	-24.0454
H1074F_C	668	0.342465753425	-11.9086	-7.78203	-11.5132
M1059A_C	680	0.328767123288	-11.8517	-7.80401	-8.82458
N87G_A	685	0.383116883117	-12.2235	-10.9317	-24.4771
R1038N_C	697	0.328767123288	-12.2594	-8.32377	-6.77529
K27H_A	711	0.383116883117	-11.9967	-10.6761	-25.1777
L156R_A	723	0.383116883117	-12.2344	-10.8293	-24.2399
R44Y_A	735	0.376623376623	-11.9901	-10.7053	-24.1864
A138I_A	744	0.376623376623	-12.0293	-10.7044	-24.5368
S1055N_C	754	0.315068493151	-11.0559	-7.63126	-8.24137
K39S_A	762	0.376623376623	-11.2674	-9.25031	-24.3266
F1070V_C	773	0.315068493151	-11.1871	-7.65852	-7.44606
S14D_A	788	0.363636363636	-11.1415	-8.90972	-24.0049
K31M_A	802	0.363636363636	-11.5112	-8.80577	-24.7443
Y1071L_C	814	0.301369863014	-11.4663	-8.68877	-6.86403
R135A_A	826	0.350649350649	-11.3695	-8.81372	-25.0713
D14S_A	838	0.357142857143	-11.5653	-9.25781	-25.6015
Y131K_A	845	0.350649350649	-11.317	-8.99458	-26.2007
E63R_A	850	0.344155844156	-11.2328	-8.98586	-24.6262
W29L_A	863	0.344155844156	-10.9216	-8.93197	-24.4352
M57D_A	887	0.344155844156	-10.6854	-8.69191	-23.7053
P105M_A	902	0.344155844156	-10.7935	-8.56926	-24.2281
K1080E_C	908	0.27397260274	-10.9928	-7.65334	-6.87557
V1079M_C	918	0.27397260274	-10.8709	-7.61182	-7.94863
R130Y_A	929	0.324675324675	-10.8567	-8.86508	-24.6335
F44C_A	939	0.324675324675	-10.8331	-9.37183	-24.6398
L26C_A	954	0.324675324675	-11.0389	-9.37944	-24.4445
H1041R_C	967	0.27397260274	-10.9643	-7.74495	-7.72739
W154A_A	974	0.324675324675	-10.8952	-9.39055	-24.2438
A154F_A	998	0.331168831169	-10.9157	-9.35553	-25.1437
