name	count	identity	interface_identity	non_interface_identity	evolved_interaction	ancestral_interaction	stability
S1029K_C	1	0.986301369863	0.954545454545	1.0	-11.0422	-10.903	-9.88412
K1027L_C	7	0.958904109589	0.863636363636	1.0	-11.5214	-10.775	-11.0844
T1077P_C	13	0.945205479452	0.863636363636	0.980392156863	-11.3118	-10.5291	-10.4191
K1058R_C	23	0.904109589041	0.863636363636	0.921568627451	-11.2655	-10.3841	-10.4483
E52I_A	32	0.935064935065	1.0	0.925925925926	-11.3055	-11.3433	-27.6131
G115K_A	38	0.915584415584	1.0	0.903703703704	-11.3114	-11.3535	-29.0097
E63Q_A	50	0.88961038961	1.0	0.874074074074	-11.3725	-11.366	-24.1791
F42L_A	60	0.87012987013	1.0	0.851851851852	-11.2101	-11.3386	-25.5349
R1046A_C	72	0.821917808219	0.818181818182	0.823529411765	-10.9656	-10.3675	-7.38629
A106G_A	78	0.824675324675	1.0	0.802919708029	-11.0485	-11.1315	-25.1772
L1077S_C	87	0.794520547945	0.772727272727	0.803921568627	-11.0483	-10.379	-6.72427
S35Y_A	92	0.792207792208	1.0	0.766423357664	-11.0642	-11.1509	-24.7213
Q39L_A	112	0.779220779221	1.0	0.751824817518	-11.0591	-11.1505	-24.5312
C93M_A	122	0.753246753247	1.0	0.722627737226	-11.038	-11.1651	-26.717
T31W_A	133	0.733766233766	1.0	0.700729927007	-11.039	-11.1653	-25.2379
K1058H_C	141	0.753424657534	0.772727272727	0.745098039216	-11.08	-10.4258	-7.81424
S1062Q_C	156	0.72602739726	0.772727272727	0.705882352941	-11.0782	-10.4335	-8.72144
G106V_A	167	0.701298701299	1.0	0.666666666667	-11.0131	-11.1327	-25.1295
L119M_A	175	0.694805194805	1.0	0.659420289855	-11.0491	-11.1326	-25.7738
N1043W_C	183	0.684931506849	0.727272727273	0.666666666667	-11.1131	-10.4905	-6.42529
K40E_A	188	0.688311688312	1.0	0.652173913043	-10.9409	-11.1745	-29.1507
S70T_A	193	0.675324675325	1.0	0.63768115942	-10.5983	-11.1172	-27.6725
A128N_A	200	0.655844155844	0.875	0.630434782609	-11.6438	-12.5883	-25.0913
A26G_A	212	0.642857142857	0.8125	0.623188405797	-11.5138	-12.5185	-25.2044
R76C_A	218	0.636363636364	0.8125	0.615942028986	-11.5875	-12.5171	-24.2625
Y1054Q_C	223	0.643835616438	0.695652173913	0.62	-11.5214	-9.83734	-9.58363
P1044S_C	234	0.616438356164	0.695652173913	0.58	-11.2653	-9.85006	-6.6806
W98I_A	245	0.616883116883	0.8125	0.594202898551	-10.8545	-12.1636	-25.1782
R1093Y_C	255	0.602739726027	0.695652173913	0.56	-10.9703	-9.56471	-8.19852
T30F_A	265	0.590909090909	0.8125	0.565217391304	-11.2631	-11.6525	-25.072
A152T_A	271	0.584415584416	0.8125	0.557971014493	-11.4435	-11.6638	-24.6017
D102R_A	277	0.571428571429	0.8125	0.54347826087	-11.5035	-11.6627	-24.1397
K48H_A	289	0.571428571429	0.8125	0.54347826087	-11.5109	-11.6884	-24.1877
F153M_A	302	0.558441558442	0.8125	0.528985507246	-11.886	-11.7231	-23.9978
H1058Y_C	311	0.534246575342	0.652173913043	0.48	-11.9931	-9.93997	-8.92855
L97N_A	317	0.525974025974	0.8125	0.492753623188	-11.9975	-11.7864	-25.1706
D1030T_C	324	0.493150684932	0.608695652174	0.44	-11.2074	-9.41018	-8.79104
F147L_A	333	0.519480519481	0.8125	0.485507246377	-11.281	-11.7824	-24.5457
L63H_A	346	0.506493506494	0.75	0.478260869565	-11.5228	-11.3506	-24.3257
Y141I_A	358	0.5	0.75	0.471014492754	-12.0008	-11.8743	-24.0358
F54K_A	367	0.493506493506	0.75	0.463768115942	-11.8192	-11.7968	-24.3092
G26C_A	387	0.487012987013	0.75	0.45652173913	-11.6556	-11.4399	-26.0059
Y35Q_A	401	0.474025974026	0.625	0.45652173913	-11.5451	-11.2875	-25.2261
T39W_A	409	0.474025974026	0.625	0.45652173913	-11.6711	-11.3877	-25.7412
H1092K_C	417	0.438356164384	0.541666666667	0.387755102041	-10.5993	-10.5238	-6.46521
E40S_A	429	0.480519480519	0.647058823529	0.459854014599	-10.8165	-11.8372	-23.8934
Y14A_A	439	0.474025974026	0.647058823529	0.452554744526	-10.7887	-11.9786	-23.9589
S3L_A	450	0.467532467532	0.647058823529	0.445255474453	-10.7287	-11.9786	-23.8373
Y10L_A	459	0.461038961039	0.647058823529	0.43795620438	-10.7306	-11.5535	-25.4614
V1025Y_C	474	0.438356164384	0.565217391304	0.38	-10.5343	-10.2208	-7.04397
D1061M_C	488	0.424657534247	0.565217391304	0.36	-10.5548	-10.2182	-7.09478
H142E_A	508	0.454545454545	0.647058823529	0.430656934307	-10.6244	-11.0492	-26.0907
Q1062C_C	517	0.424657534247	0.565217391304	0.36	-10.6389	-10.2336	-6.1698
A154E_A	528	0.441558441558	0.647058823529	0.416058394161	-10.876	-11.208	-24.7437
Q49R_A	535	0.448051948052	0.647058823529	0.423357664234	-10.7263	-11.6267	-26.4012
Q1054Y_C	540	0.41095890411	0.565217391304	0.34	-10.5728	-10.2009	-6.29179
V58H_A	545	0.441558441558	0.647058823529	0.416058394161	-10.44	-11.742	-25.8306
W102E_A	570	0.441558441558	0.647058823529	0.416058394161	-10.8492	-11.7358	-24.5074
E1084V_C	580	0.356164383562	0.478260869565	0.3	-10.8749	-10.5843	-6.6518
V1084I_C	597	0.369863013699	0.478260869565	0.32	-11.04	-10.8106	-9.3203
H58V_A	602	0.422077922078	0.647058823529	0.394160583942	-10.7679	-11.4965	-29.1487
F77Q_A	607	0.415584415584	0.647058823529	0.386861313869	-10.7374	-11.249	-24.0905
N1059D_C	620	0.383561643836	0.521739130435	0.32	-10.7523	-10.9145	-7.25637
C1094F_C	626	0.383561643836	0.521739130435	0.32	-10.9119	-10.8897	-7.91487
C1039E_C	640	0.369863013699	0.521739130435	0.3	-10.8929	-10.8725	-7.96839
F1046N_C	651	0.356164383562	0.521739130435	0.28	-10.886	-10.8015	-6.63849
V145W_A	656	0.396103896104	0.588235294118	0.372262773723	-10.8146	-11.2789	-24.0692
A1075I_C	665	0.356164383562	0.521739130435	0.28	-11.1229	-10.6847	-7.11276
L1027V_C	673	0.356164383562	0.521739130435	0.28	-10.8824	-10.7569	-7.38207
E154M_A	692	0.396103896104	0.588235294118	0.372262773723	-10.7317	-11.1891	-24.9064
E1039R_C	707	0.356164383562	0.521739130435	0.28	-10.5077	-10.2829	-6.68025
W39E_A	715	0.396103896104	0.588235294118	0.372262773723	-10.4184	-11.1704	-25.475
C76R_A	720	0.396103896104	0.588235294118	0.372262773723	-10.396	-11.0943	-25.4226
V125K_A	735	0.396103896104	0.588235294118	0.372262773723	-10.3954	-11.094	-26.8092
K152A_A	764	0.409090909091	0.588235294118	0.386861313869	-10.387	-11.0967	-26.0229
E140L_A	773	0.402597402597	0.588235294118	0.379562043796	-10.3882	-11.0944	-26.2997
W145R_A	781	0.402597402597	0.588235294118	0.379562043796	-10.3883	-11.1964	-25.7016
A115E_A	795	0.402597402597	0.588235294118	0.379562043796	-10.3883	-11.1815	-25.3588
T37H_A	816	0.402597402597	0.588235294118	0.379562043796	-10.4258	-11.2577	-24.7861
E31F_A	832	0.402597402597	0.588235294118	0.379562043796	-10.4346	-11.2776	-24.1686
H1044Q_C	840	0.315068493151	0.478260869565	0.24	-10.4345	-9.93318	-6.73767
F1036Q_C	847	0.301369863014	0.478260869565	0.22	-11.1657	-10.0224	-8.1824
K88C_A	856	0.402597402597	0.5625	0.384057971014	-10.7689	-11.614	-23.4808
V27L_A	866	0.402597402597	0.5625	0.384057971014	-12.2723	-11.5642	-24.1377
Q66W_A	872	0.396103896104	0.5625	0.376811594203	-12.0407	-11.2567	-25.5045
H49N_A	880	0.396103896104	0.625	0.369565217391	-12.0556	-11.2258	-25.5598
W3V_A	886	0.396103896104	0.625	0.369565217391	-13.3188	-11.1924	-25.622
R1064M_C	893	0.27397260274	0.434782608696	0.2	-13.2189	-10.2441	-7.17269
L4W_A	915	0.383116883117	0.625	0.355072463768	-13.2187	-11.4239	-23.0994
T29I_A	925	0.383116883117	0.625	0.355072463768	-13.6709	-11.371	-24.4856
A138G_A	931	0.38961038961	0.625	0.36231884058	-13.6682	-11.371	-23.6846
C118K_A	938	0.383116883117	0.625	0.355072463768	-12.6889	-11.3712	-24.4394
M153V_A	945	0.383116883117	0.625	0.355072463768	-11.3091	-11.3787	-23.6309
K1053V_C	951	0.246575342466	0.391304347826	0.18	-11.3347	-8.12948	-8.03282
R44M_A	960	0.383116883117	0.625	0.355072463768	-11.1931	-11.2992	-23.2535
L119Y_A	965	0.37012987013	0.625	0.340579710145	-11.171	-11.3761	-25.0437
D19T_A	971	0.363636363636	0.5625	0.340579710145	-11.9403	-11.3276	-27.325
L132G_A	977	0.357142857143	0.5625	0.333333333333	-11.6876	-11.1113	-23.0089
Q151W_A	987	0.350649350649	0.5625	0.326086956522	-11.688	-11.1549	-23.6912
