name	count	identity	evolved_interaction	ancestral_interaction	stability
K71N_A	1	0.993506493506	-10.5076	-10.4998	-25.682
T108Y_A	8	0.967532467532	-10.5389	-10.4615	-24.2368
S95G_A	17	0.948051948052	-10.7883	-10.4273	-25.4911
L94M_A	23	0.922077922078	-10.5658	-10.2026	-25.5524
K1054N_C	39	0.904109589041	-10.6018	-10.8434	-6.05285
R1046F_C	52	0.86301369863	-10.5833	-10.8802	-6.81993
R1047V_C	62	0.835616438356	-10.5825	-10.8796	-7.01966
R1075L_C	74	0.835616438356	-10.4728	-10.8803	-6.55096
R1055M_C	84	0.821917808219	-10.4084	-10.8725	-5.70438
A1051T_C	101	0.808219178082	-10.4076	-10.8733	-6.92362
M1049I_C	109	0.780821917808	-10.4991	-10.8408	-6.30683
Y58M_A	114	0.785714285714	-10.5861	-10.2088	-24.6784
E49R_A	129	0.75974025974	-10.7138	-10.3771	-24.3155
L145A_A	140	0.746753246753	-10.7083	-10.3768	-24.2683
D19Y_A	149	0.727272727273	-11.0976	-10.6064	-25.6353
A1077M_C	160	0.794520547945	-10.6848	-10.852	-7.12515
H3Q_A	172	0.688311688312	-10.7461	-10.1016	-26.7736
Y108M_A	180	0.681818181818	-10.6136	-10.0884	-25.5647
V5T_A	191	0.668831168831	-10.5235	-10.0774	-27.3914
H150Y_A	198	0.662337662338	-10.7795	-10.0769	-25.3435
N98C_A	211	0.655844155844	-10.6504	-10.0431	-24.4601
N1054A_C	231	0.684931506849	-11.4767	-10.7749	-6.67205
C1070W_C	238	0.684931506849	-11.3172	-10.79	-6.94142
S1033C_C	258	0.657534246575	-12.0279	-10.9595	-6.54671
E63K_A	266	0.642857142857	-11.7203	-10.2624	-25.1911
W1070K_C	274	0.643835616438	-11.7842	-10.586	-8.01582
K32A_A	292	0.655844155844	-11.4438	-10.2749	-24.1946
Y1061F_C	304	0.630136986301	-11.2281	-9.8882	-6.7178
S122N_A	322	0.642857142857	-10.6391	-10.2531	-25.0795
W30Q_A	335	0.636363636364	-10.6166	-10.3253	-24.4499
Y99I_A	353	0.62987012987	-10.542	-10.1809	-24.4312
V54A_A	366	0.616883116883	-10.5571	-10.1221	-26.0026
N1025F_C	376	0.602739726027	-10.7775	-9.59844	-7.25012
A143K_A	385	0.603896103896	-10.7825	-10.119	-25.1847
W66Q_A	394	0.597402597403	-10.9352	-10.161	-25.5789
D1073Y_C	404	0.547945205479	-11.1061	-9.74852	-6.09507
A106M_A	421	0.590909090909	-10.9515	-9.9362	-24.8805
G65S_A	448	0.584415584416	-10.6153	-9.94232	-24.1579
L119M_A	460	0.571428571429	-10.6247	-9.94233	-25.1041
K146D_A	466	0.551948051948	-10.5165	-10.3393	-25.4837
S56G_A	479	0.551948051948	-10.5198	-10.2966	-24.5753
A1054I_C	489	0.506849315068	-10.5259	-10.0007	-6.18469
F125Y_A	502	0.545454545455	-10.5696	-10.2266	-24.4527
M58L_A	511	0.538961038961	-10.5604	-10.2175	-24.8234
C1080W_C	517	0.506849315068	-10.5604	-10.0208	-6.80366
T5V_A	528	0.532467532468	-10.5765	-10.2117	-23.6967
K63T_A	537	0.525974025974	-10.5608	-10.0263	-24.0834
M1038R_C	573	0.493150684932	-10.967	-9.95759	-7.81309
D140E_A	582	0.525974025974	-11.2461	-10.6835	-24.6468
K27A_A	589	0.519480519481	-10.6738	-9.93244	-23.0006
S1044K_C	600	0.493150684932	-10.6756	-9.98941	-7.7055
N12Q_A	614	0.506493506494	-10.6951	-10.1123	-28.0846
V1094R_C	622	0.479452054795	-10.7696	-10.0669	-8.42982
F1093Y_C	631	0.465753424658	-10.5808	-9.91827	-10.476
E1040M_C	647	0.465753424658	-10.585	-9.91937	-10.4271
M1083N_C	660	0.438356164384	-10.5481	-9.97726	-7.15659
E1042D_C	671	0.424657534247	-10.465	-9.88597	-6.30152
G44K_A	684	0.487012987013	-10.4975	-10.2218	-26.1867
E136F_A	690	0.474025974026	-10.485	-10.1685	-28.2579
A1051Q_C	698	0.397260273973	-10.4875	-9.91024	-6.73807
A27R_A	705	0.461038961039	-10.827	-10.2617	-26.4135
D1042R_C	719	0.397260273973	-11.0748	-9.96578	-7.33632
S1062C_C	731	0.369863013699	-11.503	-9.59647	-6.25708
I4T_A	752	0.448051948052	-12.1655	-11.0226	-25.5918
R49A_A	757	0.441558441558	-12.2438	-10.6538	-27.2356
Q76C_A	769	0.441558441558	-12.3156	-9.80503	-27.6085
A152R_A	775	0.428571428571	-12.3817	-10.4372	-24.4575
D1061G_C	783	0.369863013699	-12.2984	-9.49428	-8.87063
T3A_A	791	0.422077922078	-12.1899	-9.49667	-26.0103
M75I_A	798	0.415584415584	-12.1687	-11.039	-23.3792
S149Y_A	808	0.409090909091	-11.6741	-9.83258	-25.3708
M143K_A	818	0.402597402597	-11.1008	-10.197	-24.3853
G39R_A	827	0.402597402597	-11.1012	-10.197	-25.2471
I1072V_C	835	0.356164383562	-11.759	-7.34867	-6.52583
P88R_A	844	0.38961038961	-11.6962	-8.81015	-24.7034
M107N_A	851	0.38961038961	-11.6054	-9.8662	-23.7535
L58M_A	858	0.38961038961	-11.6176	-9.3538	-23.4776
D126Y_A	868	0.383116883117	-11.6162	-9.43417	-24.3291
S67Q_A	882	0.383116883117	-11.6388	-9.07979	-25.5357
T127D_A	888	0.383116883117	-11.6325	-9.41431	-25.3731
D146V_A	898	0.38961038961	-11.5817	-9.33589	-26.0782
G7Q_A	906	0.38961038961	-11.6205	-9.42445	-26.6058
F14L_A	924	0.38961038961	-11.7867	-9.4185	-24.655
W1065Y_C	937	0.356164383562	-11.8024	-7.34506	-7.34288
K94F_A	944	0.376623376623	-11.8249	-9.56856	-27.5694
H1077N_C	958	0.369863013699	-11.8421	-7.28751	-6.78171
Q114T_A	967	0.357142857143	-11.8865	-9.90056	-23.6823
I74K_A	974	0.363636363636	-11.8892	-9.64311	-24.5063
A33G_A	997	0.363636363636	-11.8584	-9.53741	-25.7053
