name	count	identity	evolved_interaction	ancestral_interaction	stability
L120T_A	1	0.993506493506	-10.4859	-10.4878	-24.3831
H1023Y_C	15	0.958904109589	-10.4596	-10.3153	-8.57219
E11K_A	26	0.954545454545	-10.4119	-10.5955	-27.11
K1027V_C	36	0.917808219178	-10.6529	-10.5724	-7.81071
P105I_A	47	0.915584415584	-10.6704	-10.6885	-24.7456
N124D_A	56	0.88961038961	-10.7412	-10.6874	-24.2104
K108T_A	64	0.88961038961	-10.8657	-10.4501	-25.7292
N1027T_C	72	0.849315068493	-10.9702	-10.9973	-6.60941
K71V_A	88	0.850649350649	-10.982	-10.5699	-24.082
H1059N_C	99	0.849315068493	-10.6302	-10.9967	-6.75025
K135R_A	111	0.831168831169	-10.9792	-10.3337	-24.5635
Q7A_A	128	0.798701298701	-11.0053	-10.2846	-24.6714
Y115A_A	143	0.779220779221	-11.0017	-10.2907	-24.0991
A130F_A	157	0.779220779221	-10.9939	-10.237	-27.0441
E1094V_C	168	0.767123287671	-11.2417	-11.4146	-7.00671
K147E_A	175	0.746753246753	-11.1185	-10.0937	-24.0571
A1029G_C	190	0.739726027397	-10.7684	-10.9649	-7.97193
K48Q_A	199	0.720779220779	-10.8488	-10.1066	-24.6514
R1071Y_C	206	0.698630136986	-10.8489	-10.9463	-6.53615
E143A_A	216	0.681818181818	-10.9109	-10.1834	-24.9275
N1086M_C	227	0.684931506849	-10.9813	-10.8077	-7.15775
K1054V_C	242	0.643835616438	-10.953	-10.6655	-6.45496
M1094R_C	250	0.630136986301	-11.2287	-11.3166	-6.72351
T1042K_C	261	0.602739726027	-10.9562	-11.267	-10.128
I1072F_C	269	0.58904109589	-10.5449	-11.1713	-9.2222
Y1023L_C	282	0.561643835616	-10.9088	-11.3793	-12.1424
H37I_A	289	0.649350649351	-10.9727	-10.6121	-24.8983
W106K_A	300	0.649350649351	-10.814	-9.72779	-26.225
C1040S_C	305	0.506849315068	-10.5261	-11.0612	-7.80663
S138K_A	312	0.636363636364	-10.6169	-8.80035	-26.5468
W126F_A	317	0.62987012987	-10.6224	-8.80488	-24.3942
N39I_A	325	0.636363636364	-10.7044	-8.80669	-23.7052
M55H_A	331	0.636363636364	-10.9061	-10.4669	-23.0137
V86I_A	343	0.623376623377	-10.8654	-10.4495	-22.6986
I104S_A	358	0.61038961039	-10.9402	-9.09447	-24.2845
M46P_A	366	0.590909090909	-10.8885	-9.21294	-24.4445
F1072K_C	374	0.493150684932	-10.8286	-11.1225	-6.14249
E1034W_C	388	0.465753424658	-10.9827	-11.3073	-7.25926
N98A_A	398	0.551948051948	-10.8798	-8.86099	-22.2502
V62T_A	418	0.545454545455	-10.9131	-8.87995	-22.4404
D1061W_C	434	0.452054794521	-10.8917	-11.5041	-10.3806
F1065L_C	441	0.41095890411	-10.8958	-10.5214	-6.97048
R1042V_C	453	0.424657534247	-11.07	-11.0084	-8.37497
Y68H_A	462	0.506493506494	-11.073	-9.12001	-21.9968
F1081T_C	481	0.424657534247	-10.6756	-10.1749	-6.27451
K100Q_A	500	0.5	-10.6684	-9.16934	-22.7135
I107W_A	507	0.487012987013	-10.5227	-8.9887	-24.3339
T1095V_C	517	0.424657534247	-10.6751	-10.2441	-6.02942
A1047W_C	531	0.41095890411	-10.6707	-10.2177	-7.10072
M1083I_C	543	0.397260273973	-10.6253	-10.266	-6.28344
Y75M_A	553	0.461038961039	-11.1967	-10.4233	-28.7916
S156H_A	559	0.448051948052	-10.9637	-9.85701	-25.1615
F52V_A	570	0.435064935065	-10.9429	-9.80816	-24.1388
Y155F_A	586	0.422077922078	-10.8355	-9.72786	-24.7288
W87G_A	592	0.422077922078	-10.8347	-9.73305	-24.3243
A142L_A	598	0.415584415584	-10.7558	-9.31654	-23.9714
L142A_A	606	0.415584415584	-11.3487	-9.76346	-24.8617
K1081Q_C	636	0.383561643836	-10.736	-11.0281	-5.87885
W1061F_C	643	0.383561643836	-10.749	-11.0281	-5.99876
W149R_A	650	0.383116883117	-10.9896	-9.29099	-26.1072
F155Q_A	659	0.383116883117	-11.0517	-9.28655	-25.7651
A1024M_C	665	0.397260273973	-11.1219	-11.2537	-9.3225
F126L_A	672	0.376623376623	-11.1189	-9.2848	-25.2537
S104C_A	691	0.383116883117	-11.1674	-9.28335	-24.6332
Y58M_A	703	0.376623376623	-10.7395	-8.40179	-26.152
M4F_A	720	0.37012987013	-10.763	-8.38543	-24.1772
Y93K_A	730	0.363636363636	-10.7027	-8.73419	-23.8029
I66K_A	745	0.363636363636	-10.4963	-8.7179	-24.4904
D32G_A	758	0.363636363636	-11.4384	-8.72707	-24.6265
L63M_A	769	0.357142857143	-11.3787	-8.72862	-24.108
R99L_A	790	0.350649350649	-11.4085	-8.4049	-25.1378
Q57F_A	801	0.357142857143	-10.992	-8.79715	-24.5133
A31Q_A	810	0.357142857143	-10.8364	-8.79391	-24.2967
K66Q_A	842	0.357142857143	-10.8136	-8.30853	-24.7797
M70Q_A	862	0.357142857143	-10.4559	-8.21597	-25.9347
W6K_A	872	0.357142857143	-10.4611	-8.69721	-23.9634
Q71M_A	887	0.357142857143	-11.1437	-8.90094	-25.8273
T54S_A	898	0.350649350649	-11.1555	-8.90942	-26.8527
R51T_A	907	0.350649350649	-11.3462	-8.90723	-28.9946
G87H_A	915	0.350649350649	-10.9793	-9.192	-27.8145
C96G_A	925	0.350649350649	-11.2166	-9.59486	-24.979
F145H_A	932	0.350649350649	-11.1641	-9.24921	-24.076
L65P_A	940	0.357142857143	-10.7621	-9.02129	-27.7947
V59D_A	947	0.344155844156	-10.7929	-9.05339	-24.16
S1054K_C	953	0.356164383562	-11.0108	-10.7037	-7.03524
C1038K_C	965	0.369863013699	-11.0095	-10.7019	-7.53802
D141M_A	980	0.350649350649	-11.0486	-9.46062	-25.1698
M1051Q_C	990	0.369863013699	-11.0482	-10.7019	-7.54376
