name	count	identity	interface_identity	non_interface_identity	evolved_interaction	ancestral_interaction	stability
N126G_A	1	0.993506493506	1.0	0.992592592593	-10.4946	-10.5197	-25.2194
E42V_A	16	0.980519480519	1.0	0.977611940299	-11.5595	-10.6258	-27.0234
E1084P_C	23	0.931506849315	0.954545454545	0.921568627451	-10.4983	-10.4772	-6.66264
H1023G_C	34	0.917808219178	0.954545454545	0.901960784314	-10.5012	-10.474	-6.97064
P142D_A	43	0.915584415584	1.0	0.902985074627	-10.5148	-10.6107	-25.7527
Q39L_A	55	0.902597402597	1.0	0.888059701493	-10.4817	-10.5995	-25.7831
L1048P_C	63	0.876712328767	0.954545454545	0.843137254902	-10.4763	-10.4566	-7.38366
D118E_A	81	0.87012987013	1.0	0.850746268657	-10.4595	-10.6956	-25.9144
Y68L_A	97	0.857142857143	1.0	0.835820895522	-10.5171	-10.6698	-24.9652
G75V_A	108	0.857142857143	1.0	0.835820895522	-10.5169	-10.6699	-30.8377
I40C_A	114	0.837662337662	1.0	0.813432835821	-10.5182	-10.6716	-24.307
C40M_A	121	0.837662337662	1.0	0.814814814815	-11.0652	-10.677	-25.9177
K1040C_C	133	0.767123287671	0.857142857143	0.730769230769	-11.0176	-11.3916	-6.49291
K1054W_C	149	0.753424657534	0.857142857143	0.711538461538	-11.0178	-11.36	-6.95351
Y1095D_C	157	0.753424657534	0.857142857143	0.711538461538	-10.5997	-10.9066	-6.16708
L4Y_A	181	0.798701298701	0.9375	0.782608695652	-10.6446	-10.7028	-23.9848
E1079M_C	194	0.698630136986	0.809523809524	0.653846153846	-10.7936	-11.0227	-7.45863
N124M_A	206	0.766233766234	0.9375	0.746376811594	-10.7071	-10.792	-25.0782
L9I_A	215	0.74025974026	0.875	0.724637681159	-10.7094	-10.7754	-24.4453
H89C_A	229	0.727272727273	0.875	0.710144927536	-10.801	-10.8568	-24.6533
C150F_A	236	0.720779220779	0.875	0.702898550725	-10.7391	-10.8558	-25.7219
L65W_A	246	0.720779220779	0.875	0.702898550725	-11.1311	-10.8279	-24.2112
C89K_A	258	0.714285714286	0.875	0.695652173913	-11.2357	-10.8279	-25.1126
Y114A_A	264	0.714285714286	0.875	0.695652173913	-11.0945	-10.609	-25.2062
D1036C_C	278	0.575342465753	0.809523809524	0.480769230769	-11.149	-11.2489	-8.10128
P85M_A	286	0.707792207792	0.875	0.688405797101	-11.2113	-10.64	-24.9636
V62I_A	294	0.688311688312	0.875	0.666666666667	-11.2409	-10.6474	-25.8295
E67M_A	301	0.668831168831	0.875	0.644927536232	-11.2417	-10.648	-24.261
R105A_A	311	0.655844155844	0.8125	0.63768115942	-11.5011	-10.3314	-24.8338
C126Y_A	320	0.649350649351	0.8125	0.630434782609	-11.3615	-10.3872	-25.7573
L120M_A	333	0.623376623377	0.8125	0.601449275362	-11.4306	-10.3828	-26.6439
V43L_A	338	0.61038961039	0.8125	0.586956521739	-11.4303	-10.392	-25.1059
W65D_A	353	0.61038961039	0.8125	0.586956521739	-11.419	-10.3687	-25.4892
L70E_A	365	0.597402597403	0.75	0.579710144928	-12.1612	-10.2836	-24.226
W153C_A	374	0.590909090909	0.75	0.572463768116	-12.164	-10.1253	-24.2678
Q1073V_C	383	0.493150684932	0.714285714286	0.403846153846	-12.1642	-10.8308	-6.84236
I107L_A	400	0.584415584416	0.75	0.565217391304	-12.1622	-10.1364	-24.1929
E11T_A	413	0.577922077922	0.75	0.557971014493	-12.227	-10.2108	-24.3845
C1036F_C	433	0.506849315068	0.714285714286	0.423076923077	-10.4856	-10.827	-6.32212
Q154Y_A	444	0.558441558442	0.6875	0.54347826087	-10.6465	-8.18922	-25.4817
Q10Y_A	452	0.532467532468	0.6875	0.514492753623	-10.6445	-8.2734	-25.8129
Y1076E_C	467	0.493150684932	0.714285714286	0.403846153846	-10.7707	-10.9797	-6.74374
V139M_A	486	0.506493506494	0.6875	0.485507246377	-11.0139	-8.52756	-25.7683
H1062Y_C	495	0.479452054795	0.714285714286	0.384615384615	-10.9537	-10.8256	-7.92642
M100Q_A	505	0.493506493506	0.6875	0.471014492754	-10.9553	-8.43063	-24.9835
Y1062Q_C	513	0.465753424658	0.714285714286	0.365384615385	-10.9529	-10.8592	-8.67359
F1042Q_C	525	0.452054794521	0.666666666667	0.365384615385	-11.1943	-10.7957	-10.3924
P1044E_C	542	0.424657534247	0.619047619048	0.346153846154	-10.5438	-10.3662	-7.75458
R71L_A	557	0.474025974026	0.6875	0.449275362319	-10.572	-8.43437	-24.4572
M146Q_A	572	0.467532467532	0.6875	0.442028985507	-10.5833	-8.36721	-24.8137
Y10G_A	587	0.467532467532	0.6875	0.442028985507	-10.674	-8.58281	-25.563
C1025F_C	598	0.383561643836	0.619047619048	0.288461538462	-10.6521	-10.288	-8.8747
D4L_A	609	0.454545454545	0.625	0.434782608696	-10.7245	-8.75419	-25.8099
E79W_A	632	0.454545454545	0.625	0.434782608696	-10.8563	-8.79643	-24.3327
C1095K_C	645	0.383561643836	0.619047619048	0.288461538462	-10.9874	-10.5746	-9.21929
Q151R_A	650	0.435064935065	0.55	0.417910447761	-10.9602	-8.78998	-27.3572
G44A_A	661	0.428571428571	0.5	0.417910447761	-12.2716	-10.1933	-24.8513
N99E_A	668	0.435064935065	0.5	0.425373134328	-12.3285	-10.2531	-24.7882
C153L_A	680	0.435064935065	0.5	0.425373134328	-12.2935	-10.2387	-25.5713
A33C_A	690	0.428571428571	0.5	0.417910447761	-12.3315	-10.4769	-24.4634
A106Y_A	706	0.422077922078	0.5	0.410447761194	-12.3381	-10.4875	-24.7504
S117E_A	720	0.422077922078	0.5	0.410447761194	-11.3407	-10.0053	-24.2461
Y154M_A	738	0.422077922078	0.5	0.410447761194	-11.3332	-10.0057	-24.6026
V66S_A	746	0.415584415584	0.5	0.402985074627	-11.333	-10.0098	-26.1569
Q146K_A	755	0.422077922078	0.5	0.410447761194	-11.151	-9.98523	-24.3906
H83L_A	763	0.409090909091	0.5	0.39552238806	-11.774	-10.0156	-25.6248
R110P_A	773	0.409090909091	0.5	0.39552238806	-11.3488	-9.69035	-25.513
P128L_A	785	0.38961038961	0.5	0.373134328358	-11.2018	-9.71267	-24.4111
D1040E_C	802	0.328767123288	0.5	0.254901960784	-11.2045	-9.89132	-6.64173
D35Y_A	812	0.383116883117	0.5	0.365671641791	-11.6464	-10.1611	-25.1109
A44L_A	821	0.376623376623	0.5	0.358208955224	-11.8538	-10.3452	-27.9443
R1086Y_C	828	0.328767123288	0.5	0.254901960784	-11.8976	-10.0349	-8.31616
W1080D_C	840	0.342465753425	0.5	0.274509803922	-11.8942	-10.0409	-7.95786
Q100R_A	850	0.37012987013	0.555555555556	0.345588235294	-11.5927	-10.5233	-24.4156
C140L_A	865	0.37012987013	0.555555555556	0.345588235294	-11.3343	-10.5233	-24.2878
C74L_A	879	0.37012987013	0.555555555556	0.345588235294	-11.3342	-10.5233	-27.1891
K48N_A	885	0.357142857143	0.555555555556	0.330882352941	-11.3307	-10.5165	-24.8633
R33P_A	893	0.357142857143	0.555555555556	0.330882352941	-11.3681	-10.3729	-24.3471
D65Y_A	903	0.357142857143	0.555555555556	0.330882352941	-11.2646	-10.3729	-24.3234
S1053G_C	909	0.315068493151	0.5	0.235294117647	-11.3089	-9.05114	-7.40116
E136T_A	922	0.350649350649	0.555555555556	0.323529411765	-11.2488	-10.1327	-25.0766
Q138R_A	932	0.350649350649	0.555555555556	0.323529411765	-10.6355	-10.1327	-24.2967
D31W_A	943	0.350649350649	0.555555555556	0.323529411765	-10.6406	-10.1454	-25.7341
V1041F_C	961	0.315068493151	0.5	0.235294117647	-10.8525	-8.96536	-9.70356
T136F_A	978	0.350649350649	0.555555555556	0.323529411765	-11.32	-10.0471	-26.564
E130L_A	986	0.344155844156	0.5	0.323529411765	-12.1304	-10.2779	-25.3405
Y35R_A	992	0.344155844156	0.470588235294	0.328467153285	-12.8264	-10.4871	-25.5536
K1062A_C	997	0.301369863014	0.454545454545	0.235294117647	-12.7297	-8.74477	-8.09012
