name	count	identity	evolved_interaction	ancestral_interaction	stability
D1087V_C	1	0.986301369863	-9.21256	-9.60065	-10.4284
F77Y_A	10	0.987012987013	-9.89798	-10.1381	-26.331
K1038M_C	19	0.931506849315	-10.0308	-9.91455	-10.1699
S37W_A	44	0.954545454545	-10.6061	-10.2556	-26.4471
T1077S_C	50	0.876712328767	-10.6032	-10.5561	-12.1338
Y1067A_C	64	0.821917808219	-10.5754	-9.9101	-9.47339
G44Y_A	80	0.915584415584	-11.2669	-11.6777	-26.879
Q1073A_C	86	0.780821917808	-12.3191	-10.1037	-7.33445
R1029V_C	94	0.753424657534	-12.0986	-10.2977	-6.0283
P118S_A	100	0.863636363636	-11.8234	-11.6252	-29.2157
E42K_A	106	0.844155844156	-11.9415	-11.8011	-29.441
M1087Y_C	114	0.739726027397	-11.4514	-10.3572	-8.30314
D100A_A	121	0.798701298701	-11.4903	-11.3695	-24.4868
L6T_A	133	0.779220779221	-11.0578	-10.7549	-24.8243
N1025T_C	145	0.712328767123	-11.044	-9.84085	-6.92918
Q1031I_C	154	0.698630136986	-10.8249	-8.73133	-8.28129
V91H_A	169	0.746753246753	-10.9981	-9.82351	-24.7112
Q1042E_C	177	0.671232876712	-11.0763	-8.78332	-7.26031
H95C_A	190	0.733766233766	-10.8445	-9.38227	-24.2628
I1031F_C	200	0.671232876712	-11.4055	-9.25077	-8.28181
A1067Q_C	218	0.657534246575	-11.4217	-8.57392	-6.28604
S29C_A	244	0.707792207792	-11.413	-9.42798	-24.1831
E49V_A	257	0.701298701299	-11.5005	-9.84817	-23.6205
H1023G_C	272	0.602739726027	-10.9345	-7.16768	-10.5671
M36K_A	283	0.668831168831	-10.8139	-10.0557	-23.8991
T61N_A	294	0.655844155844	-10.737	-10.1957	-24.852
K6N_A	307	0.649350649351	-10.7302	-9.77906	-24.1027
W31R_A	315	0.636363636364	-10.7449	-9.96355	-25.7968
L102N_A	324	0.636363636364	-11.4585	-9.91986	-24.1418
K1079M_C	351	0.547945205479	-11.4433	-8.23246	-8.12278
K1070Q_C	359	0.547945205479	-11.5261	-8.30944	-8.49572
G136V_A	367	0.623376623377	-11.5268	-9.90421	-24.9477
K36I_A	375	0.623376623377	-11.401	-9.18315	-24.799
P1044V_C	382	0.506849315068	-11.4007	-9.50626	-7.22967
H1054Q_C	390	0.506849315068	-11.3878	-9.48698	-8.65821
R104Q_A	403	0.584415584416	-11.3067	-9.08065	-22.9153
T1025R_C	412	0.493150684932	-10.9997	-9.25553	-6.18071
A1039R_C	445	0.479452054795	-10.8987	-9.42352	-7.25172
D145H_A	457	0.551948051948	-10.9326	-9.20512	-24.3167
I79C_A	467	0.545454545455	-10.9318	-9.20512	-25.5784
G146M_A	475	0.532467532468	-10.9196	-9.2467	-26.0601
A129C_A	488	0.512987012987	-10.8006	-9.19338	-26.3632
M52I_A	494	0.512987012987	-10.8008	-9.06408	-25.3093
W18I_A	501	0.512987012987	-11.0689	-9.88821	-25.3804
K37F_A	515	0.512987012987	-11.1096	-9.81028	-24.0887
I18T_A	527	0.5	-11.1258	-9.79987	-25.1624
R51I_A	535	0.493506493506	-10.9579	-9.79626	-25.6039
G108H_A	547	0.487012987013	-11.1263	-9.80208	-25.9356
L142Q_A	562	0.480519480519	-11.1221	-9.80025	-24.2175
E1034H_C	574	0.41095890411	-11.0618	-8.38649	-6.56217
H1034L_C	590	0.41095890411	-11.2104	-8.33318	-7.47809
Y1041A_C	597	0.41095890411	-11.2034	-8.31607	-6.26049
Q118F_A	608	0.474025974026	-11.1879	-10.1208	-26.427
G39K_A	615	0.474025974026	-11.1794	-9.9576	-27.6745
M1047W_C	622	0.383561643836	-11.1544	-8.794	-8.55821
Q57H_A	629	0.454545454545	-11.2393	-10.5873	-29.371
Q1027L_C	637	0.383561643836	-11.2616	-8.95934	-11.0024
F78S_A	643	0.441558441558	-11.3585	-9.33665	-24.9237
C1073P_C	651	0.383561643836	-11.2673	-8.25527	-11.2865
K39G_A	661	0.435064935065	-10.9747	-9.36944	-24.6461
F32V_A	676	0.428571428571	-12.5918	-9.86696	-23.9399
L1063R_C	682	0.342465753425	-12.7592	-8.72283	-7.79803
I1088Q_C	690	0.328767123288	-10.7669	-6.0258	-7.73309
C79N_A	695	0.415584415584	-10.6981	-9.88976	-24.8254
F23K_A	703	0.409090909091	-10.9182	-11.8795	-24.3927
T61G_A	711	0.409090909091	-11.104	-11.8986	-24.9782
N6K_A	723	0.409090909091	-11.0833	-11.8383	-25.5016
M146A_A	736	0.409090909091	-10.5886	-12.1989	-24.6259
F37N_A	745	0.409090909091	-10.6741	-12.1609	-25.3361
Y131S_A	753	0.409090909091	-10.6705	-11.8175	-26.2095
G1023E_C	762	0.301369863014	-10.9646	-6.45796	-7.47827
I1042L_C	767	0.301369863014	-10.9646	-6.45796	-7.98205
Q1088L_C	775	0.301369863014	-11.3719	-7.18818	-8.48705
F143A_A	784	0.396103896104	-11.3829	-12.4168	-25.2956
I148L_A	807	0.396103896104	-11.3528	-12.398	-24.9759
I33N_A	816	0.396103896104	-11.3296	-12.4146	-28.0458
A1079C_C	824	0.287671232877	-11.641	-7.23644	-6.51165
L1042Y_C	846	0.287671232877	-11.732	-7.23644	-6.46222
K6P_A	858	0.383116883117	-11.5845	-12.2185	-25.5121
Q117N_A	868	0.37012987013	-11.7552	-12.3562	-24.0889
I10D_A	875	0.37012987013	-11.6941	-12.1837	-24.5181
C1053K_C	892	0.287671232877	-11.6978	-7.27475	-6.10648
A95Y_A	906	0.363636363636	-11.646	-12.6215	-25.514
N122K_A	920	0.363636363636	-11.6421	-12.6218	-24.9042
F104S_A	926	0.363636363636	-11.6017	-12.5243	-24.5925
E39Q_A	937	0.37012987013	-11.6744	-12.6246	-25.1086
H153W_A	947	0.363636363636	-11.8317	-12.5915	-24.262
Y1071V_C	953	0.287671232877	-11.2401	-6.24951	-7.62056
N1072S_C	958	0.287671232877	-11.1591	-6.21675	-6.08554
L102K_A	965	0.357142857143	-11.2397	-12.1089	-25.826
M126G_A	976	0.357142857143	-10.6113	-12.2535	-25.8036
A146V_A	986	0.350649350649	-10.6118	-12.2013	-25.9023
