name	count	identity	interface_identity	non_interface_identity	evolved_interaction	ancestral_interaction	stability
E42C_A	1	0.993506493506	1.0	0.992592592593	-10.5268	-10.5525	-24.9288
L1026F_C	10	0.972602739726	1.0	0.960784313725	-10.6778	-10.6544	-7.1462
S70F_A	18	0.967532467532	0.941176470588	0.970802919708	-10.4675	-10.4049	-24.9733
Q39R_A	26	0.941558441558	0.941176470588	0.941605839416	-10.4818	-10.4284	-27.0349
E143W_A	31	0.922077922078	0.882352941176	0.92700729927	-12.2106	-12.3374	-25.5321
A44M_A	42	0.909090909091	0.823529411765	0.919708029197	-11.7522	-11.5526	-25.9462
N85A_A	52	0.88961038961	0.764705882353	0.905109489051	-10.651	-10.4738	-24.0324
G1094M_C	63	0.86301369863	0.954545454545	0.823529411765	-10.6105	-10.6486	-7.59885
F137N_A	69	0.844155844156	0.736842105263	0.859259259259	-10.7448	-10.5242	-24.4776
A85D_A	75	0.837662337662	0.736842105263	0.851851851852	-11.8066	-10.3259	-24.0805
D100C_A	85	0.818181818182	0.736842105263	0.82962962963	-11.9262	-10.3403	-24.3572
S1076D_C	92	0.780821917808	0.909090909091	0.725490196078	-11.9467	-12.2721	-6.80836
D145K_A	100	0.779220779221	0.684210526316	0.792592592593	-10.933	-9.22693	-27.1247
S35Q_A	112	0.766233766234	0.684210526316	0.777777777778	-10.9261	-9.39484	-24.3674
N126S_A	125	0.753246753247	0.684210526316	0.762962962963	-10.8315	-9.30161	-24.6776
L109M_A	136	0.746753246753	0.684210526316	0.755555555556	-10.9254	-9.40873	-26.822
L1055H_C	146	0.712328767123	0.909090909091	0.627450980392	-10.9945	-12.1844	-8.13862
C1059W_C	152	0.684931506849	0.818181818182	0.627450980392	-10.7415	-12.3659	-8.0109
I1061N_C	161	0.684931506849	0.818181818182	0.627450980392	-11.1089	-12.4501	-7.8417
E11N_A	175	0.707792207792	0.619047619048	0.721804511278	-11.8086	-10.5593	-26.8734
T105I_A	183	0.714285714286	0.619047619048	0.729323308271	-11.514	-10.5862	-26.2818
K1058H_C	191	0.616438356164	0.727272727273	0.56862745098	-12.4922	-10.3926	-9.27619
F1065M_C	198	0.602739726027	0.727272727273	0.549019607843	-11.6736	-9.52513	-8.82216
P65F_A	205	0.675324675325	0.545454545455	0.69696969697	-11.1903	-11.4703	-24.6073
N1082C_C	216	0.58904109589	0.652173913043	0.56	-12.2378	-8.10008	-7.5557
N11I_A	222	0.662337662338	0.5	0.689393939394	-12.0291	-10.5599	-25.7011
W1059R_C	229	0.575342465753	0.652173913043	0.54	-11.9739	-8.01112	-6.77596
Q111Y_A	238	0.649350649351	0.5	0.674242424242	-11.6019	-10.4634	-25.3767
T1042A_C	248	0.520547945205	0.636363636364	0.470588235294	-10.853	-6.73603	-9.24743
Y127L_A	259	0.642857142857	0.409090909091	0.681818181818	-11.257	-10.9775	-25.3222
E1090M_C	269	0.493150684932	0.545454545455	0.470588235294	-11.5359	-5.93166	-9.11757
V1049Q_C	276	0.493150684932	0.545454545455	0.470588235294	-11.3039	-5.83807	-8.79749
S1033H_C	283	0.479452054795	0.545454545455	0.450980392157	-11.126	-5.56845	-6.89757
A120I_A	291	0.603896103896	0.409090909091	0.636363636364	-11.1489	-11.1614	-24.6438
D10T_A	302	0.603896103896	0.409090909091	0.636363636364	-11.1317	-11.9446	-23.8961
H1033L_C	322	0.479452054795	0.545454545455	0.450980392157	-11.6216	-6.33497	-8.14823
R1059D_C	330	0.479452054795	0.565217391304	0.44	-11.2427	-5.61751	-6.49025
Y1067N_C	340	0.452054794521	0.521739130435	0.42	-10.9394	-6.45434	-5.55078
R39E_A	356	0.571428571429	0.380952380952	0.601503759398	-11.3755	-11.6931	-23.8473
I1024Y_C	389	0.438356164384	0.521739130435	0.4	-11.4096	-6.35042	-6.19273
P52E_A	395	0.558441558442	0.368421052632	0.585185185185	-10.9172	-11.4215	-24.3218
A1074C_C	406	0.41095890411	0.521739130435	0.36	-11.0238	-6.70096	-6.47419
A1082N_C	415	0.424657534247	0.521739130435	0.38	-11.0684	-7.16466	-6.4047
V1028F_C	429	0.41095890411	0.521739130435	0.36	-10.9875	-6.70098	-7.28978
D1087N_C	436	0.397260273973	0.478260869565	0.36	-10.573	-3.64984	-10.4089
H108D_A	455	0.551948051948	0.368421052632	0.577777777778	-10.9975	-11.2728	-26.9413
E1086G_C	460	0.369863013699	0.478260869565	0.32	-10.6566	-3.15623	-8.55863
Q35W_A	467	0.545454545455	0.368421052632	0.57037037037	-10.5553	-11.5155	-30.314
C4E_A	474	0.532467532468	0.333333333333	0.563909774436	-10.9946	-11.3966	-24.7913
Y64M_A	491	0.532467532468	0.333333333333	0.563909774436	-11.0637	-11.4371	-25.6811
V113M_A	506	0.519480519481	0.333333333333	0.548872180451	-10.8315	-11.767	-25.3303
E52S_A	513	0.506493506494	0.333333333333	0.533834586466	-10.4798	-12.0445	-24.7446
K38W_A	521	0.5	0.333333333333	0.526315789474	-10.7796	-12.0856	-28.7154
Q10S_A	530	0.480519480519	0.333333333333	0.503759398496	-10.7461	-12.4478	-27.3337
F71M_A	541	0.474025974026	0.333333333333	0.496240601504	-10.5691	-12.3467	-24.0624
G106Y_A	554	0.467532467532	0.333333333333	0.488721804511	-10.5621	-12.3368	-24.6923
V145Q_A	566	0.454545454545	0.333333333333	0.473684210526	-10.4141	-12.3381	-24.5265
H63E_A	578	0.461038961039	0.333333333333	0.481203007519	-10.4959	-12.0782	-24.6489
Q1071K_C	588	0.315068493151	0.454545454545	0.254901960784	-11.0444	-2.07017	-7.13365
D127T_A	602	0.448051948052	0.3	0.470149253731	-11.0345	-11.7507	-25.3042
V1073N_C	608	0.315068493151	0.454545454545	0.254901960784	-10.8603	-2.00571	-7.89204
T127F_A	622	0.422077922078	0.3	0.440298507463	-10.8201	-11.5069	-26.076
H44L_A	633	0.422077922078	0.3	0.440298507463	-10.9735	-11.6656	-26.4371
S1032H_C	642	0.287671232877	0.409090909091	0.235294117647	-11.0403	-1.75426	-7.69415
T1051V_C	649	0.287671232877	0.409090909091	0.235294117647	-11.6809	-1.94443	-9.216
I38Y_A	666	0.409090909091	0.3	0.425373134328	-11.7664	-11.7077	-26.0913
D108P_A	677	0.396103896104	0.3	0.410447761194	-11.6748	-11.6772	-23.8869
F1092I_C	685	0.232876712329	0.409090909091	0.156862745098	-10.4621	-1.60912	-9.04815
K138F_A	695	0.396103896104	0.315789473684	0.407407407407	-10.4755	-11.2384	-24.2622
T32K_A	705	0.383116883117	0.315789473684	0.392592592593	-10.5562	-11.126	-25.7552
H1032Y_C	717	0.219178082192	0.409090909091	0.137254901961	-10.6831	-1.87347	-8.29528
T136E_A	733	0.376623376623	0.315789473684	0.385185185185	-10.6776	-11.8426	-23.4386
F1028I_C	740	0.232876712329	0.409090909091	0.156862745098	-10.6473	-1.90447	-8.79431
C155G_A	755	0.37012987013	0.315789473684	0.377777777778	-10.4983	-11.7984	-25.0582
I1037M_C	767	0.246575342466	0.409090909091	0.176470588235	-10.4748	-1.66797	-8.71135
Y58M_A	780	0.350649350649	0.380952380952	0.345864661654	-11.0594	-11.7927	-24.1824
G133R_A	791	0.344155844156	0.333333333333	0.345864661654	-10.8077	-11.5221	-24.5748
A1075N_C	802	0.232876712329	0.409090909091	0.156862745098	-10.8077	-2.11098	-6.39439
H1055L_C	812	0.205479452055	0.363636363636	0.137254901961	-10.8223	-2.31353	-6.87422
L1055V_C	821	0.191780821918	0.363636363636	0.117647058824	-10.7332	-2.32511	-6.41791
I107L_A	835	0.337662337662	0.333333333333	0.338345864662	-10.7249	-11.4449	-24.392
Y106M_A	843	0.337662337662	0.333333333333	0.338345864662	-10.7923	-11.4706	-26.8857
P1061V_C	850	0.191780821918	0.380952380952	0.115384615385	-10.6625	-2.3833	-6.04919
W134Q_A	858	0.324675324675	0.333333333333	0.323308270677	-10.6636	-11.6208	-23.4535
Q134W_A	877	0.324675324675	0.333333333333	0.323308270677	-10.6636	-11.5583	-25.7817
A78M_A	887	0.324675324675	0.333333333333	0.323308270677	-10.6636	-11.5461	-24.92
M1079Y_C	895	0.178082191781	0.380952380952	0.0961538461538	-10.6637	-2.29437	-5.91603
K132H_A	912	0.318181818182	0.333333333333	0.315789473684	-10.5765	-11.9223	-23.9355
F76L_A	933	0.318181818182	0.333333333333	0.315789473684	-10.5924	-11.9281	-23.5104
M71K_A	943	0.324675324675	0.333333333333	0.323308270677	-10.6003	-11.5304	-24.4535
H30Q_A	950	0.324675324675	0.333333333333	0.323308270677	-11.0233	-11.0645	-24.7667
I57N_A	957	0.331168831169	0.333333333333	0.330827067669	-11.1175	-11.4975	-24.2574
E7N_A	973	0.331168831169	0.333333333333	0.330827067669	-11.1567	-11.9442	-23.9564
L63Y_A	994	0.344155844156	0.380952380952	0.338345864662	-10.6933	-11.5293	-24.1874
