mutant	binding	stability1	stability2	probability
I1039M.pdb	-4.30678	37.3338	21.3467	1.0
K27R.pdb	-5.67339	34.9316	21.3467	1.0
R27W.pdb	-6.59012	35.1617	21.2993	0.135173944045
L4W.pdb	-6.57232	33.1939	21.2993	1.0
V75I.pdb	-6.57232	32.9002	21.2993	0.070951537726
S3F.pdb	-6.57232	33.0735	21.2993	0.365290561292
D1075W.pdb	-6.57413	33.0735	19.6812	1.0
K74S.pdb	-6.57413	32.9454	19.6812	0.36744368591
S127Q.pdb	-6.57413	31.3894	19.6812	1.0
I1070M.pdb	-6.30301	31.3891	18.735	0.216443224429
L1063M.pdb	-6.17849	31.3891	12.6028	1.0
H1023P.pdb	-6.18551	31.3891	11.8279	0.200530463418
N126G.pdb	-6.18551	31.8416	11.8279	0.329022998489
R1046I.pdb	-6.18551	31.8416	10.6589	1.0
Y155A.pdb	-6.20482	32.6654	10.6589	0.146465052236
E42V.pdb	-6.31636	31.6788	10.6589	1.0
D1082Q.pdb	-5.83638	31.6788	9.10799	0.346160494736
I112T.pdb	-5.83638	33.722	9.10799	0.264825861953
A106R.pdb	-5.83197	32.6944	9.10799	1.0
Q1076Y.pdb	-5.83331	32.6944	8.10072	0.188898274921
N66W.pdb	-5.83331	31.84	8.10072	1.0
Q111T.pdb	-5.84402	30.2611	8.10072	0.356241252827
E99D.pdb	-5.84402	26.0314	8.10072	0.240729222099
E143A.pdb	-5.84402	22.1099	8.10072	1.0
W134L.pdb	-5.84402	21.3676	8.10072	0.367061815291
Q154A.pdb	-5.8417	20.3622	8.10072	0.261806016149
T91E.pdb	-5.8417	19.2845	8.10072	1.0
T108R.pdb	-5.89893	20.5358	8.10072	0.264176908363
R135L.pdb	-5.89893	18.1498	8.10072	1.0
D100R.pdb	-5.89893	17.7524	8.10072	1.0
G115M.pdb	-5.89895	14.3293	8.10072	1.0
N52D.pdb	-5.9068	14.9879	8.10072	0.36737136613
R1047T.pdb	-5.9068	14.9879	7.97467	1.0
G34Y.pdb	-5.92182	18.6382	7.97467	0.0948469590248
P1023V.pdb	-5.92193	18.6382	7.58954	1.0
D99K.pdb	-5.92193	17.3906	7.58954	1.0
Y64F.pdb	-5.88796	14.5798	7.58954	1.0
E131G.pdb	-5.88796	15.5101	7.58954	0.367856130098
E1094C.pdb	-6.01767	15.5101	4.74947	1.0
S138D.pdb	-6.01767	15.5089	4.74947	1.0
M1039K.pdb	-6.01769	15.5089	7.1284	0.220407054778
A1051F.pdb	-6.01769	15.5089	6.6593	1.0
L114M.pdb	-6.24416	15.4409	6.6593	1.0
Q1095K.pdb	-6.5643	15.4409	5.761	1.0
F1037I.pdb	-6.56432	15.4409	6.95266	0.327773432895
I1024T.pdb	-6.54108	15.4409	5.79513	0.175065412115
R1071G.pdb	-6.53667	15.4409	5.92407	0.0633915606498
K1058R.pdb	-6.58576	15.4409	3.32845	0.0295743893161
Q39R.pdb	-6.58466	13.3305	3.32845	1.0
N140C.pdb	-6.58466	14.1911	3.32845	0.364065992363
A152G.pdb	-6.588	15.5826	3.32845	0.343020403692
C140R.pdb	-6.588	15.4884	3.32845	1.0
D145M.pdb	-6.588	12.861	3.32845	1.0
T111H.pdb	-6.37464	12.5359	3.32845	0.172321641984
L9S.pdb	-6.37458	16.2971	3.32845	0.0750397121251
S1029C.pdb	-7.2332	16.2771	2.17566	1.0
A79P.pdb	-7.2332	15.0583	2.17566	1.0
D52W.pdb	-7.2332	13.6597	2.17566	1.0
N124I.pdb	-7.2332	12.244	2.17566	1.0
S89A.pdb	-7.2332	13.0148	2.17566	0.35660507485
L134W.pdb	-7.2332	12.2608	2.17566	1.0
T1077N.pdb	-7.23602	12.2608	2.42559	0.195102900852
Q7F.pdb	-7.21754	12.203	2.42559	0.212867591286
A1074Q.pdb	-7.21754	12.203	2.39568	1.0
M1060Y.pdb	-7.21754	12.203	4.1175	0.307759043318
K141L.pdb	-7.21754	11.9404	4.1175	1.0
S95R.pdb	-7.21754	10.9168	4.1175	1.0
S74H.pdb	-7.21754	10.5765	4.1175	1.0
G1031M.pdb	-7.93748	10.7334	8.11136	0.00987105602898
K1027A.pdb	-7.45709	10.7189	9.16435	0.106876632726
E49Y.pdb	-7.70109	10.6121	9.16435	0.31619824491
T51M.pdb	-7.73399	10.8034	9.16435	0.367730902356
Q1074W.pdb	-7.73399	10.8034	9.01906	0.0629720747341
T112I.pdb	-7.73399	8.87879	9.01906	1.0
K71A.pdb	-7.73399	9.69722	9.01906	0.361028849574
A133L.pdb	-7.73399	9.22919	9.01906	0.358604639913
S1033H.pdb	-7.74232	9.22919	8.21076	0.256075733954
K153M.pdb	-7.75477	9.05332	8.21076	1.0
R95I.pdb	-7.75477	8.43874	8.21076	1.0
S136G.pdb	-7.75477	9.06813	8.21076	0.356289784655
F3M.pdb	-7.75477	8.46072	8.21076	1.0
K1040E.pdb	-7.75741	8.46072	7.78115	1.0
A129P.pdb	-7.75741	11.3821	7.78115	0.135513849758
E1059S.pdb	-7.75741	11.3821	6.99945	0.344162537244
Y87R.pdb	-7.75741	11.215	6.99945	1.0
A143D.pdb	-7.75741	11.1088	6.99945	1.0
R108M.pdb	-7.73379	8.33331	6.99945	0.169054828295
S35V.pdb	-7.73283	7.75755	6.99945	0.283490971954
Q127Y.pdb	-7.73283	5.7198	6.99945	1.0
P132C.pdb	-7.73283	7.81187	6.99945	0.25822706259
C1094G.pdb	-7.8333	7.81187	7.45685	0.289500864036
Y127W.pdb	-7.8333	8.7206	7.45685	0.366287246537
V1023I.pdb	-7.83356	8.7206	7.16241	1.0
K99R.pdb	-7.83356	8.60549	7.16241	1.0
P88R.pdb	-7.83356	10.0948	7.16241	0.258593748541
I1089V.pdb	-7.8582	10.0948	8.43144	0.341001693257
I92V.pdb	-7.8582	9.93068	8.43144	0.339119165135
N98G.pdb	-7.8582	11.7252	8.43144	0.296554563191
R139H.pdb	-7.8582	11.6736	8.43144	1.0
I112L.pdb	-7.8582	11.1769	8.43144	1.0
R140A.pdb	-7.8582	11.5859	8.43144	0.27170452102
I96M.pdb	-7.85846	10.9607	8.43144	1.0
D118L.pdb	-7.82555	8.95917	8.43144	1.0
D121Y.pdb	-7.85383	7.47227	8.43144	1.0
T1047L.pdb	-7.85383	7.47227	8.03967	1.0
M153G.pdb	-7.86759	8.59776	8.03967	0.358994208634
K147Q.pdb	-7.86759	8.21383	8.03967	1.0
L149M.pdb	-7.86759	8.03738	8.03967	1.0
C93R.pdb	-7.86759	7.21098	8.03967	1.0
P46I.pdb	-7.87992	8.72791	8.03967	0.32397562039
D33Y.pdb	-7.90289	9.21593	8.03967	0.301243890498
Q101S.pdb	-7.90289	8.99303	8.03967	1.0
S1062F.pdb	-7.9109	8.99303	7.86807	1.0
D138K.pdb	-7.9109	7.5025	7.86807	1.0
P59A.pdb	-7.90114	9.18824	7.86807	0.307295548253
A142L.pdb	-7.90114	9.18346	7.86807	1.0
R99H.pdb	-7.90114	10.1699	7.86807	0.367871922094
L142M.pdb	-7.90114	10.1151	7.86807	1.0
K15D.pdb	-7.10006	10.5901	7.86807	0.126949603912
F1051V.pdb	-7.10006	10.5901	9.00847	0.343786102488
H111V.pdb	-7.10006	10.5184	9.00847	1.0
I75C.pdb	-7.10006	13.6981	9.00847	0.132269582512
C132I.pdb	-7.10006	13.2199	9.00847	1.0
D19Y.pdb	-8.34245	12.0758	9.00847	0.346118572232
V42C.pdb	-8.36764	11.8836	9.00847	0.361245158781
V111R.pdb	-8.37613	11.9835	9.00847	0.0904022978396
H99A.pdb	-8.37613	11.7037	9.00847	1.0
R39Y.pdb	-8.3762	16.516	9.00847	0.0390641196967
K76S.pdb	-8.3762	16.3663	9.00847	0.246457519459
Y19K.pdb	-8.82583	16.1307	9.00839	1.0
V92G.pdb	-8.82583	20.6222	9.00839	0.0494873657601
Y34I.pdb	-8.87464	21.554	9.00839	0.367031648845
P79T.pdb	-8.87464	22.5495	9.00839	0.367875705199
L1047N.pdb	-8.87464	22.5495	9.91812	0.366296319239
L118A.pdb	-8.87753	22.7582	9.91812	0.267078688942
G98L.pdb	-8.87753	20.1736	9.91812	1.0
R1055V.pdb	-8.89477	20.1736	10.3905	0.367835883824
Y121P.pdb	-8.89482	19.8331	10.3905	0.119083462715
R100I.pdb	-8.89482	19.724	10.3905	1.0
Q10K.pdb	-9.43047	18.4523	10.3905	1.0
G136C.pdb	-9.43047	17.9471	10.3905	1.0
P105R.pdb	-9.43047	20.1837	10.3905	0.178828315841
G152H.pdb	-9.43445	22.9987	10.3905	0.139501225526
W66L.pdb	-9.43445	21.8043	10.3905	0.361466920038
P78Q.pdb	-9.43445	23.4806	10.3905	0.313576786356
Y1067F.pdb	-9.91092	23.4806	9.62682	1.0
L109P.pdb	-9.91179	24.5442	9.62682	0.343729660907
I124A.pdb	-9.91179	26.6792	9.62682	0.252197234925
W127D.pdb	-9.91179	28.3083	9.62682	0.317144348734
K40L.pdb	-9.91399	26.3957	9.62682	1.0
W1074F.pdb	-9.91393	26.3957	9.19644	1.0
I1088A.pdb	-8.90204	26.3957	10.3459	0.13304557106
A99D.pdb	-8.90204	26.7763	10.3459	0.260121532595
K10E.pdb	-8.61671	26.9423	10.3459	0.0363204036995
F77Y.pdb	-8.61671	28.1367	10.3459	0.322646375534
R88T.pdb	-8.61671	27.8605	10.3459	0.23858883361
H139K.pdb	-8.61671	27.8533	10.3459	1.0
M51G.pdb	-8.61138	29.4614	10.3459	0.314284296537
I132M.pdb	-8.61138	29.2632	10.3459	1.0
L1066K.pdb	-8.70738	29.2632	10.7062	0.367865822487
P129A.pdb	-8.70738	26.3196	10.7062	1.0
M115Y.pdb	-8.70738	27.8247	10.7062	0.332339668526
A32F.pdb	-8.70738	27.7831	10.7062	1.0
P125I.pdb	-8.70738	29.5077	10.7062	0.305989514585
G126Y.pdb	-8.70738	28.8436	10.7062	1.0
E12L.pdb	-8.82859	29.5027	10.7062	0.341819270815
A71W.pdb	-8.82859	29.3657	10.7062	1.0
S1059Q.pdb	-8.82859	29.3657	10.1171	1.0
G131Y.pdb	-8.82859	28.3186	10.1171	1.0
H1092I.pdb	-8.39842	28.3186	9.62989	0.330963189402
R93N.pdb	-8.39842	27.3428	9.62989	1.0
N1077R.pdb	-8.40014	27.3428	9.21166	1.0
L119F.pdb	-8.40014	24.9923	9.21166	1.0
R111Y.pdb	-8.40014	24.7305	9.21166	1.0
M36K.pdb	-8.78049	25.2397	9.21166	0.352296369287
L141D.pdb	-8.78049	24.702	9.21166	1.0
Y111V.pdb	-8.78049	24.6266	9.21166	1.0
V116G.pdb	-8.78049	27.3278	9.21166	0.177879470309
I95P.pdb	-8.78049	24.8486	9.21166	1.0
K19D.pdb	-8.17541	24.0292	9.17994	0.363819874163
E1050K.pdb	-8.17541	24.0292	8.90584	1.0
D143P.pdb	-8.17541	23.3093	8.90584	1.0
Y1060I.pdb	-8.17541	23.3093	9.39592	0.300211925347
G116A.pdb	-8.17541	21.6632	9.39592	1.0
R104L.pdb	-8.17541	21.9354	9.39592	0.20733525867
T88F.pdb	-8.17541	20.6154	9.39592	1.0
A116R.pdb	-8.17541	20.2451	9.39592	1.0
Y144E.pdb	-8.17541	24.0318	9.39592	0.0859973264701
N93S.pdb	-8.17541	26.7617	9.39592	0.15352623469
V1055W.pdb	-8.17541	26.7617	7.62081	1.0
K138C.pdb	-8.17541	28.0494	7.62081	0.351324979158
D102R.pdb	-8.17541	27.5209	7.62081	1.0
W52P.pdb	-8.17541	26.5665	7.62081	1.0
A129P.pdb	-8.17541	29.2929	7.62081	0.175276341497
G1057A.pdb	-8.17541	29.2929	10.3095	0.182750048703
K14A.pdb	-7.85861	29.1353	10.3095	0.216006062222
K31H.pdb	-7.85782	28.382	10.3095	0.367580225716
V35F.pdb	-7.85827	26.975	10.3095	1.0
K1050I.pdb	-7.85827	26.975	9.65833	1.0
T1043Q.pdb	-7.85827	26.975	9.15446	1.0
M132C.pdb	-7.85827	27.3752	9.15446	0.326114689099
W27R.pdb	-8.70072	26.8792	9.05088	1.0
T79W.pdb	-8.70072	27.6836	9.05088	0.359853375389
P95H.pdb	-8.70072	30.5164	9.05088	0.165982649086
T1042I.pdb	-8.70072	30.5164	8.25536	1.0
Q1073G.pdb	-8.70072	30.5164	10.4544	0.232820582691
H95C.pdb	-8.70072	30.6447	10.4544	0.141667583396
C5P.pdb	-8.70072	29.8348	10.4544	1.0
L104P.pdb	-8.70072	32.9882	10.4544	0.13467123538
C1029S.pdb	-8.23458	32.988	10.1923	0.305677268698
D1087C.pdb	-7.0611	32.9969	9.51792	0.365936934635
R105A.pdb	-7.05777	32.5289	9.51792	1.0
G80T.pdb	-7.05777	37.2993	9.51792	0.0404386268288
C132L.pdb	-7.05777	36.8345	9.51792	1.0
W4V.pdb	-7.0526	37.0144	9.51792	0.31234708872
W71C.pdb	-7.0526	36.6816	9.51792	1.0
Q78L.pdb	-7.0526	36.2548	9.51792	1.0
V29L.pdb	-7.0601	35.5894	9.51792	1.0
G1094R.pdb	-6.73379	35.5894	8.33709	0.177123172211
P52L.pdb	-6.73379	34.1905	8.33709	1.0
Q1043N.pdb	-6.73379	34.1905	8.16715	0.317140451477
P104Q.pdb	-6.73379	30.4133	8.16715	1.0
E10S.pdb	-6.80567	30.9032	8.16715	0.300311834946
S10W.pdb	-6.89259	30.0694	8.16715	1.0
L98V.pdb	-6.89259	30.3661	8.16715	0.224052771352
K139H.pdb	-6.89259	30.1974	8.16715	1.0
M142Y.pdb	-6.89259	30.6471	8.16715	0.293585320927
R87Y.pdb	-6.89259	30.0458	8.16715	1.0
D19M.pdb	-7.44162	29.7888	8.16695	0.214646444523
V111L.pdb	-7.44162	28.9382	8.16695	1.0
N1043L.pdb	-7.44162	28.9382	7.43612	1.0
S93K.pdb	-7.44162	27.178	7.43612	1.0
G1073W.pdb	-7.44162	27.178	5.41073	1.0
A118M.pdb	-7.44162	26.2047	5.41073	1.0
C71Y.pdb	-7.44162	25.7405	5.41073	1.0
K1039G.pdb	-7.44135	25.7405	6.38534	0.3550617692
K146T.pdb	-7.44135	26.7929	6.38534	0.354746179457
F32I.pdb	-7.44135	26.5026	6.38534	1.0
I125V.pdb	-7.44135	26.8447	6.38534	0.249368252804
I1050A.pdb	-7.44135	26.8447	7.18734	0.367657185708
D99N.pdb	-7.44135	25.4815	7.18734	0.220475026441
P129M.pdb	-7.44135	24.5231	7.18734	1.0
S122K.pdb	-7.44135	23.7732	7.18734	1.0
M3W.pdb	-7.44135	24.3265	7.18734	0.332348264367
H74W.pdb	-7.44135	23.1112	7.18734	1.0
W74M.pdb	-7.44135	23.3443	7.18734	0.219636818302
F119Y.pdb	-7.44135	24.3185	7.18734	0.367796388257
C42R.pdb	-7.48351	23.8066	7.18734	1.0
A140S.pdb	-7.48351	23.1572	7.18734	1.0
R116D.pdb	-7.48351	23.643	7.18734	0.298834870827
K1041C.pdb	-7.63862	23.643	8.1573	0.366203185215
Y71F.pdb	-7.63862	23.4952	8.1573	1.0
C1087E.pdb	-8.69229	23.4874	8.09537	1.0
G1071I.pdb	-9.12162	23.4874	7.42439	1.0
W1055E.pdb	-9.12771	23.4874	8.81804	0.344676090616
Y39L.pdb	-9.13086	21.3749	8.81804	1.0
N99L.pdb	-9.13086	19.8704	8.81804	1.0
D15Q.pdb	-9.55683	19.5532	8.81804	1.0
L1081M.pdb	-9.55683	19.5532	8.05684	1.0
F71R.pdb	-9.55683	20.5196	8.05684	0.366708208425
L150I.pdb	-9.55683	20.5114	8.05684	1.0
E144C.pdb	-9.55683	20.4326	8.05684	1.0
R71N.pdb	-9.55683	20.6965	8.05684	0.20268848495
T80L.pdb	-9.55683	19.1761	8.05684	1.0
L1048H.pdb	-9.55683	19.1761	11.5347	0.0879260850394
I1042S.pdb	-9.60016	19.1761	11.6824	0.34039555495
D37M.pdb	-9.61333	18.4995	11.6824	1.0
I100M.pdb	-9.61333	18.0936	11.6824	1.0
D116C.pdb	-9.61333	18.1516	11.6824	0.282362231719
Y142K.pdb	-9.61333	17.651	11.6824	1.0
S70H.pdb	-9.61333	18.6082	11.6824	0.367629732786
L1026I.pdb	-9.75565	18.6082	10.9256	1.0
N1086M.pdb	-10.1405	18.6082	10.6158	1.0
I1060K.pdb	-10.141	18.6082	10.5298	1.0
S1042Y.pdb	-10.141	18.6082	9.82481	1.0
C136Y.pdb	-10.141	16.6762	9.82481	1.0
Q1059Y.pdb	-10.1412	16.6762	10.1285	0.2241504424
C1041N.pdb	-10.1413	16.6762	10.2547	0.11123754393
M145Q.pdb	-10.1413	17.2614	10.2547	0.331337982282
P123S.pdb	-10.1413	19.4692	10.2547	0.239206695913
I34R.pdb	-10.2309	18.3387	10.2547	1.0
E63L.pdb	-10.2299	16.9916	10.2547	1.0
Y1059M.pdb	-10.2299	16.9916	9.76101	1.0
I32M.pdb	-10.2299	16.6898	9.76101	1.0
T146L.pdb	-10.2299	15.579	9.76101	1.0
H70N.pdb	-10.2299	15.2095	9.76101	1.0
A1057R.pdb	-10.2303	15.2095	8.34725	1.0
Q145K.pdb	-10.2303	14.9007	8.34725	1.0
G92R.pdb	-10.2303	14.3611	8.34725	1.0
Q147W.pdb	-10.2303	13.5039	8.34725	1.0
L132F.pdb	-10.2303	14.1747	8.34725	0.349308845259
D141V.pdb	-10.2303	15.7419	8.34725	0.326962624641
A105M.pdb	-10.2303	15.1897	8.34725	1.0
R92T.pdb	-10.2303	14.0354	8.34725	1.0
M114Q.pdb	-10.2896	15.4793	8.34725	0.340768399089
R106Y.pdb	-10.2896	15.3212	8.34725	1.0
P128L.pdb	-10.2896	17.5433	8.34725	0.296876394122
P65A.pdb	-10.2896	19.8835	8.34725	0.218893063699
V148T.pdb	-10.2896	20.2331	8.34725	0.316565952648
W1073P.pdb	-10.2979	20.2331	8.06856	1.0
L66E.pdb	-10.2979	21.0438	8.06856	0.361891215471
M1059E.pdb	-10.2979	21.0438	7.89361	1.0
Y82W.pdb	-10.2979	20.8668	7.89361	1.0
L94I.pdb	-10.2979	20.0107	7.89361	1.0
L128Y.pdb	-10.2979	19.7175	7.89361	1.0
V141D.pdb	-10.2979	18.3721	7.89361	1.0
L40M.pdb	-10.2979	18.7088	7.89361	0.240445229145
I1071Y.pdb	-10.2867	18.7088	8.14778	0.297664081371
M19V.pdb	-10.4547	19.868	8.14778	0.356526962106
M108L.pdb	-10.4558	20.3605	8.14778	0.325930045112
M1070E.pdb	-11.2707	20.0235	9.90371	0.303317726473
P143M.pdb	-11.2707	19.6454	9.90371	1.0
M129P.pdb	-11.2707	21.9536	9.90371	0.21468553879
L111Y.pdb	-11.2707	23.034	9.90371	0.366752275652
K93Q.pdb	-11.2707	22.5109	9.90371	0.221570256706
R8L.pdb	-11.2771	21.4712	9.90371	1.0
P121G.pdb	-11.2779	22.5112	9.90371	0.360943479104
S76I.pdb	-11.2779	22.1921	9.90371	1.0
V1028D.pdb	-11.3951	22.1921	13.7617	0.0775433406557
L1043F.pdb	-11.3951	22.1921	13.4532	1.0
Y111L.pdb	-11.3951	21.1155	13.4532	1.0
M100H.pdb	-11.3951	21.636	13.4532	0.312154073062
D1068E.pdb	-11.906	21.699	14.232	0.354180252208
R13K.pdb	-10.5113	21.2134	13.6243	0.345756447198
A14T.pdb	-10.5403	21.7879	13.6243	0.323435624519
F1067H.pdb	-9.66844	21.7879	15.5055	0.10453325077
S123V.pdb	-9.66844	20.9823	15.5055	1.0
E91Y.pdb	-9.66844	19.4475	15.5055	1.0
N70W.pdb	-9.66844	18.1887	15.5055	1.0
Y33S.pdb	-9.66867	19.0942	15.5055	0.363461699895
H1033C.pdb	-9.67964	19.0942	14.9885	0.229483177422
S156N.pdb	-9.21852	20.4123	14.9885	0.0936627858067
C116G.pdb	-9.21852	22.2754	14.9885	0.276231248056
E1055M.pdb	-9.21923	22.2754	13.1013	1.0
V4C.pdb	-9.21923	22.6791	13.1013	0.270165288199
L108P.pdb	-9.23079	22.6191	13.1013	1.0
V86I.pdb	-9.23079	22.5935	13.1013	1.0
A89Y.pdb	-9.23079	22.2647	13.1013	1.0
C138K.pdb	-9.23079	21.2405	13.1013	1.0
W70S.pdb	-9.23079	22.4064	13.1013	0.363312407719
G121N.pdb	-9.23079	22.286	13.1013	1.0
D1028F.pdb	-9.02359	22.286	8.36162	0.168423983312
E1079L.pdb	-8.89775	22.286	8.2542	0.110960164525
D127Y.pdb	-8.89775	21.0403	8.2542	1.0
E1059R.pdb	-8.89776	21.0403	8.94432	0.34856736462
H100K.pdb	-8.89776	20.4252	8.94432	1.0
M32P.pdb	-8.89777	20.6434	8.94432	0.185844621356
F137N.pdb	-8.89777	23.3726	8.94432	0.171783324136
M143Q.pdb	-8.89777	24.4774	8.94432	0.365994974376
S9A.pdb	-8.89777	23.5467	8.94432	1.0
V113M.pdb	-8.91783	22.2538	8.94432	1.0
A154R.pdb	-8.93013	21.6213	8.94432	1.0
I1046L.pdb	-8.93013	21.6213	8.53426	1.0
A124W.pdb	-8.93013	21.3278	8.53426	1.0
L99Q.pdb	-8.93013	21.8037	8.53426	0.295688858609
A9Q.pdb	-8.93013	22.5593	8.53426	0.354927000391
N156I.pdb	-8.96486	23.2357	8.53426	0.343911589483
R1058T.pdb	-8.97486	23.2357	9.35676	0.361350529346
N1041V.pdb	-8.97486	23.2357	8.09634	1.0
V1041I.pdb	-8.98444	23.2357	7.32615	1.0
N71Y.pdb	-8.98444	22.1282	7.32615	1.0
K138G.pdb	-8.98444	23.5262	7.32615	0.30093819038
Y127K.pdb	-8.98444	25.0173	7.32615	0.313551482756
C4N.pdb	-8.98444	24.5386	7.32615	1.0
G50R.pdb	-9.11936	26.37	7.32615	0.303739306252
Q99K.pdb	-9.11936	26.113	7.32615	1.0
Q15A.pdb	-9.11036	25.466	7.32615	0.367309439114
T1058I.pdb	-9.11085	25.466	6.45699	1.0
H1067L.pdb	-9.57164	25.466	5.22163	1.0
L135W.pdb	-9.57164	25.8606	5.22163	0.283736183599
R1077G.pdb	-9.56275	25.8606	6.237	0.322352366719
C144A.pdb	-9.56275	25.3546	6.237	1.0
V123E.pdb	-9.56275	24.8623	6.237	0.355969518974
E123H.pdb	-9.56275	24.5886	6.237	1.0
A1088V.pdb	-10.3664	24.5886	5.45073	1.0
R102K.pdb	-10.3664	24.123	5.45073	1.0
A65Q.pdb	-10.3664	23.8516	5.45073	1.0
I76G.pdb	-10.3664	26.2997	5.45073	0.200758166475
S101N.pdb	-10.3664	27.1218	5.45073	0.363147405064
N137S.pdb	-10.3664	27.5475	5.45073	0.309691301166
G153R.pdb	-10.3685	26.72	5.45073	1.0
T61L.pdb	-10.3685	25.2403	5.45073	1.0
A1050L.pdb	-10.3685	25.2403	4.74475	1.0
G1077C.pdb	-10.3717	25.2403	4.07793	1.0
M105A.pdb	-10.3717	25.6336	4.07793	0.267159664694
Q104N.pdb	-10.3717	25.9121	4.07793	0.229182421867
W53Q.pdb	-10.3717	29.8515	4.07793	0.0723283036925
Y136H.pdb	-10.3717	32.1757	4.07793	0.227346507419
N85I.pdb	-10.3717	29.9938	4.07793	0.358034341669
T148Y.pdb	-10.3717	28.8891	4.07793	1.0
K1095M.pdb	-10.1392	28.4209	3.93409	0.178612054193
A155E.pdb	-10.1548	28.0209	3.93409	1.0
H20V.pdb	-7.42969	30.3489	3.93399	0.0275071272205
E1087G.pdb	-6.55889	30.3489	3.26791	0.367808947416
E11K.pdb	-6.59603	30.1647	3.26791	1.0
L52T.pdb	-6.59603	32.1469	3.26791	0.264988121042
G138S.pdb	-6.59603	31.0843	3.26791	1.0
L12R.pdb	-6.61584	32.5846	3.26791	0.309703986932
I60K.pdb	-6.61584	35.3328	3.26791	0.154616573278
Y1071V.pdb	-6.62011	35.3328	3.03688	1.0
K99I.pdb	-6.62011	35.2969	3.03688	1.0
L133M.pdb	-6.62011	32.1659	3.03688	1.0
P73F.pdb	-6.62011	33.7556	3.03688	0.262406571308
K60M.pdb	-6.62011	30.5299	3.03688	1.0
I85G.pdb	-6.62011	32.5837	3.03688	0.244471965524
Q143T.pdb	-6.62011	32.8738	3.03688	0.218584487224
Y128I.pdb	-6.62011	32.1914	3.03688	1.0
C75L.pdb	-6.62011	33.0764	3.03688	0.367707117639
K1038I.pdb	-6.66243	33.0764	2.71061	0.329071478333
H1048L.pdb	-6.66243	33.0764	-0.129897	1.0
K1060I.pdb	-6.66243	33.0764	-0.770553	1.0
L1048T.pdb	-6.66243	33.0764	1.24626	0.233886559039
A144D.pdb	-6.66243	36.7606	1.24626	0.051620171813
T1024F.pdb	-6.76005	36.7606	-0.569782	1.0
A1091S.pdb	-6.78977	36.7606	-0.237659	0.238264733764
L1046C.pdb	-6.78977	36.7606	1.43586	0.312985192659
L39F.pdb	-6.78977	35.9592	1.43586	1.0
L1079A.pdb	-6.79013	35.9592	2.01549	0.336653901564
K30T.pdb	-6.88879	36.0479	2.01549	0.290492701143
L75I.pdb	-6.88879	34.5862	2.01549	0.356056863888
T1048Y.pdb	-6.88879	34.5862	3.41549	0.345235749518
P129Y.pdb	-6.88879	34.4446	3.41549	1.0
V1051Q.pdb	-6.88879	34.4446	1.97258	1.0
R154T.pdb	-6.89118	35.7333	1.97258	0.355187003219
I99M.pdb	-6.89118	35.4685	1.97258	1.0
F1024M.pdb	-6.9845	35.4685	0.494534	1.0
G51S.pdb	-7.11913	34.2186	0.494534	1.0
L1050K.pdb	-7.11913	34.2186	1.04372	0.346257199217
S70I.pdb	-7.11913	34.024	1.04372	1.0
K1054V.pdb	-7.11913	34.024	0.972002	1.0
E1084R.pdb	-5.45323	34.024	0.254248	0.29579892396
C95F.pdb	-5.45323	34.0028	0.254248	0.191821699194
Y91K.pdb	-5.45323	34.3684	0.254248	0.311766770825
Y1048C.pdb	-5.45323	34.3684	1.03661	0.357793337096
H152I.pdb	-5.46044	33.1037	1.03661	1.0
K145G.pdb	-5.46044	34.8214	1.03661	0.288077150019
M149R.pdb	-5.46722	34.4267	1.03661	1.0
S33K.pdb	-5.46722	33.3906	1.03661	1.0
W124V.pdb	-5.46722	32.6455	1.03661	1.0
N101D.pdb	-5.46722	31.9602	1.03661	1.0
V57L.pdb	-5.39702	31.0725	1.03661	0.0654409566572
N1047L.pdb	-5.39702	31.0725	0.00317872	1.0
W3L.pdb	-5.39702	30.7198	0.00317872	1.0
M74A.pdb	-5.39702	32.2639	0.00317872	0.329671431166
E1068L.pdb	-4.78377	32.2639	-0.0254451	0.332237563299
R1084V.pdb	-4.98546	32.2639	0.674242	0.347563066583
C1046K.pdb	-4.98505	32.2639	0.0729815	1.0
G145F.pdb	-4.98755	31.6249	0.0729815	1.0
F132V.pdb	-4.98755	33.7166	0.0729815	0.219798052442
Y129G.pdb	-4.98755	33.0846	0.0729815	0.34648954048
K127Y.pdb	-4.98755	30.289	0.0729815	1.0
Y148R.pdb	-4.98755	26.1528	0.0729815	1.0
Y126A.pdb	-4.98755	26.9345	0.0729815	0.358093147872
K91F.pdb	-4.98755	26.3462	0.0729815	1.0
V20F.pdb	-6.74841	23.3264	0.0680139	1.0
H136V.pdb	-6.74841	23.8719	0.0680139	0.367164022226
T52C.pdb	-6.74841	22.8253	0.0680139	1.0
Y131M.pdb	-6.74841	23.2646	0.0680139	0.31672303704
V132M.pdb	-6.74841	22.7051	0.0680139	1.0
E1034I.pdb	-6.775	22.7051	-0.115956	1.0
H139Y.pdb	-6.775	23.3159	-0.115956	0.352977315406
T92P.pdb	-6.775	25.6615	-0.115956	0.224349332285
A74F.pdb	-6.775	24.9802	-0.115956	1.0
F74T.pdb	-6.775	25.5185	-0.115956	0.31422711655
D141M.pdb	-6.775	25.9505	-0.115956	0.350827341643
E1090Y.pdb	-6.83127	26.2328	-0.576107	0.212867591286
C52V.pdb	-6.83127	25.6995	-0.576107	1.0
T74M.pdb	-6.83127	24.3898	-0.576107	1.0
P92A.pdb	-6.83127	21.4297	-0.576107	1.0
Y87S.pdb	-6.83127	22.9722	-0.576107	0.311251729305
Q65P.pdb	-6.83127	20.7167	-0.576107	1.0
M40F.pdb	-6.82612	20.2772	-0.576107	1.0
S87T.pdb	-6.82612	21.2665	-0.576107	0.367858231086
M131Y.pdb	-6.82612	20.6533	-0.576107	1.0
M141N.pdb	-6.82612	21.3422	-0.576107	0.350502483449
V125I.pdb	-6.82612	21.0675	-0.576107	1.0
C1077M.pdb	-6.83316	21.0675	-1.15973	1.0
I128F.pdb	-6.83316	21.6059	-1.15973	0.314254063549
W103F.pdb	-6.83316	21.1422	-1.15973	1.0
L111E.pdb	-6.83316	22.1684	-1.15973	0.367664249996
K13F.pdb	-7.69997	20.145	-0.928304	1.0
H31G.pdb	-7.69997	19.2344	-0.928304	1.0
K48S.pdb	-7.69997	19.6986	-0.928304	0.312676988915
Y49M.pdb	-7.45533	19.2054	-0.928304	0.199082941196
F145S.pdb	-7.45533	20.3741	-0.928304	0.363197694491
F91H.pdb	-7.45533	21.2799	-0.928304	0.366216280802
I125H.pdb	-7.45533	21.5692	-0.928304	0.216624234004
E111K.pdb	-7.45533	21.5523	-0.928304	1.0
P65D.pdb	-7.45533	23.6145	-0.928304	0.262257974044
K11W.pdb	-7.46225	23.5968	-0.928304	1.0
V98L.pdb	-7.46225	22.287	-0.928304	1.0
V1088P.pdb	-5.25169	22.287	0.33558	0.0865521113107
F128W.pdb	-5.25169	21.9045	0.33558	1.0
A105I.pdb	-5.25169	21.4741	0.33558	1.0
I1035H.pdb	-5.25451	21.4741	0.858559	0.309996903988
C1033F.pdb	-5.25542	21.4741	0.803028	1.0
I156M.pdb	-5.26222	19.2728	0.803028	1.0
I94V.pdb	-5.26222	19.7019	0.803028	0.342009120656
M132P.pdb	-5.26222	18.9565	0.803028	1.0
H123W.pdb	-5.26222	17.8829	0.803028	1.0
M1063Q.pdb	-5.27861	17.8829	2.30702	0.275568884632
W147T.pdb	-5.27861	19.0088	2.30702	0.346650256145
K1050C.pdb	-5.27861	19.0088	3.39797	0.36353450841
P132Y.pdb	-5.27861	20.0412	3.39797	0.365135813315
K142L.pdb	-5.27861	19.7549	3.39797	1.0
T154W.pdb	-5.27931	18.3818	3.39797	1.0
S140L.pdb	-5.27931	18.1057	3.39797	1.0
W135Y.pdb	-5.27931	18.4888	3.39797	0.277060458604
V1054T.pdb	-5.27931	18.4888	3.84757	0.286792310953
F24I.pdb	-5.38627	20.8703	3.84757	0.19642009734
T87V.pdb	-5.38627	20.1802	3.84757	1.0
I105A.pdb	-5.38627	20.561	3.84757	0.260206176399
N1025F.pdb	-5.38745	20.561	3.51281	1.0
Q93I.pdb	-5.38745	19.098	3.51281	1.0
E67H.pdb	-5.38745	18.6709	3.51281	1.0
P1078M.pdb	-5.38784	18.6709	4.42589	0.367510511344
K1046P.pdb	-5.38784	18.6709	9.81684	0.0239855483345
P1046L.pdb	-5.38784	18.6709	4.30542	1.0
T30I.pdb	-5.37529	18.5392	4.30527	0.0706092716732
F1033V.pdb	-5.38676	18.5392	5.41075	0.365916463574
F1074L.pdb	-5.38691	18.5392	5.23504	1.0
Y71W.pdb	-5.38691	18.4761	5.23504	0.100608999881
P1088R.pdb	-6.23888	18.4617	4.29453	1.0
I1034M.pdb	-6.29801	18.4617	3.51085	1.0
R42K.pdb	-6.3338	17.9627	3.51085	1.0
L146M.pdb	-6.3338	17.588	3.51085	1.0
V87M.pdb	-6.3338	15.972	3.51085	1.0
R153E.pdb	-6.34455	16.4186	3.51085	0.300716744772
G31I.pdb	-6.37638	17.5014	3.51085	0.366629175842
M1034F.pdb	-6.60617	17.5014	5.08455	0.326177288766
S48A.pdb	-6.60617	17.4915	5.08455	1.0
M99I.pdb	-6.60617	17.8293	5.08455	0.24106000731
I1037C.pdb	-6.60171	17.8293	5.92237	0.342175734464
E66M.pdb	-6.60171	16.6096	5.92237	1.0
Y89S.pdb	-6.60171	16.9997	5.92237	0.264093476074
K100V.pdb	-6.60171	17.6717	5.92237	0.343181115222
G129A.pdb	-6.60171	17.3746	5.92237	1.0
N4D.pdb	-6.60171	17.2163	5.92237	1.0
Q117L.pdb	-6.60171	16.2659	5.92237	1.0
P1044F.pdb	-6.60171	16.2659	7.72498	0.245550616949
A48K.pdb	-6.60171	16.109	7.72498	1.0
S138K.pdb	-6.60171	15.2496	7.72498	1.0
V1084H.pdb	-6.64901	15.2496	7.42152	1.0
L1047M.pdb	-6.64901	15.2496	6.38586	1.0
H125D.pdb	-6.64901	14.7033	6.38586	1.0
G116C.pdb	-6.64901	13.3421	6.38586	1.0
I1058W.pdb	-6.76507	13.3421	7.68137	0.329874574955
W123M.pdb	-6.76507	12.2385	7.68137	1.0
P32N.pdb	-6.76507	12.9978	7.68137	0.366594561562
F7M.pdb	-6.76507	12.7694	7.68137	1.0
L140K.pdb	-6.76507	12.1241	7.68137	1.0
W134Q.pdb	-6.76507	15.619	7.68137	0.0792551134351
K138S.pdb	-6.76507	16.3218	7.68137	0.357465697806
N121P.pdb	-6.76507	14.8482	7.68137	1.0
V124S.pdb	-6.76507	16.444	7.68137	0.255852482017
S89T.pdb	-6.76507	16.3933	7.68137	0.3255824775
K48V.pdb	-6.77116	16.9843	7.68137	0.329243061357
S124K.pdb	-6.77116	15.2621	7.68137	1.0
T143P.pdb	-6.77116	14.2187	7.68137	1.0
L142V.pdb	-6.77116	14.7067	7.68137	0.299560202045
K110S.pdb	-6.83569	15.8607	7.68137	0.354931240055
T89S.pdb	-6.83569	15.5918	7.68137	1.0
F1044E.pdb	-6.83569	15.5918	7.13315	1.0
K124M.pdb	-6.83569	15.3109	7.13315	1.0
A105E.pdb	-6.83569	14.8918	7.13315	1.0
F1036D.pdb	-6.78071	14.8918	8.48119	0.293925530575
Q134Y.pdb	-6.78071	13.0595	8.48119	1.0
S138C.pdb	-6.78071	12.717	8.48119	1.0
A126M.pdb	-6.78071	11.329	8.48119	1.0
E1040F.pdb	-6.78104	11.329	8.11678	1.0
L1045M.pdb	-6.78104	11.329	7.24683	1.0
M66D.pdb	-6.78104	12.7441	7.24683	0.343729660907
V142P.pdb	-6.78104	11.8851	7.24683	1.0
V136C.pdb	-6.78104	11.634	7.24683	1.0
C136S.pdb	-6.78104	11.6879	7.24683	0.0693232322792
Q1063M.pdb	-6.76613	11.6879	5.38641	1.0
S1032L.pdb	-6.79664	11.6879	4.98082	1.0
C116L.pdb	-6.79664	8.93229	4.98082	1.0
M126D.pdb	-6.79664	9.56289	4.98082	0.352431429103
D126I.pdb	-6.79664	9.45123	4.98082	1.0
V1033W.pdb	-6.70356	9.45123	4.1844	0.0848649438562
Q1051V.pdb	-6.70356	9.45123	4.33808	0.26668940538
C1037W.pdb	-6.70362	9.45123	3.00695	1.0
F1025L.pdb	-6.72261	9.45123	2.69732	1.0
M1078F.pdb	-6.72347	9.45123	3.62142	0.366899252504
V100W.pdb	-6.72347	8.97772	3.62142	1.0
W82C.pdb	-6.72347	10.4621	3.62142	0.304578514351
F22I.pdb	-5.2108	10.4533	3.62142	0.331898386727
K42E.pdb	-5.26763	10.417	3.62142	1.0
F1040E.pdb	-5.27229	10.417	3.91065	0.219510806994
N32M.pdb	-5.27229	9.95362	3.91065	1.0
F103C.pdb	-5.27229	13.2888	3.91065	0.118708963404
Y1090I.pdb	-5.75706	13.0698	2.89312	1.0
G76N.pdb	-5.75706	11.9803	2.89312	1.0
M123R.pdb	-5.75706	12.4591	2.89312	0.356002316398
M1095A.pdb	-5.79852	12.4591	2.82118	1.0
R123L.pdb	-5.79852	11.252	2.82118	1.0
F64V.pdb	-5.79852	14.0787	2.82118	0.137274910002
W71I.pdb	-5.79852	14.138	2.82118	0.221726263421
D1085F.pdb	-5.34168	14.138	3.82912	0.107175228551
Y115K.pdb	-5.34168	15.2876	3.82912	0.364151261455
W128Y.pdb	-5.34168	15.2405	3.82912	1.0
L63S.pdb	-5.34294	18.3818	3.82912	0.124393214292
I107Q.pdb	-5.34294	19.186	3.82912	0.364842173461
W1033L.pdb	-5.34787	19.186	3.62236	1.0
F95N.pdb	-5.34787	21.4288	3.62236	0.229657701745
L112C.pdb	-5.34787	23.1376	3.62236	0.270873569322
L6I.pdb	-5.34787	24.0435	3.62236	0.366144815048
P108I.pdb	-5.35468	24.7367	3.62236	0.352664254855
D144Q.pdb	-5.35468	27.1536	3.62236	0.208154461191
P69G.pdb	-5.35468	29.3446	3.62236	0.238071139512
Q53C.pdb	-5.35468	28.7959	3.62236	1.0
L1074M.pdb	-5.34745	28.7959	2.90314	1.0
C82Q.pdb	-5.34745	28.6747	2.90314	1.0
F20H.pdb	-4.13552	28.4839	2.90314	0.360710020971
Q144N.pdb	-4.13552	27.876	2.90314	1.0
S110C.pdb	-4.40989	27.0022	2.90314	1.0
I86V.pdb	-4.40989	27.7563	2.90314	0.356530709053
V1071L.pdb	-4.3624	27.7563	2.38298	1.0
D125C.pdb	-4.3624	29.2241	2.38298	0.338227910649
Q9I.pdb	-4.3624	27.2645	2.38298	1.0
Y106F.pdb	-4.3624	27.0821	2.38298	1.0
H91Y.pdb	-4.3624	25.7343	2.38298	1.0
M1074W.pdb	-4.3624	25.7343	3.56352	0.362559007334
I70C.pdb	-4.3624	26.2428	3.56352	0.311932965169
F1052M.pdb	-4.39461	26.2428	4.44449	0.366215908835
S1091T.pdb	-4.39913	26.2428	4.01805	1.0
R1093I.pdb	-4.37117	26.2428	3.65452	1.0
I1092F.pdb	-5.01937	26.2428	3.91523	0.209887904346
L3I.pdb	-5.01937	26.4918	3.91523	0.192352867332
C70R.pdb	-5.01937	25.5853	3.91523	1.0
H1084M.pdb	-5.12729	25.5853	3.82458	1.0
K33F.pdb	-5.12729	25.2181	3.82458	1.0
W10F.pdb	-5.12805	25.211	3.82458	0.228529262202
Q82D.pdb	-5.12805	26.1122	3.82458	0.365961160368
L1067E.pdb	-5.93045	26.1122	7.23905	0.112315015577
S63Q.pdb	-5.93045	23.0867	7.23905	1.0
Q63M.pdb	-5.93045	21.9047	7.23905	1.0
K36N.pdb	-5.79403	22.8361	7.23905	0.0448670735209
R1059K.pdb	-5.79989	22.8361	6.89662	1.0
Y25I.pdb	-5.35424	24.3746	6.89662	0.094267287715
W1074N.pdb	-5.35427	24.3746	7.67786	0.364980515634
N1074K.pdb	-5.35427	24.3746	6.35821	1.0
I71M.pdb	-5.35427	24.0018	6.35821	1.0
R1088M.pdb	-5.92034	24.0018	5.37918	1.0
E42S.pdb	-6.03165	25.0205	5.37918	0.364921717274
P121C.pdb	-6.03165	26.5356	5.37918	0.33299807939
C110F.pdb	-6.04422	26.3832	5.37918	1.0
L123P.pdb	-6.04422	26.3799	5.37918	1.0
I3W.pdb	-6.04422	26.6991	5.37918	0.231972276244
L1032Y.pdb	-6.04661	26.6991	4.95961	1.0
I150Y.pdb	-6.05196	27.0317	4.95961	0.240918313377
R1064F.pdb	-5.84357	27.0317	4.1791	0.0916952218391
Y119D.pdb	-5.84357	31.2562	4.1791	0.0483628907824
G44M.pdb	-5.89169	27.7592	4.1791	1.0
V48P.pdb	-6.14925	25.4553	4.1791	1.0
I1041L.pdb	-6.14925	25.4553	4.03307	1.0
M1084I.pdb	-6.26368	25.4553	4.69891	0.342136370398
V94S.pdb	-6.26368	29.4784	4.69891	0.0719597446499
I1038L.pdb	-6.26446	29.4784	4.42277	1.0
T14N.pdb	-6.24973	28.9532	4.42277	1.0
N141D.pdb	-6.24973	28.817	4.42277	1.0
N144H.pdb	-6.24973	30.3586	4.42277	0.1974662729
K1066I.pdb	-6.45744	30.3586	3.4594	1.0
H67N.pdb	-6.45744	29.7006	3.4594	1.0