name	count	evolved_interaction	ancestral_interaction	stability
V29S.pdb_A	1	-10.489	-10.5044	-26.1489
K147A.pdb_A	6	-10.1229	-10.643	-26.0549
S89G.pdb_A	20	-10.2762	-10.75	-26.2932
Y87L.pdb_A	29	-10.2135	-10.6527	-26.4436
A147D.pdb_A	38	-8.94506	-10.7023	-25.2201
D1085N.pdb_C	44	-8.71078	-8.69153	-6.27055
T91H.pdb_A	51	-8.75259	-10.7901	-26.5882
P88T.pdb_A	57	-7.24826	-8.26163	-24.3539
K151M.pdb_A	72	-7.26036	-8.25683	-28.2142
H91L.pdb_A	78	-7.3409	-8.3167	-26.1974
K48F.pdb_A	85	-7.6892	-7.49217	-25.2603
Q101L.pdb_A	96	-8.46623	-8.11948	-24.0991
D147Y.pdb_A	108	-7.16179	-7.40674	-25.3456
I1070T.pdb_C	116	-7.07138	-9.65179	-9.33599
D121E.pdb_A	124	-7.01902	-6.39074	-25.6491
V57C.pdb_A	130	-6.75643	-6.48208	-25.3249
E1079F.pdb_C	136	-4.99163	-8.40991	-8.84856
D19L.pdb_A	144	-4.53703	-4.30035	-23.6312
H1092V.pdb_C	156	-2.96608	-5.96228	-10.8371
D52I.pdb_A	162	-2.96393	-4.43872	-26.1002
I107L.pdb_A	168	-2.52436	-3.02101	-25.4362
G89T.pdb_A	176	-4.2112	-3.34603	-26.6199
E121Y.pdb_A	181	-4.75069	-3.37791	-29.1738
E99D.pdb_A	188	-2.96846	-2.5031	-27.4816
T1070N.pdb_C	196	-2.5954	-6.50136	-9.53589
S1029D.pdb_C	201	-3.02681	-7.39696	-7.09003
K49D.pdb_A	210	-2.63098	-3.16875	-24.305
T1077S.pdb_C	219	-2.46844	-7.35618	-9.45901
T88K.pdb_A	229	-2.31171	-3.10462	-24.9262
P128M.pdb_A	237	-2.39934	-3.10989	-25.3679
V110C.pdb_A	248	-2.37833	-3.00611	-24.7335
A48C.pdb_A	256	-2.38287	-2.99017	-24.8323
C57F.pdb_A	268	-2.86382	-2.75238	-24.7968
M18R.pdb_A	284	-3.41019	-3.31205	-24.1011
S3L.pdb_A	289	-3.46425	-3.30171	-26.077
I52F.pdb_A	297	-4.11588	-3.3011	-24.2094
D1068G.pdb_C	305	-4.91139	-6.10192	-7.05297
G1075F.pdb_C	314	-5.16461	-6.08148	-6.48031
W1061V.pdb_C	325	-5.34801	-6.56243	-6.36972
A38K.pdb_A	332	-5.2941	-5.14368	-24.4735
I1035H.pdb_C	343	-5.61835	-6.51239	-6.66713
H1079R.pdb_C	353	-5.59272	-6.50264	-7.41879
E63L.pdb_A	367	-5.49213	-3.54387	-24.7417
H1064E.pdb_C	374	-5.15455	-6.8312	-7.52246
W4H.pdb_A	387	-3.33183	-3.52894	-24.1961
G115I.pdb_A	400	-0.154702	0.817979	-24.3839
W1058D.pdb_C	406	-0.237678	-4.19845	-7.04782
N1070Q.pdb_C	416	0.0191683	-4.30626	-6.26019
N1071Y.pdb_C	436	-0.0547808	-4.8354	-7.06342
P123A.pdb_A	444	-0.138446	1.95935	-24.0681
A14H.pdb_A	450	-0.448761	1.35283	-24.1912
W22I.pdb_A	458	0.0569362	2.19803	-24.7746
I1029Y.pdb_C	468	1.04504	-0.0545546	-8.01947
D126M.pdb_A	474	1.47593	2.19915	-27.5814
Y145M.pdb_A	480	1.32718	2.10735	-25.4957
K31M.pdb_A	486	1.36144	2.5308	-25.393
A134W.pdb_A	491	1.47123	2.51272	-25.4704
L147E.pdb_A	506	1.47092	2.48525	-25.304
Q118K.pdb_A	517	0.959996	2.19077	-27.5087
P132H.pdb_A	523	1.10976	2.27849	-27.5135
F57N.pdb_A	531	1.02412	1.69496	-28.1719
S1090M.pdb_C	537	-0.146884	-2.93916	-9.28454
I22T.pdb_A	544	0.352807	2.38004	-24.2458
K1027M.pdb_C	553	1.06287	-2.88016	-7.91994
Y144F.pdb_A	560	1.06804	2.95282	-24.9703
I1070V.pdb_C	568	1.49163	-2.61206	-8.26506
T1094E.pdb_C	578	1.84993	4.24428	-6.25665
T1060E.pdb_C	585	1.99864	3.94139	-6.16973
N71W.pdb_A	595	1.9981	3.59759	-27.4309
Y155R.pdb_A	606	2.16659	2.56937	-26.8002
E1094T.pdb_C	612	2.17391	4.18643	-6.95601
D33P.pdb_A	623	2.22922	2.23421	-23.9094
C126K.pdb_A	637	2.26452	2.71635	-25.7881
K11N.pdb_A	648	2.31453	2.71159	-25.4772
K1062F.pdb_C	660	2.31445	4.30694	-5.37812
Q117N.pdb_A	677	2.31129	2.59098	-23.7288
N33L.pdb_A	687	2.21124	2.5967	-25.2391
H42D.pdb_A	695	2.21465	3.3443	-24.1135
K1095T.pdb_C	704	1.62831	4.34919	-6.71172
F15L.pdb_A	712	1.40878	3.38662	-25.5196
L6P.pdb_A	717	1.40388	3.36966	-28.0566
W134L.pdb_A	723	1.40427	3.36424	-27.996
M151Y.pdb_A	729	0.382232	1.54898	-25.5321
N57I.pdb_A	736	0.686506	1.75629	-25.2672
C48K.pdb_A	749	0.686467	1.9371	-26.2359
M36K.pdb_A	754	0.554808	1.30422	-26.2383
I57C.pdb_A	767	0.395092	1.38736	-24.3733
Y1057T.pdb_C	780	-0.0593149	-2.79635	-7.55692
E1060P.pdb_C	790	-0.0435114	-2.697	-9.00373
N1025W.pdb_C	797	-0.370582	-4.03319	-6.43925
P6S.pdb_A	805	-1.36225	1.38034	-25.5875
V1038M.pdb_C	814	-1.47146	-2.33672	-8.32892
E156G.pdb_A	827	-0.806746	0.527807	-27.5644
V32A.pdb_A	836	-0.111752	0.574731	-26.3908
W59F.pdb_A	842	0.115603	0.0114067	-25.8877
L52K.pdb_A	854	0.121478	-0.119394	-24.917
D1090G.pdb_C	868	0.436346	-2.55959	-5.95287
M69F.pdb_A	885	0.37095	0.371066	-25.1977
W127M.pdb_A	901	0.311247	1.03859	-26.4982
R57K.pdb_A	912	-0.00811771	1.27543	-27.5401
G1088Y.pdb_C	922	1.93468	4.75487	-6.33301
W146K.pdb_A	935	1.94049	6.38871	-24.0384
A32E.pdb_A	953	0.852527	6.31579	-24.1872
H11Q.pdb_A	965	0.807397	6.30147	-24.6889
K57Y.pdb_A	979	0.846328	6.44694	-24.6216
L108E.pdb_A	984	0.437748	6.10411	-25.0217
G156N.pdb_A	992	0.386808	6.56512	-26.81
W38Y.pdb_A	997	0.385302	6.4312	-24.2388
