name	count	evolved_interaction	ancestral_interaction	stability
P28E.pdb_A	1	-9.58913	-9.62168	-25.3242
D121L.pdb_A	6	-9.78365	-9.62842	-26.2744
V148C.pdb_A	12	-9.4741	-9.44845	-24.5722
R1046S.pdb_C	19	-9.50781	-10.5233	-6.96684
S35Y.pdb_A	28	-9.79859	-9.76222	-24.7669
E1050Y.pdb_C	38	-7.26278	-10.5053	-7.24318
I1070C.pdb_C	52	-6.15943	-9.28208	-7.02537
C1070E.pdb_C	66	-5.91158	-8.40369	-9.42785
Q1041L.pdb_C	72	-5.01639	-7.60608	-8.2973
S1029H.pdb_C	81	-4.55762	-7.25826	-7.18722
G115R.pdb_A	91	-4.4353	-7.17295	-26.2517
D1080K.pdb_C	100	-4.02432	-6.31708	-5.84318
H98W.pdb_A	108	-3.44691	-6.74276	-24.6717
C1025I.pdb_C	120	-2.84821	-5.5925	-7.2985
S136E.pdb_A	133	-2.86704	-6.74079	-24.8319
H1047Q.pdb_C	142	-3.1151	-5.59022	-7.31295
A1088N.pdb_C	150	-3.15565	-5.0599	-7.13715
T1035I.pdb_C	156	-3.28506	-5.17591	-8.27474
I1025F.pdb_C	165	-3.32106	-5.17657	-8.40409
S3T.pdb_A	173	-3.3524	-6.62876	-23.7008
G22M.pdb_A	179	-5.1576	-8.67287	-24.1688
M67F.pdb_A	184	-5.29877	-8.23832	-24.5363
A32Q.pdb_A	201	-5.26384	-8.35855	-24.2395
Q39M.pdb_A	209	-5.03803	-8.36231	-25.3551
M117C.pdb_A	216	-4.94337	-8.20656	-23.5783
D118Q.pdb_A	227	-4.66323	-8.21775	-23.8615
K1027F.pdb_C	241	-4.18296	-3.10743	-7.26857
S138K.pdb_A	250	-1.93644	-8.26573	-25.8514
P105Y.pdb_A	255	-1.93376	-8.28059	-24.9036
V75L.pdb_A	260	-0.0444218	-6.8172	-25.9619
L149I.pdb_A	265	-0.0256305	-6.84641	-23.4043
K138M.pdb_A	274	0.944191	-6.02702	-24.4355
V1071H.pdb_C	283	1.02611	-0.303172	-6.22385
C1088F.pdb_C	289	0.898391	-0.187728	-8.5968
I1039R.pdb_C	297	0.51092	-0.197488	-6.13079
G1059V.pdb_C	305	0.453362	-0.203001	-6.49594
T6I.pdb_A	316	0.724338	-5.41175	-26.4254
G127H.pdb_A	333	0.280211	-5.42548	-24.3405
I70S.pdb_A	340	0.321083	-5.40453	-24.0933
K1080I.pdb_C	346	0.230459	-0.830648	-8.70262
Y1032M.pdb_C	354	0.179486	-1.22005	-8.96617
M38Y.pdb_A	367	0.680416	-4.88149	-24.893
N4Y.pdb_A	374	0.737088	-5.04131	-24.5365
I1094C.pdb_C	381	0.598489	-1.36148	-9.69928
E136T.pdb_A	388	0.556588	-4.93215	-26.0259
E1085H.pdb_C	395	0.0773361	-1.02436	-7.97493
K40V.pdb_A	404	0.0927312	-5.05957	-24.084
E141A.pdb_A	414	0.2293	-4.58721	-23.7266
E1079A.pdb_C	430	0.227593	-0.62376	-6.11974
H1085G.pdb_C	445	0.151173	-1.07462	-8.12314
Q10H.pdb_A	455	0.142983	-5.13631	-23.9185
G79F.pdb_A	466	-0.096832	-5.73635	-23.9477
Y4D.pdb_A	476	-0.222732	-5.83599	-25.6109
M1032F.pdb_C	483	0.0750252	-1.07156	-6.82194
F6Q.pdb_A	491	-0.0648778	-5.88033	-23.4696
I1064Y.pdb_C	500	-0.369388	-0.978292	-7.67162
I1080P.pdb_C	510	-0.29526	-0.957968	-8.69782
R1043H.pdb_C	520	0.069854	-0.722974	-10.2137
S70D.pdb_A	532	0.437283	-5.24322	-24.183
T1039P.pdb_C	539	0.437277	-1.14369	-6.98444
G44Y.pdb_A	555	-1.47449	-6.54929	-25.6125
K31R.pdb_A	562	-1.68176	-6.64237	-27.3134
S1024E.pdb_C	572	-1.79519	-1.83842	-7.42728
I149T.pdb_A	578	-2.01974	-6.7744	-24.5778
F1047W.pdb_C	602	-1.43558	-1.923	-7.05535
K95H.pdb_A	611	-1.63286	-4.68256	-24.2602
F1082K.pdb_C	619	-1.45831	-2.60752	-8.16167
F101W.pdb_A	629	-1.51584	-4.63398	-23.6018
D79L.pdb_A	637	0.799485	-4.4906	-23.3432
S91F.pdb_A	648	0.799988	-4.487	-25.8191
V62L.pdb_A	654	0.778588	-4.48551	-25.2034
E27I.pdb_A	668	0.434726	-6.28301	-24.7812
G1093F.pdb_C	680	0.321538	-0.637883	-9.18928
V1075I.pdb_C	694	0.299868	-0.681297	-6.79682
A1051V.pdb_C	702	0.322666	-0.627508	-6.18503
K71F.pdb_A	715	0.334045	-6.9834	-23.804
R51Y.pdb_A	724	0.150156	-5.49099	-24.2661
L1036P.pdb_C	730	0.144258	-0.604646	-7.02818
H10S.pdb_A	739	0.128197	-5.4909	-24.1349
K124M.pdb_A	749	0.12408	-5.46313	-25.1327
Y1086L.pdb_C	755	-0.589373	-1.65765	-6.05959
H95Y.pdb_A	779	0.512309	-3.8929	-26.596
E1042D.pdb_C	785	0.507815	-1.67717	-7.11602
C117R.pdb_A	791	0.678041	-4.04761	-25.6946
W74H.pdb_A	801	-0.0891249	-4.05893	-24.7504
S66K.pdb_A	811	-0.100636	-4.04802	-26.4862
V1051M.pdb_C	820	-0.108477	-1.51656	-6.68833
L79M.pdb_A	828	-1.66277	-3.97165	-24.4931
L100D.pdb_A	841	-1.84851	-4.06538	-24.2832
E1028I.pdb_C	855	-2.33378	-0.244091	-11.2369
K66C.pdb_A	861	-1.77557	-4.48935	-23.9276
R1076M.pdb_C	867	-1.59213	-0.716481	-10.6364
S1073M.pdb_C	876	-1.4747	-0.737731	-8.84791
E63M.pdb_A	890	-0.525203	-5.39009	-25.2286
L75I.pdb_A	896	-0.544177	-5.37291	-24.1031
C106D.pdb_A	909	-0.762902	-5.51792	-24.4533
E11Y.pdb_A	925	-0.778593	-5.33379	-24.5441
M120L.pdb_A	933	-0.83818	-5.55768	-25.4767
G108H.pdb_A	940	-0.969468	-5.51796	-25.9341
H1068T.pdb_C	958	-1.04312	-3.06375	-5.81434
P1023E.pdb_C	973	-1.04453	-3.06362	-6.08637
C1032F.pdb_C	981	-2.18579	-1.25269	-6.68931
F143N.pdb_A	992	-2.17594	-6.71855	-24.0556
