name	count	evolved_interaction	ancestral_interaction	stability
K1058E.pdb_C	1	-10.4493	-10.4748	-5.55246
R104E.pdb_A	6	-5.09448	-5.67973	-25.8578
S1062P.pdb_C	12	-4.70413	-9.77233	-11.1528
S3Y.pdb_A	18	-4.68148	-5.27542	-23.8519
Q10S.pdb_A	24	-2.91874	-3.48846	-23.7668
P105I.pdb_A	31	-4.9671	-3.39659	-25.6795
Y3Q.pdb_A	37	-3.55566	-1.82408	-28.0435
A142G.pdb_A	43	-3.36555	-2.23417	-27.2959
Q7E.pdb_A	52	-3.67775	-2.12262	-26.5023
S1033C.pdb_C	61	-4.02033	-9.5001	-7.63183
Q39D.pdb_A	81	-4.8289	0.00820885	-25.8457
H1023G.pdb_C	90	-4.78737	-8.33757	-6.91642
C44T.pdb_A	101	-4.18533	-1.75402	-25.631
T17F.pdb_A	112	-3.50994	-0.195426	-23.349
R1046H.pdb_C	121	-3.56063	-8.11758	-7.72192
Q117R.pdb_A	126	-3.18508	-0.390774	-27.5084
L6P.pdb_A	133	-3.47422	-0.498506	-25.4926
L119M.pdb_A	143	-1.10539	0.627664	-24.2865
Q154A.pdb_A	154	-0.864642	-1.58326	-23.0671
S1036C.pdb_C	159	-0.950282	-5.3715	-9.91791
A43C.pdb_A	165	-0.929462	-1.56957	-25.7563
V148C.pdb_A	175	-0.880421	-1.6238	-24.3423
I1024L.pdb_C	183	-0.778318	-6.34769	-8.32786
S1032T.pdb_C	191	-0.755687	-5.2491	-8.41087
E1090V.pdb_C	203	1.02177	-5.10659	-10.3619
K1041N.pdb_C	212	0.975137	-5.28702	-8.2504
V92M.pdb_A	223	1.71987	-2.33856	-23.4115
F1033N.pdb_C	237	2.08778	-4.46502	-6.16101
F1080Y.pdb_C	246	2.07557	-4.46765	-5.99256
A1070E.pdb_C	251	2.0245	-3.34588	-8.20266
C95M.pdb_A	259	1.88385	-1.64405	-25.4863
S89T.pdb_A	266	1.87508	-1.58357	-23.1639
N124Y.pdb_A	275	1.34517	-1.59832	-24.3613
N106P.pdb_A	285	1.34545	-1.59832	-25.5057
E1085P.pdb_C	294	0.903246	-3.72902	-8.28884
S35P.pdb_A	310	0.866799	-1.66349	-23.1097
R117V.pdb_A	317	0.984371	-1.49526	-22.887
W134F.pdb_A	333	0.97644	-1.64431	-24.9536
P123I.pdb_A	343	0.997027	-1.6641	-23.3882
I1039H.pdb_C	349	1.01423	-3.68595	-7.14689
T1077S.pdb_C	356	1.787	-3.71057	-6.60853
R1059M.pdb_C	371	2.03434	-5.3785	-9.70247
D1030A.pdb_C	385	2.09807	-3.7097	-8.52947
T152E.pdb_A	394	2.20163	-1.39423	-25.0416
S122F.pdb_A	404	2.01008	-1.39777	-24.4322
K48D.pdb_A	413	2.19951	-1.51653	-24.4114
T146W.pdb_A	418	3.64008	-1.80645	-24.8934
S1054E.pdb_C	432	3.62523	-5.61544	-6.82037
D19V.pdb_A	451	3.29666	-1.66893	-23.3139
K79T.pdb_A	479	2.71863	-1.72223	-24.0917
T1043V.pdb_C	489	2.73899	-5.97674	-7.96221
E1079I.pdb_C	495	2.71824	-5.76655	-7.80358
I1036F.pdb_C	507	2.70008	-5.77919	-6.54646
H1039V.pdb_C	527	2.26347	2.33129	-8.45826
K1074Y.pdb_C	538	2.28961	2.23718	-6.54557
V12M.pdb_A	543	1.77872	-2.13351	-23.0195
H51R.pdb_A	556	1.81432	-2.19786	-22.3119
L114S.pdb_A	567	1.99083	-2.22966	-21.9838
G100I.pdb_A	582	2.07828	-2.03939	-23.8306
S1029I.pdb_C	589	1.89365	5.04319	-7.50168
T1032N.pdb_C	597	1.87981	5.16059	-7.09618
M61F.pdb_A	604	2.01413	-2.2043	-22.8903
M95N.pdb_A	617	1.73856	-1.67168	-22.4413
F1088C.pdb_C	639	1.58821	0.0730985	-8.90384
D39Q.pdb_A	646	2.09917	-1.42667	-25.6133
K147Q.pdb_A	656	2.41104	-1.42518	-23.6037
Y29V.pdb_A	670	2.4136	-1.92708	-23.887
C148A.pdb_A	682	2.37073	-2.43971	-24.8013
T5C.pdb_A	690	-0.207106	-2.68056	-24.1113
V42K.pdb_A	700	-0.172261	-2.69719	-23.2102
N44V.pdb_A	708	0.21893	-0.81491	-25.3756
R140G.pdb_A	718	0.187143	-0.814487	-24.8458
R31Q.pdb_A	723	0.288166	-0.797388	-24.7074
I1059F.pdb_C	733	0.797879	-2.04536	-6.06389
P128G.pdb_A	739	0.770485	0.0147637	-25.6026
M71H.pdb_A	750	0.772352	-0.0010333	-24.9755
S37R.pdb_A	757	1.45387	0.540513	-24.0538
D1086F.pdb_C	772	0.381517	-1.45525	-7.75245
D1067S.pdb_C	787	0.914774	-0.567511	-6.28566
G130V.pdb_A	796	0.897067	-0.90918	-24.2749
R63H.pdb_A	803	0.905668	-0.795145	-24.3157
K1027I.pdb_C	815	0.683693	-1.64618	-10.0543
W33M.pdb_A	824	0.512517	-2.05796	-24.8496
R49C.pdb_A	830	0.58196	-1.62056	-25.343
F122K.pdb_A	838	0.569497	-1.62593	-25.6387
L4V.pdb_A	845	0.569811	-1.62146	-23.5576
Q105C.pdb_A	857	0.573578	-1.62699	-23.8866
A51Y.pdb_A	871	0.558062	-1.60673	-23.6831
W22N.pdb_A	878	2.31329	-1.84529	-27.0875
W1043K.pdb_C	886	2.99388	-1.79813	-6.1015
A1051Y.pdb_C	893	2.13406	-1.56256	-5.70939
D1070E.pdb_C	900	2.09332	-1.70382	-5.8871
E1041K.pdb_C	909	2.07203	-1.58976	-5.06327
K32M.pdb_A	918	2.1188	-2.04661	-24.4776
L112F.pdb_A	932	2.16337	-2.24194	-23.5101
L1026F.pdb_C	948	2.18541	-1.47316	-5.89586
N121P.pdb_A	957	2.33598	-2.24103	-24.5362
C1088N.pdb_C	963	1.97362	-0.73773	-5.7038
N129S.pdb_A	969	1.39881	-2.37249	-24.6186
E131R.pdb_A	974	1.33046	-2.37005	-23.0679
H19L.pdb_A	991	0.899402	-2.09865	-24.4672
S4Y.pdb_A	999	-0.725689	-1.89284	-25.2692
