name	count	evolved_interaction	ancestral_interaction	stability
I1070L.pdb_C	1	-10.4059	-10.4301	-9.27495
K74W.pdb_A	6	-10.3979	-10.7481	-27.7194
S70H.pdb_A	11	-7.28437	-7.553	-27.7782
S100E.pdb_A	19	-7.10572	-7.30595	-24.7968
Q153R.pdb_A	30	-6.59701	-7.41491	-24.668
Q1095S.pdb_C	36	-5.77262	-8.28083	-5.99612
N1025P.pdb_C	48	-5.78931	-8.32703	-8.37993
M14F.pdb_A	59	-4.57358	-7.02152	-25.0477
A26M.pdb_A	67	-4.87437	-7.11537	-25.7289
H83M.pdb_A	74	-4.98947	-7.11726	-27.1289
T91Q.pdb_A	83	-5.03112	-7.11634	-24.6047
K131W.pdb_A	90	-5.57757	-6.55245	-25.7129
T89E.pdb_A	106	-5.09454	-6.56925	-24.8266
H1023R.pdb_C	114	-5.03432	-6.49968	-6.2561
M1085Y.pdb_C	121	-3.37255	-5.52017	-5.71735
E12Q.pdb_A	129	-3.50799	-6.93538	-26.5364
T147M.pdb_A	139	-3.60596	-6.93772	-26.0665
P105M.pdb_A	151	-3.84264	-6.97065	-25.1241
K27N.pdb_A	159	-3.37369	-6.36709	-24.6499
A88P.pdb_A	164	-3.14976	-5.64728	-26.3396
N1063A.pdb_C	172	-3.10266	-4.76983	-6.98193
W1039G.pdb_C	180	-3.11055	-4.7808	-6.99504
D1087K.pdb_C	190	-1.62399	-1.99224	-7.47487
A129Y.pdb_A	197	-1.43076	-2.89526	-26.1464
F81Y.pdb_A	209	-1.46514	-3.18286	-26.7731
A1051K.pdb_C	218	-1.47218	0.902622	-7.69671
E78G.pdb_A	225	-1.44149	-3.23453	-23.7446
V143C.pdb_A	238	-1.41836	-3.46297	-25.0017
T5C.pdb_A	249	-1.5983	-2.7255	-24.0818
F22R.pdb_A	257	-1.90465	-0.342036	-26.3765
S1084G.pdb_C	265	-2.07496	-2.17703	-7.04511
T108S.pdb_A	289	-1.8554	-0.288623	-24.4524
E49I.pdb_A	302	-1.90792	-0.0649502	-23.7606
Y1052M.pdb_C	319	-1.83447	-1.24871	-6.15752
G44M.pdb_A	345	-2.38975	-2.39997	-26.8364
I1034M.pdb_C	376	-1.71346	-1.36288	-7.10282
F1040T.pdb_C	384	-1.50921	-1.55509	-7.19249
V57Y.pdb_A	396	0.118702	-0.689787	-25.1096
Q101R.pdb_A	405	0.577031	-0.0680466	-27.9685
A95P.pdb_A	411	1.24332	0.491705	-26.1274
A107T.pdb_A	420	1.24481	0.206813	-25.7467
K54L.pdb_A	430	1.24201	0.508987	-25.8157
F137M.pdb_A	441	1.27915	0.231291	-24.3705
T51A.pdb_A	446	1.85073	0.232065	-23.8783
N117A.pdb_A	460	1.82358	0.255605	-24.4346
E1079K.pdb_C	468	2.26365	-0.269935	-5.82996
S1032M.pdb_C	483	2.2082	0.136794	-6.50504
I1072M.pdb_C	491	2.20458	-0.0220199	-8.57188
H1070L.pdb_C	498	2.01411	0.00955149	-9.09719
T67K.pdb_A	506	2.01112	0.517455	-26.2882
D1095F.pdb_C	511	2.51727	0.129939	-8.18594
R154F.pdb_A	527	2.5459	4.09405	-23.6413
A51F.pdb_A	541	2.0502	3.8413	-24.8878
M1043I.pdb_C	546	1.62937	0.23795	-7.94138
E1042P.pdb_C	562	3.67968	3.65216	-5.46067
Y146Q.pdb_A	584	3.65715	4.005	-23.4894
A19S.pdb_A	602	0.827693	2.48021	-24.6318
R1079V.pdb_C	612	0.764756	3.86249	-7.0996
K1054L.pdb_C	619	0.780175	3.85191	-6.50018
Q11H.pdb_A	625	0.0832412	3.10825	-23.6314
Q7C.pdb_A	631	-0.564072	3.36105	-23.3748
V4S.pdb_A	649	0.450241	3.54252	-24.8601
A1033M.pdb_C	657	0.477904	3.75257	-8.43781
M40S.pdb_A	663	0.480126	3.46653	-31.453
M137S.pdb_A	668	0.549015	3.46387	-27.6326
Y58F.pdb_A	677	0.535511	3.46264	-26.1196
K102F.pdb_A	685	0.495949	3.41032	-27.3432
I1063Y.pdb_C	690	0.417978	4.14231	-5.42229
W129M.pdb_A	705	0.70224	3.13074	-24.4135
K30L.pdb_A	723	0.528508	3.54413	-23.2451
R71W.pdb_A	741	0.57925	3.50406	-23.4949
I1089L.pdb_C	754	0.992686	4.76523	-4.74147
Q1091S.pdb_C	762	0.987768	4.76442	-6.49211
G1040N.pdb_C	768	0.998429	4.76455	-5.58887
A109V.pdb_A	778	1.01156	3.43143	-26.4231
A1027N.pdb_C	785	0.703036	4.7607	-5.29212
N1040L.pdb_C	793	0.735683	4.6955	-7.71525
F1076Y.pdb_C	800	1.67936	5.04447	-7.51543
C22T.pdb_A	813	2.10283	3.0793	-24.2437
F128Q.pdb_A	826	2.09543	3.07922	-26.1657
W1079V.pdb_C	838	2.04127	4.63628	-7.58587
S127R.pdb_A	844	2.04479	3.12674	-27.2178
L1092V.pdb_C	855	2.50765	4.77092	-4.55085
N104C.pdb_A	871	2.51214	2.50665	-26.5927
V1062C.pdb_C	885	2.77188	5.11761	-5.65689
S1091C.pdb_C	894	2.55997	2.95032	-6.91342
D102Q.pdb_A	902	2.52807	0.922267	-25.0734
K1042V.pdb_C	908	2.08664	1.89181	-5.55964
Y99R.pdb_A	925	2.32677	0.911092	-25.3447
N153C.pdb_A	933	3.03113	0.942631	-25.4339
I150F.pdb_A	944	2.88667	0.938564	-24.5733
M147I.pdb_A	966	2.7898	0.9727	-25.2501
D8F.pdb_A	979	2.8066	1.19381	-29.0072
F1094K.pdb_C	984	3.18464	7.5191	-7.5993
T54Q.pdb_A	990	3.05019	0.965512	-25.0942
F25Y.pdb_A	997	2.71288	1.27059	-25.3595
