name	count	evolved_interaction	ancestral_interaction	stability
A26D.pdb_A	1	-9.84839	-9.85607	-25.1548
E42F.pdb_A	7	-10.2045	-10.3729	-24.6715
H1023K.pdb_C	16	-8.07142	-10.2377	-7.36732
A1051I.pdb_C	23	-7.96404	-10.1531	-8.183
A1074R.pdb_C	32	-7.76357	-9.99831	-6.37947
K1040E.pdb_C	43	-7.75906	-9.99927	-7.35428
E11I.pdb_A	48	-7.36086	-8.16325	-25.8754
I1024F.pdb_C	56	-4.1287	-7.96391	-7.07137
E67N.pdb_A	62	-4.00059	-4.76331	-25.4643
T1043V.pdb_C	68	-3.89184	-7.51363	-8.43247
T91E.pdb_A	79	-3.92442	-4.81644	-25.4809
P1044R.pdb_C	93	-3.96199	-7.38065	-5.8824
H38V.pdb_A	105	-3.8733	-3.72518	-22.5819
S1062E.pdb_C	115	-3.89911	-0.57721	-5.90988
N98F.pdb_A	126	-3.90136	-3.69435	-27.241
A106D.pdb_A	131	-3.934	-3.65463	-26.4502
K1054E.pdb_C	137	-2.90823	-6.01953	-8.13965
S1034N.pdb_C	142	-2.04997	-5.5036	-6.50193
P84A.pdb_A	150	-0.262948	-0.831324	-27.7737
P69F.pdb_A	157	1.9778	0.911594	-26.2361
E1084D.pdb_C	163	0.203175	-5.08217	-6.58886
E1062I.pdb_C	177	-1.49241	-5.43707	-6.33227
T108Y.pdb_A	189	0.317374	0.75424	-24.6266
A142C.pdb_A	198	0.289072	0.713745	-25.0421
R1055N.pdb_C	207	0.338596	-4.00079	-6.14244
P105Q.pdb_A	225	0.226005	1.73083	-24.2245
D128R.pdb_A	239	0.550803	1.77631	-24.5375
M113I.pdb_A	254	0.525731	1.70377	-24.256
D1084I.pdb_C	263	0.262036	-1.46517	-2.52344
K126F.pdb_A	277	0.624168	1.18544	-24.3252
V1074M.pdb_C	288	0.624168	-1.41243	-3.8124
K3H.pdb_A	298	0.762878	5.6073	-23.8068
I113H.pdb_A	309	0.82272	5.57085	-24.0534
Y67E.pdb_A	324	1.33433	5.55649	-24.0659
Q111D.pdb_A	340	-0.791618	4.50498	-25.8096
D1030M.pdb_C	349	-0.594241	1.38806	-4.58769
Q7M.pdb_A	361	-0.584848	4.16919	-25.1838
C5S.pdb_A	369	-0.577757	4.22102	-24.8085
H3F.pdb_A	377	-0.58099	4.32515	-24.7478
R67Y.pdb_A	389	0.52084	4.48661	-24.9209
V95L.pdb_A	395	0.476031	4.44551	-25.9146
W53Y.pdb_A	402	-0.005022	4.31764	-24.879
W1059K.pdb_C	410	-0.481389	8.37037	-9.30587
H66E.pdb_A	418	0.250308	6.04146	-25.6242
I1084A.pdb_C	423	1.08966	6.65305	-8.25837
F69N.pdb_A	432	1.07836	6.03717	-24.3177
D106R.pdb_A	440	1.08361	6.05975	-24.5964
L120M.pdb_A	451	2.13291	7.40229	-24.7103
A1091S.pdb_C	460	2.14602	6.07858	-7.61018
L1045F.pdb_C	468	2.00887	2.11201	-4.36657
Q116M.pdb_A	483	2.01085	5.88408	-26.9583
R1044S.pdb_C	488	1.98454	2.0839	-4.12997
A20S.pdb_A	504	2.16723	2.567	-23.6896
T1089L.pdb_C	514	2.20804	1.53578	-9.40593
H83M.pdb_A	524	1.49012	2.15561	-22.3692
R67Q.pdb_A	533	1.64191	2.50184	-24.0544
H48K.pdb_A	546	1.18978	2.54712	-24.3374
Y121W.pdb_A	555	1.86337	2.55908	-25.1459
N1051R.pdb_C	563	1.88471	2.39796	-4.60935
W54N.pdb_A	570	2.07925	2.52121	-23.6456
E1035H.pdb_C	584	2.07203	2.48831	-4.37791
R1057Y.pdb_C	592	1.84795	2.29329	-4.11872
C26M.pdb_A	599	1.29752	2.89095	-25.8604
Y13W.pdb_A	605	1.41492	2.13818	-23.0774
D35L.pdb_A	615	1.68893	2.91258	-22.8466
K1079A.pdb_C	627	1.58029	2.48864	-7.27346
V1040W.pdb_C	632	2.00702	2.22095	-7.95376
N113M.pdb_A	640	2.34425	1.13837	-28.5721
E1094F.pdb_C	648	1.83358	2.28271	-9.25752
H1075Q.pdb_C	656	2.07189	2.25474	-9.6925
L1026Y.pdb_C	664	2.04493	1.31211	-6.88446
M29D.pdb_A	676	1.66351	1.67287	-26.1452
R1068Q.pdb_C	686	1.12439	0.642771	-6.76865
V62M.pdb_A	693	-0.441365	2.49988	-25.5472
E135I.pdb_A	713	-0.42802	2.48024	-26.1176
N54L.pdb_A	725	-0.740354	2.2063	-26.6538
R1085T.pdb_C	738	-0.891298	-1.76836	-8.00366
Q154K.pdb_A	754	-1.86459	2.21688	-26.0097
Q11D.pdb_A	761	-1.70322	2.84978	-24.3068
W1033M.pdb_C	770	-1.79843	-2.31825	-6.57109
M32E.pdb_A	776	-2.09895	2.69062	-25.356
A1039W.pdb_C	781	-2.05396	-0.152894	-10.1768
L1061Q.pdb_C	789	-1.26077	-0.0567912	-7.77384
D37W.pdb_A	799	-2.64355	2.58111	-24.9246
D11V.pdb_A	806	-2.68535	2.76329	-25.118
L1044D.pdb_C	816	-2.65423	-1.5649	-6.17382
K1080S.pdb_C	824	-2.44563	-1.00827	-6.48646
V46R.pdb_A	832	-2.28787	0.763287	-24.9662
Y4V.pdb_A	842	-2.39201	0.763288	-24.7151
F1094Y.pdb_C	855	-2.29251	-1.9459	-7.91877
E27C.pdb_A	863	-2.46156	-0.807842	-24.5404
D31C.pdb_A	870	-2.39499	-0.775062	-26.279
E143S.pdb_A	877	-2.33958	0.984182	-23.3801
I1041V.pdb_C	884	-2.27195	-1.64498	-8.48273
A1058S.pdb_C	893	-2.27434	-1.65323	-6.98659
H1070V.pdb_C	904	-2.23092	-1.62801	-9.06589
S143R.pdb_A	915	-2.23094	0.242827	-23.2496
F1084S.pdb_C	928	-0.456709	-1.26558	-6.33694
T122M.pdb_A	938	-0.294569	1.47319	-26.3656
N1042Q.pdb_C	949	0.0432151	-0.437314	-11.4701
R101W.pdb_A	961	0.0156114	-1.2331	-23.8759
K74C.pdb_A	967	0.0127121	0.186082	-24.0872
W37M.pdb_A	976	0.00853398	0.139663	-24.6324
Y53N.pdb_A	988	-0.588189	-0.722879	-25.1283
F82K.pdb_A	993	-0.580231	-0.69814	-25.1612
K5C.pdb_A	1000	-0.508331	-0.681992	-24.5099
