name	count	evolved_interaction	ancestral_interaction	stability
Q10E.pdb_A	1	-10.3093	-10.3684	-26.3052
E1094H.pdb_C	7	-10.3608	-10.5023	-8.26074
K147G.pdb_A	12	-9.84791	-9.87526	-25.5513
L6W.pdb_A	20	-9.51441	-9.60341	-24.4828
K1027A.pdb_C	27	-9.62293	-10.3734	-7.13042
S1033N.pdb_C	32	-9.47048	-10.1255	-10.1144
T61Q.pdb_A	37	-9.44267	-9.80199	-25.4795
D124W.pdb_A	45	-9.26144	-9.79515	-25.5498
L35P.pdb_A	50	-9.3234	-9.83326	-25.5307
K1058N.pdb_C	57	-9.60681	-10.4633	-6.79621
S70H.pdb_A	64	-7.63239	-9.65271	-24.4487
L4T.pdb_A	70	-7.61651	-9.47407	-24.2102
L1066V.pdb_C	77	-7.48582	-7.50001	-7.54159
E1059H.pdb_C	86	-7.51026	-7.52319	-8.33595
V1048E.pdb_C	93	-7.59183	-6.96104	-6.04408
R1047V.pdb_C	103	-7.3592	-5.71602	-7.87578
D121H.pdb_A	109	-7.72763	-9.15599	-24.8029
V62R.pdb_A	115	-5.7798	-7.38234	-26.0197
P1093R.pdb_C	121	-5.97815	-5.18248	-7.41686
N52E.pdb_A	129	-5.97722	-7.44786	-24.8891
R110P.pdb_A	143	-5.58865	-7.56859	-26.1603
I32V.pdb_A	151	-6.2704	-7.7807	-25.9328
S122L.pdb_A	160	-4.67122	-6.54996	-25.4456
H70L.pdb_A	175	-4.69707	-6.5642	-25.6522
A99P.pdb_A	187	-4.69699	-6.61909	-25.5501
P105A.pdb_A	193	-4.73983	-6.68138	-22.901
D102K.pdb_A	199	-4.83064	-6.81774	-26.8115
H83F.pdb_A	204	-4.85826	-6.81787	-23.7168
E143Q.pdb_A	215	-1.33089	-2.37766	-23.7248
Y130L.pdb_A	227	-1.32984	-2.37536	-24.7115
G89K.pdb_A	234	-0.986198	-2.12446	-27.0241
V1047I.pdb_C	240	-0.357079	-3.4974	-7.44787
T1093Q.pdb_C	246	-0.340156	-3.49614	-7.977
S54Q.pdb_A	252	-0.220872	-1.08028	-24.1515
K18C.pdb_A	265	0.0573589	-0.727699	-23.197
C50S.pdb_A	274	0.0396638	-0.734847	-23.4281
G10L.pdb_A	286	0.04153	-0.783834	-25.7507
E11K.pdb_A	291	0.0634593	-0.639706	-27.7123
Y106A.pdb_A	298	0.14598	-0.568923	-25.7176
Q1093G.pdb_C	304	0.14534	-3.37106	-6.16455
A1090M.pdb_C	318	-0.859606	-3.78178	-7.43631
Y155M.pdb_A	332	-2.01172	-0.703908	-23.6267
H105G.pdb_A	339	-2.00434	-0.743221	-23.7388
V1076M.pdb_C	348	-1.61226	-6.19841	-7.76644
Y154L.pdb_A	355	-2.20694	-1.16846	-24.9122
G120H.pdb_A	362	-2.20485	-1.17093	-25.5593
S30L.pdb_A	372	-2.20195	-0.900162	-25.4946
V1094Q.pdb_C	378	-2.15831	-6.16393	-7.35443
G1093I.pdb_C	385	-2.51067	-6.22232	-8.17537
N1068K.pdb_C	392	-1.84557	-3.28334	-8.45643
F1079I.pdb_C	402	-1.085	-1.53924	-6.38122
F83H.pdb_A	418	-1.11034	-1.17043	-27.2015
D1080S.pdb_C	433	-1.1023	-1.83233	-5.78973
V40I.pdb_A	442	1.04353	2.20291	-24.317
K19S.pdb_A	449	0.466584	1.61118	-23.9231
N111T.pdb_A	485	-1.30555	-0.0791222	-23.8561
G105K.pdb_A	507	-1.59513	-0.0483322	-26.1678
A155S.pdb_A	513	-1.64455	-0.0518087	-27.3696
F31D.pdb_A	519	-1.66258	-0.600397	-25.842
K141F.pdb_A	527	-1.70608	-0.607819	-26.4766
L154K.pdb_A	541	-1.75753	-0.278072	-24.184
E127L.pdb_A	548	-2.11378	-0.324931	-27.1648
R1035Q.pdb_C	561	-2.11531	-0.963033	-6.83445
Q7T.pdb_A	576	-2.06453	-0.625952	-25.011
K33S.pdb_A	589	-4.06623	-0.104734	-25.2875
I1039T.pdb_C	603	-4.11029	-1.37877	-2.61972
K15Q.pdb_A	619	-4.14932	-0.403632	-25.7416
P49Y.pdb_A	624	-4.81821	-0.228561	-23.7548
T7A.pdb_A	637	-4.80835	-0.350868	-24.545
F35Y.pdb_A	647	-4.95282	-0.397889	-24.0458
C18K.pdb_A	654	-2.71599	-0.0850658	-24.9197
E1076K.pdb_C	666	-0.658016	0.115339	-8.42236
D1044F.pdb_C	674	-0.7148	0.0478853	-6.85939
F1067I.pdb_C	681	0.277892	-0.39523	-5.93472
V148T.pdb_A	686	0.242835	1.03385	-27.1372
F1042Y.pdb_C	695	0.194224	-0.462834	-4.89535
G1077D.pdb_C	707	0.343052	-1.28316	-6.97996
D1073T.pdb_C	712	0.35736	-1.2898	-6.42403
V124Q.pdb_A	719	0.451031	0.446361	-25.3619
N1074Q.pdb_C	726	0.893647	-2.09118	-8.4629
N1084T.pdb_C	742	1.08024	-1.63955	-5.76035
V81Y.pdb_A	752	1.08016	-0.168931	-24.6507
Q143K.pdb_A	763	1.02791	0.175451	-25.5279
Q141M.pdb_A	773	1.03951	0.175772	-26.4238
F1024I.pdb_C	788	1.0376	-2.40554	-8.4426
V1067M.pdb_C	801	0.808553	-1.06547	-6.37817
Y49N.pdb_A	810	0.803629	0.322862	-24.8539
I86V.pdb_A	838	0.819455	0.22903	-25.8985
M150V.pdb_A	851	0.934235	0.387139	-24.3777
F135T.pdb_A	864	0.935534	0.471163	-24.3191
T1051S.pdb_C	876	0.93554	-0.509768	-5.14776
V78R.pdb_A	894	0.938204	0.414808	-25.7092
G26C.pdb_A	915	0.9931	0.450896	-26.4154
R78A.pdb_A	921	0.962898	0.427627	-24.3079
N109C.pdb_A	928	0.959991	0.576051	-25.6023
I121K.pdb_A	938	0.946602	0.627724	-26.4151
V99M.pdb_A	948	0.992126	0.619159	-28.147
R54L.pdb_A	956	0.607607	0.638965	-25.453
A78S.pdb_A	963	-0.0275468	0.278118	-24.9815
N3T.pdb_A	973	-0.0251198	0.571054	-24.2554
D154Y.pdb_A	992	-0.00420049	0.549315	-25.3781
