name	count	evolved_interaction	ancestral_interaction	stability
E1084P.pdb_C	1	-7.91438	-7.99101	-7.0422
K48E.pdb_A	9	-7.66468	-10.465	-25.4564
R1093D.pdb_C	16	-7.3135	-7.53856	-7.11161
L1045F.pdb_C	30	-8.35617	-7.02488	-8.91978
S1029G.pdb_C	44	-8.25358	-6.79228	-6.80832
S122D.pdb_A	54	-6.88076	-8.92776	-24.1848
C127F.pdb_A	77	-7.15053	-8.89574	-26.7179
V62Y.pdb_A	86	-7.0975	-8.90685	-26.3726
E12V.pdb_A	91	-7.08878	-8.99762	-27.7451
D100Y.pdb_A	99	-7.26606	-8.95521	-25.6159
Q7S.pdb_A	104	-7.08901	-8.95221	-25.9411
D35R.pdb_A	111	-7.29392	-9.177	-25.0566
K1058D.pdb_C	117	-3.19336	-7.85907	-8.05902
K129M.pdb_A	126	-3.26502	-4.68048	-26.1139
A54T.pdb_A	132	-3.34508	-4.57934	-25.0902
G115N.pdb_A	140	-3.36773	-4.58917	-26.0014
A1051F.pdb_C	147	-2.88003	-8.31943	-9.53321
S97N.pdb_A	156	-2.79599	-2.56139	-25.8148
K31H.pdb_A	165	-2.64434	-3.3238	-24.2079
S95M.pdb_A	175	-2.56804	-3.11669	-29.8883
S117I.pdb_A	184	-2.54176	-3.01886	-27.8393
A43N.pdb_A	189	-3.4064	-2.6392	-24.4929
R135H.pdb_A	199	-3.01424	-3.03774	-24.6146
L120C.pdb_A	205	-3.02567	-3.08584	-25.1168
D1082T.pdb_C	213	-3.12235	-8.8198	-7.2102
L1032Q.pdb_C	229	-3.23587	-9.01415	-6.63198
Q126T.pdb_A	242	-3.11874	-3.48004	-24.2453
M132I.pdb_A	251	1.13195	-0.510915	-23.8928
K1027L.pdb_C	264	-0.177987	-5.8275	-7.61378
Q115R.pdb_A	275	0.851649	-0.657635	-25.2741
S19L.pdb_A	283	0.79367	-0.731727	-23.9642
F98E.pdb_A	293	-0.0821934	-0.893769	-24.9999
K6E.pdb_A	302	-0.919775	0.12503	-24.2103
L1082V.pdb_C	318	-0.820066	-4.34044	-6.12286
Q87H.pdb_A	328	-0.489499	0.145332	-24.0065
M100D.pdb_A	340	-0.455778	0.00610323	-24.9314
I1072L.pdb_C	345	-0.467576	-4.26002	-7.19165
K15C.pdb_A	351	-1.16395	-0.169619	-25.059
N97M.pdb_A	364	-1.16991	-0.117358	-25.8363
H40G.pdb_A	369	-1.01578	0.109417	-24.1882
D1085P.pdb_C	378	-1.22663	-3.6399	-11.8193
A142H.pdb_A	384	-0.358582	0.283665	-24.4384
Q52M.pdb_A	397	-0.35859	0.25899	-26.2341
S1062L.pdb_C	405	-0.360437	-3.46894	-8.28229
L1066T.pdb_C	416	-0.380495	-3.43844	-6.62366
G56A.pdb_A	422	-0.222722	0.247701	-23.9465
K1094I.pdb_C	431	2.21161	-2.8078	-7.58097
W1059M.pdb_C	438	3.40878	-2.24343	-10.4165
F1045W.pdb_C	444	2.03479	-2.64385	-7.86766
I1088M.pdb_C	458	2.19473	-2.14665	-8.29276
L111P.pdb_A	464	2.21504	0.378505	-25.118
L19T.pdb_A	475	-0.16986	-0.118075	-26.1356
K30L.pdb_A	488	-0.629489	0.191409	-24.4003
K49P.pdb_A	502	-0.360069	0.542168	-25.611
L150I.pdb_A	507	-0.506687	0.633888	-24.461
C67N.pdb_A	524	-0.505673	0.633888	-26.7425
A1076Y.pdb_C	529	-0.487731	-0.515336	-10.0286
D33Q.pdb_A	537	-1.08867	0.838172	-25.1426
Y1073R.pdb_C	544	-1.07852	-1.30117	-7.27328
H62V.pdb_A	550	-0.983793	-0.586732	-27.4431
G125W.pdb_A	556	-0.664914	-0.794224	-25.2841
Q1032F.pdb_C	565	-0.717242	-1.22815	-7.85223
G102A.pdb_A	579	-0.608875	-0.974002	-26.0155
I1066V.pdb_C	589	0.427427	-1.8778	-6.06915
I1094F.pdb_C	603	1.19324	-1.91695	-6.68623
L59K.pdb_A	608	1.13267	0.683438	-27.1738
M1073V.pdb_C	617	1.09234	-1.9312	-6.27895
T19H.pdb_A	625	1.43139	0.0315758	-25.2926
H1062L.pdb_C	637	1.35194	-1.92215	-8.80149
T131I.pdb_A	651	0.861766	-0.190012	-25.6166
Q151C.pdb_A	661	1.2662	-0.727539	-24.3999
Q130C.pdb_A	672	1.19441	-0.768487	-26.3661
M119L.pdb_A	682	1.2349	-1.88404	-23.733
V93R.pdb_A	691	0.791263	-1.88541	-24.0583
Q95H.pdb_A	700	0.685234	-1.88216	-23.9887
C5A.pdb_A	705	0.682365	-1.8659	-26.8675
L1075E.pdb_C	712	0.683393	-1.10085	-6.25034
Y58M.pdb_A	722	0.680365	-1.84523	-24.8894
H19N.pdb_A	735	0.661828	-2.62305	-25.6263
E1075R.pdb_C	751	0.661491	-1.24041	-5.54173
M70S.pdb_A	757	0.836002	-2.51181	-32.0078
E87K.pdb_A	762	0.60139	-2.68474	-28.2849
H11A.pdb_A	769	1.47667	-2.72075	-24.5234
L3K.pdb_A	780	1.48013	-2.6592	-24.1892
Q33E.pdb_A	796	1.94804	0.784373	-23.9673
M89F.pdb_A	806	1.85032	1.00207	-24.6226
W121M.pdb_A	817	1.86671	0.988991	-24.8176
C15K.pdb_A	826	1.90183	0.626112	-25.0914
Q1079L.pdb_C	833	1.90235	-0.0990995	-5.60448
G3C.pdb_A	844	1.92897	0.617387	-25.7795
S1068T.pdb_C	852	1.35067	-0.504415	-5.60374
E59P.pdb_A	883	1.66772	0.940306	-25.5512
A152Y.pdb_A	888	1.67431	0.841707	-24.4581
F1054M.pdb_C	897	1.6777	-0.519653	-6.68747
I62L.pdb_A	908	1.62399	1.57076	-23.9086
H3Q.pdb_A	923	1.84601	1.49539	-24.4104
K132P.pdb_A	933	1.88818	1.98023	-26.5938
D108E.pdb_A	944	1.89224	1.96933	-26.4806
S7V.pdb_A	968	1.91871	1.88106	-25.151
W16N.pdb_A	973	1.94236	3.40611	-25.8569
K1031G.pdb_C	980	2.28539	-1.8606	-9.52027
L1062F.pdb_C	990	2.28609	-1.3027	-6.65617
