name	count	evolved_interaction	ancestral_interaction	stability
Y25G.pdb_A	1	-9.74194	-9.77503	-24.5748
Q1073H.pdb_C	8	-9.72215	-10.4305	-8.15741
W10R.pdb_A	14	-9.82656	-9.83255	-24.9389
A129Y.pdb_A	20	-9.90102	-9.88219	-25.5615
D1061S.pdb_C	32	-9.89312	-10.4682	-7.06487
D1075S.pdb_C	43	-9.85707	-10.4002	-6.44264
Q71A.pdb_A	49	-9.83615	-9.99733	-24.3949
H20R.pdb_A	62	-10.3924	-10.2526	-24.0207
D37R.pdb_A	74	-10.0814	-10.3573	-24.6724
K14E.pdb_A	79	-9.46501	-9.54816	-28.0687
P59K.pdb_A	86	-4.04964	-7.11712	-23.4977
A1051T.pdb_C	92	-4.26466	-7.01164	-7.0718
M1071G.pdb_C	100	-2.71821	-4.66231	-6.14295
I1038Y.pdb_C	117	-2.59437	-4.77855	-8.34977
L4F.pdb_A	132	-2.59851	-7.1412	-23.6613
G1057C.pdb_C	137	-2.72925	-4.84765	-5.97994
Q111W.pdb_A	147	-2.30488	-6.69918	-23.7429
R134W.pdb_A	158	-1.44392	-6.58136	-26.1422
A51S.pdb_A	173	-1.44486	-6.58914	-24.4356
T91W.pdb_A	190	-1.28908	-6.2983	-23.5337
Q1056C.pdb_C	202	-1.30662	-4.73592	-5.05789
E49G.pdb_A	210	-1.27772	-6.30482	-24.5673
L109M.pdb_A	221	-1.26893	-6.2474	-23.6348
I1046Q.pdb_C	228	-1.40622	-4.78055	-5.42315
G154T.pdb_A	236	-1.39867	-6.11824	-23.9785
V57T.pdb_A	243	-1.13934	-5.22364	-23.1034
S1033I.pdb_C	251	-1.17016	-3.56067	-8.73587
K1034C.pdb_C	259	-1.21461	-3.39201	-6.30617
N1086F.pdb_C	274	-1.42951	-3.6497	-7.0867
E1092S.pdb_C	291	-2.01179	-6.5395	-5.63493
D1040R.pdb_C	306	-2.05443	-6.58157	-5.29409
C71Q.pdb_A	314	-2.01526	-5.22528	-25.0868
D33I.pdb_A	323	-2.01832	-5.29633	-24.856
R20L.pdb_A	332	-0.746556	-3.11182	-23.3105
R1040M.pdb_C	342	-0.632431	-4.33432	-6.32112
I1050W.pdb_C	348	-2.84339	-6.52571	-5.4845
E67V.pdb_A	357	-2.85108	-7.20809	-24.9562
N130M.pdb_A	365	-2.86584	-7.17765	-24.387
T57H.pdb_A	378	-2.10034	-6.53811	-24.1798
T154H.pdb_A	384	-2.16307	-6.61563	-26.4506
Q129R.pdb_A	392	-2.1698	-6.61439	-23.6273
N1025Q.pdb_C	398	-2.15022	-5.37724	-5.99791
V110Q.pdb_A	406	-2.03269	-6.27816	-23.8045
S71K.pdb_A	422	-2.03266	-6.28136	-24.6048
N1038R.pdb_C	442	-2.54219	-4.74605	-7.7867
R136Y.pdb_A	453	-3.29157	-7.61682	-24.5067
Q122Y.pdb_A	461	-4.08022	-7.66121	-24.1893
M36F.pdb_A	471	-4.11275	-5.33122	-25.3664
N131Y.pdb_A	481	-3.799	-5.13746	-25.6997
F65S.pdb_A	487	-3.79967	-5.06616	-24.8178
A1074C.pdb_C	497	-4.65343	-6.2963	-6.57248
T142S.pdb_A	513	-4.4043	-5.08852	-23.8096
T108D.pdb_A	522	-4.24323	-4.91632	-26.8951
Q39M.pdb_A	533	-2.7876	-4.26302	-24.433
H1034Q.pdb_C	544	-4.84833	-6.43291	-7.61381
M155H.pdb_A	554	-4.70527	-4.18951	-26.8166
S145F.pdb_A	562	-3.17031	-2.49927	-26.0117
C66S.pdb_A	568	-2.04631	-2.50492	-25.5985
S65K.pdb_A	574	-2.25577	-2.71632	-25.5311
N1084H.pdb_C	581	-2.17872	-4.49175	-6.21393
P1044K.pdb_C	593	-2.22982	-4.44424	-5.46451
K4Y.pdb_A	598	-2.24789	-2.87517	-24.7052
R1047N.pdb_C	607	-2.32439	-5.76372	-9.33695
W1061L.pdb_C	613	-2.32474	-5.7639	-9.11228
E1056I.pdb_C	626	-2.30114	-4.40398	-9.32932
K5L.pdb_A	636	-3.67478	-4.31457	-25.5792
W1051C.pdb_C	647	-3.70726	-5.2431	-6.61751
Q1025K.pdb_C	662	-3.69525	-5.13965	-6.7276
A54D.pdb_A	677	-3.04263	-4.05654	-23.8821
V151K.pdb_A	695	-3.31474	-4.05649	-24.0405
P6M.pdb_A	710	-3.3236	-4.80783	-24.628
E14T.pdb_A	722	-2.22785	-3.73958	-24.9237
L1094R.pdb_C	728	-2.13546	-4.21545	-6.22114
S137F.pdb_A	738	-2.14683	-3.53843	-26.3235
G59F.pdb_A	746	-2.14675	-3.57149	-24.1164
Q1090L.pdb_C	754	-1.83784	-3.79986	-7.98906
P128M.pdb_A	760	-1.41388	-3.52918	-23.9351
S125W.pdb_A	771	-1.42692	-3.39826	-24.2158
S76E.pdb_A	779	-1.45652	-3.57794	-23.9515
D93H.pdb_A	801	-1.25114	-3.81356	-24.3427
R1046M.pdb_C	814	-1.16183	-2.52991	-6.85561
R78C.pdb_A	834	-1.16182	-3.71244	-23.7953
R31G.pdb_A	849	-1.32508	-3.22987	-24.1542
H3F.pdb_A	858	-1.20076	-2.82226	-26.5343
W1034T.pdb_C	868	-1.45458	-2.16124	-6.05435
T101F.pdb_A	887	-1.30312	-2.65674	-25.5485
Y22I.pdb_A	900	-0.352356	-0.781978	-24.5565
L1026K.pdb_C	910	-0.44537	-2.22005	-6.87666
N115F.pdb_A	918	-0.595397	-0.931088	-25.6983
S30R.pdb_A	928	-0.326942	-1.20671	-24.6929
Q1070W.pdb_C	935	-0.236008	-2.37274	-8.63799
H1073R.pdb_C	946	-0.413372	-2.30584	-9.88132
D155C.pdb_A	957	-0.383807	-1.09016	-25.7766
R17E.pdb_A	963	0.424807	3.78197	-25.0082
G13R.pdb_A	969	1.08768	1.61678	-27.542
K1025V.pdb_C	976	1.12449	-2.00434	-8.20368
I1071P.pdb_C	982	1.21832	-1.9324	-8.25878
C1093K.pdb_C	993	1.16726	-1.57678	-8.8786
