name	count	evolved_interaction	ancestral_interaction	stability
I1035C.pdb_C	2	-10.5139	-10.3497	-6.87448
I45L.pdb_A	9	-12.5119	-10.6644	-24.6956
N1025K.pdb_C	21	-11.3876	-11.0574	-8.3372
L1066T.pdb_C	27	-11.3582	-11.0021	-5.81405
Q1095T.pdb_C	35	-10.9726	-11	-5.93357
K76R.pdb_A	46	-6.03646	-5.26782	-27.4309
K74I.pdb_A	51	-6.10342	-5.56879	-27.3995
K153G.pdb_A	56	-6.52063	-5.67573	-28.0939
Q117E.pdb_A	64	-5.79809	-5.54997	-25.4665
E1084I.pdb_C	72	-5.24633	1.58355	-8.16883
M1049I.pdb_C	82	-5.70381	-5.4352	-7.88715
R1046Q.pdb_C	87	-5.68493	-5.43496	-7.20953
K110I.pdb_A	112	-5.44965	-5.4857	-25.0383
L119F.pdb_A	126	-6.58609	-6.33959	-29.2282
K40N.pdb_A	132	-6.49147	-6.30843	-28.108
K27V.pdb_A	139	-6.44109	-5.83801	-28.0191
S1062E.pdb_C	145	-5.89691	-8.18012	-6.27739
Q154L.pdb_A	151	-4.02754	-4.02001	-23.8886
V57R.pdb_A	167	-3.44074	-4.00085	-24.4009
I112M.pdb_A	179	-3.80515	-3.96382	-25.3018
K1025P.pdb_C	190	-3.81895	-5.52145	-6.3131
Q1073K.pdb_C	198	-3.81083	-5.84978	-8.00764
E1062A.pdb_C	204	-3.75854	-4.85591	-6.30763
N122S.pdb_A	213	-3.65151	-3.70027	-24.2387
K1040Y.pdb_C	223	-5.99035	-7.05985	-8.20245
K1027V.pdb_C	234	-6.26458	-7.10391	-6.20447
Q147F.pdb_A	245	-6.25288	-3.5096	-24.7754
F137L.pdb_A	252	-5.49484	-2.70502	-25.3796
E13W.pdb_A	259	-5.43819	-3.27644	-29.5854
S126D.pdb_A	268	-3.98821	-1.78292	-25.1404
D126V.pdb_A	276	-4.00028	-1.73258	-25.662
S70H.pdb_A	284	-4.00254	-1.68354	-24.7201
A1058M.pdb_C	289	-4.06902	-1.20277	-8.82924
N1046V.pdb_C	297	-5.68714	-1.04418	-9.00728
H79Q.pdb_A	306	-6.02689	-2.79004	-24.5964
A6L.pdb_A	315	-5.99104	-2.80063	-25.1697
I125M.pdb_A	328	-5.95334	-2.69783	-25.7458
L150W.pdb_A	335	-5.9474	-2.83755	-24.3426
T78H.pdb_A	349	-5.25722	-1.13624	-24.4197
D1082Q.pdb_C	361	-5.12226	-0.333527	-9.66944
D87H.pdb_A	369	-5.11878	-1.14062	-25.9025
I1038Y.pdb_C	379	-5.2332	-0.638755	-6.02568
V33Y.pdb_A	387	-4.77461	-1.19875	-24.1513
I1024F.pdb_C	396	-4.72424	-0.0530073	-6.37284
H1051N.pdb_C	413	-3.71891	0.15727	-6.25486
Q10V.pdb_A	422	-0.909414	1.80859	-24.0967
E115H.pdb_A	429	1.07276	1.11746	-24.1563
A18F.pdb_A	439	-1.35586	0.483458	-24.4556
K140E.pdb_A	457	-1.60751	0.210421	-26.4699
F1094C.pdb_C	465	-1.46582	-5.74225	-6.16604
H115S.pdb_A	473	-1.46902	0.769014	-26.0715
M1058W.pdb_C	487	-1.49638	-5.72193	-6.20802
M35W.pdb_A	497	-0.180022	0.734804	-24.3188
H114R.pdb_A	510	1.03181	0.693136	-24.851
W35E.pdb_A	516	0.947426	0.532932	-24.5547
Y128K.pdb_A	537	0.947421	0.516348	-25.7704
S1047H.pdb_C	549	1.44427	-3.86626	-5.56074
E30Q.pdb_A	565	1.58193	1.31521	-24.844
G4M.pdb_A	579	2.02278	1.32399	-25.2571
S71Q.pdb_A	588	0.639486	0.739197	-26.3013
Y151T.pdb_A	594	1.39758	0.927835	-24.7739
L67P.pdb_A	600	1.5173	0.925237	-23.8099
E35M.pdb_A	620	-0.792601	0.905143	-24.0774
A36H.pdb_A	628	-0.734358	0.150057	-23.841
D87I.pdb_A	647	1.39927	-0.133761	-23.2967
M1059Q.pdb_C	658	1.22821	-4.16368	-5.24391
V10R.pdb_A	674	0.820497	-0.0901594	-23.9335
H57L.pdb_A	696	0.911087	0.594995	-25.1191
Q77H.pdb_A	706	0.795668	-0.766901	-28.4744
H117T.pdb_A	719	0.898452	-1.22182	-24.3514
G63S.pdb_A	726	1.00168	-1.05026	-27.8419
V5R.pdb_A	734	1.2813	-1.12938	-23.8287
T1047H.pdb_C	742	0.321701	-8.2778	-7.23156
H36R.pdb_A	755	-0.0666153	-2.86753	-25.2049
E1034C.pdb_C	766	-0.329675	-9.11581	-6.80382
M1036R.pdb_C	776	-0.336653	-9.04044	-7.24285
E1068Q.pdb_C	790	-0.758413	-0.416916	-6.73956
Q1029L.pdb_C	804	-1.00753	-2.8495	-8.69574
L1080C.pdb_C	813	-1.12941	-2.9261	-6.66177
H57R.pdb_A	836	-0.820581	-4.24337	-25.1978
A102R.pdb_A	851	-0.592244	-5.40527	-25.838
I96P.pdb_A	864	3.04914	0.589746	-23.802
L1084T.pdb_C	878	3.96891	-2.20118	-6.43834
N1095D.pdb_C	891	3.9143	-1.78256	-6.46652
W1058I.pdb_C	908	2.66851	-2.18059	-7.44091
K1054H.pdb_C	922	2.66508	-2.18057	-6.2424
K119T.pdb_A	929	2.23573	1.68705	-23.286
W18Q.pdb_A	944	1.91594	1.25223	-23.8483
V111Q.pdb_A	959	1.90773	1.25223	-24.4684
N48K.pdb_A	975	1.75807	1.21254	-24.442
M98H.pdb_A	985	1.53645	0.810831	-23.7605
R1075E.pdb_C	996	1.52536	-3.60528	-7.92197
