name	count	evolved_interaction	ancestral_interaction	stability
V29A.pdb_A	1	-10.4873	-10.5247	-26.1383
P105W.pdb_A	8	-10.3833	-10.5154	-26.761
E42K.pdb_A	14	-10.5267	-10.6807	-27.3127
A29T.pdb_A	24	-11.1044	-11.1795	-25.1005
D145N.pdb_A	30	-10.6724	-11.2411	-24.3836
K141A.pdb_A	38	-7.16903	-10.8374	-25.1047
W105R.pdb_A	47	-7.14666	-10.8773	-25.3574
A122Q.pdb_A	59	-7.6695	-7.86755	-26.4585
F4T.pdb_A	64	-3.32304	-4.16655	-25.4741
L109A.pdb_A	73	-3.38272	-3.69236	-24.568
W1079R.pdb_C	80	-3.3172	-6.18093	-7.90402
Y144L.pdb_A	89	-2.948	-3.66594	-24.3559
N1025A.pdb_C	105	-3.03327	-4.9022	-7.81727
T1043E.pdb_C	112	-3.03589	-4.90523	-8.96834
P59C.pdb_A	118	-3.00576	-3.65476	-23.9116
K27E.pdb_A	126	-1.14168	0.650612	-24.3438
Q1056A.pdb_C	139	-1.14608	-4.92703	-8.1338
L144W.pdb_A	146	0.724461	-0.706035	-25.6534
A54E.pdb_A	155	0.770818	-0.508263	-25.1948
K147I.pdb_A	166	-0.809865	-0.995625	-26.7117
K30P.pdb_A	171	-0.633426	-0.517632	-24.5912
N126L.pdb_A	180	-0.673062	-0.624879	-24.2248
E95D.pdb_A	187	-0.742891	-0.630547	-24.0897
N76M.pdb_A	201	-0.701907	-1.28799	-24.9477
G48Y.pdb_A	209	-1.58633	-2.85794	-25.6344
E1034M.pdb_C	218	-1.75809	-3.41823	-8.33031
L1026T.pdb_C	230	-1.81594	-3.65072	-7.75012
F74V.pdb_A	241	-0.920638	-1.40299	-25.4376
Q111F.pdb_A	260	0.28114	0.690142	-25.0819
H49S.pdb_A	276	-0.156496	0.777242	-25.1737
A141K.pdb_A	289	-0.286935	0.725086	-25.6175
T29H.pdb_A	302	0.274305	0.403277	-24.3741
Q130Y.pdb_A	313	-1.4273	0.385788	-25.245
D121F.pdb_A	325	-1.29739	0.3858	-26.5861
H29R.pdb_A	332	-1.2905	0.432356	-26.6423
S1076I.pdb_C	342	-1.27515	-2.68742	-5.78313
D17H.pdb_A	356	-2.46351	-3.95382	-24.7016
V1068L.pdb_C	362	-3.2784	-3.62835	-6.98853
W1080H.pdb_C	372	-3.28689	-3.55621	-7.11388
V1035F.pdb_C	380	-3.61608	-3.62257	-6.62867
A129S.pdb_A	385	-3.71517	-5.38873	-23.5893
S49C.pdb_A	390	-3.95553	-5.28935	-23.0784
E1043W.pdb_C	401	-4.35972	-3.00918	-7.16143
C49Q.pdb_A	407	-4.34766	-6.14536	-25.4266
G124N.pdb_A	414	-4.36043	-6.25867	-23.5166
L143T.pdb_A	426	-3.27129	-6.1833	-22.5149
K67P.pdb_A	442	-3.31469	-6.1834	-23.0465
K110L.pdb_A	451	-2.75447	-5.4616	-25.0462
S43P.pdb_A	463	-2.74614	-5.41209	-24.3843
E1082F.pdb_C	471	-2.72137	-3.79721	-9.90669
N1093L.pdb_C	480	-2.85892	-3.74199	-10.5333
S98Q.pdb_A	490	-2.07177	-4.16575	-25.1114
T108V.pdb_A	495	-2.26919	-4.09225	-24.3697
N1034I.pdb_C	502	-2.90628	-3.59887	-8.28534
F19G.pdb_A	509	-3.42657	-4.74661	-24.7024
R1025K.pdb_C	524	-3.40793	-3.8252	-9.73737
Q49S.pdb_A	532	-3.03502	-3.35569	-24.7568
I66L.pdb_A	539	-3.28266	-3.7138	-23.1506
L3R.pdb_A	547	-4.12818	-3.39651	-25.0961
N124G.pdb_A	558	-4.12841	-3.34037	-23.0945
M102D.pdb_A	565	-4.12403	-3.34169	-23.2544
Y1040M.pdb_C	573	-4.35456	-4.5206	-7.42696
T1026E.pdb_C	579	-4.39144	-4.72538	-6.11849
C32W.pdb_A	592	-4.46866	-3.77601	-26.0445
W6M.pdb_A	605	-4.04557	-3.04655	-23.9758
L40I.pdb_A	612	-4.02558	-2.99343	-23.3449
W35A.pdb_A	622	-4.10483	-3.26187	-26.8333
P30T.pdb_A	628	-4.10126	-3.27282	-24.0348
V1095Y.pdb_C	640	-2.13256	-2.29397	-7.99358
Y66A.pdb_A	650	-2.3475	-3.21598	-24.6034
C146G.pdb_A	663	-2.36178	-3.2111	-23.5108
D33K.pdb_A	676	-2.35925	-3.30009	-23.0349
P22G.pdb_A	687	-1.98951	-3.34554	-23.339
W1075T.pdb_C	693	-2.46588	-4.25765	-5.47048
F63I.pdb_A	700	-2.48074	-3.32143	-24.5593
V1086M.pdb_C	709	-2.27233	-4.10875	-8.55116
L105T.pdb_A	716	-2.27821	-3.0914	-24.3667
T1041G.pdb_C	721	-2.56486	-4.02816	-8.20545
G1038D.pdb_C	730	-2.56476	-4.01276	-8.02337
W1055F.pdb_C	747	-1.56657	-3.21556	-8.05795
S14G.pdb_A	754	-1.56107	-2.87854	-23.9418
A30L.pdb_A	761	-0.582981	-1.05552	-25.7356
S49T.pdb_A	769	-0.960238	-1.68887	-23.4312
A1084E.pdb_C	775	-1.71605	-3.64858	-8.60153
K18G.pdb_A	781	-1.56522	-2.00456	-24.3646
E35C.pdb_A	788	-1.68041	-2.16635	-23.3748
P70F.pdb_A	810	-1.58933	-2.29936	-24.4409
E1084C.pdb_C	821	-0.934871	-2.5679	-7.18055
F1092H.pdb_C	835	0.446286	-0.936932	-6.99374
C126F.pdb_A	873	2.28134	-1.93016	-25.7109
G47A.pdb_A	882	2.41732	-1.76005	-23.9639
A78V.pdb_A	892	2.73343	-0.74092	-24.7445
D115G.pdb_A	900	2.78843	-0.972229	-23.7028
D3E.pdb_A	911	2.80345	-0.97607	-23.6088
L9I.pdb_A	934	2.77514	-0.85766	-23.9162
L30S.pdb_A	941	2.7787	-0.791099	-24.2053
S127G.pdb_A	963	3.28679	-0.0785176	-23.2122
L149K.pdb_A	976	4.02253	1.02131	-24.2228
R1060V.pdb_C	993	4.30533	0.477265	-6.30103
