name	count	evolved_interaction	ancestral_interaction	stability
Q39P.pdb_A	1	-10.4945	-10.5172	-25.9063
Q1056G.pdb_C	9	-9.39649	-9.38996	-6.71193
N1032A.pdb_C	15	-9.44798	-9.34427	-6.14571
L149Y.pdb_A	27	-9.45141	-10.488	-25.0999
L1066H.pdb_C	39	-5.33799	-8.08871	-7.38148
Y144L.pdb_A	46	-4.56127	-6.13532	-26.056
G1056N.pdb_C	52	-4.51144	-7.31069	-7.63486
F1026I.pdb_C	59	-4.52493	-7.33086	-8.5665
V44W.pdb_A	67	-4.56043	-7.2257	-27.5902
T1043D.pdb_C	73	-4.61987	-6.95666	-8.7391
R1046T.pdb_C	82	-4.66624	-6.95488	-7.93482
Y87K.pdb_A	89	-4.6645	-7.28799	-25.0816
A1051H.pdb_C	95	-3.75869	-7.18317	-9.03411
K1027C.pdb_C	101	-3.28145	-7.12137	-7.96854
L102F.pdb_A	110	-0.188076	-3.12599	-25.2863
E1094K.pdb_C	120	-0.142517	-7.15522	-9.45137
E1090S.pdb_C	126	1.0558	-5.64638	-8.39158
P106R.pdb_A	134	1.02406	-1.14521	-24.7804
K87I.pdb_A	144	1.59615	-1.16157	-23.885
E11A.pdb_A	149	3.77703	0.498212	-25.2264
R104C.pdb_A	159	3.44631	0.588497	-24.0251
T74Y.pdb_A	165	3.96773	0.249453	-24.8083
G29A.pdb_A	176	3.88994	0.23579	-24.4479
T95F.pdb_A	182	4.11457	1.04788	-27.7621
Y82W.pdb_A	188	4.11575	0.652698	-25.535
M1056K.pdb_C	196	4.12694	-4.3218	-9.06684
L97C.pdb_A	202	4.11069	0.385608	-24.6106
E1079S.pdb_C	207	3.21526	-6.09211	-6.97168
A29S.pdb_A	214	3.30778	0.482162	-25.875
K18Q.pdb_A	220	3.85157	1.49833	-27.1774
A1074D.pdb_C	229	3.96162	-5.15146	-8.25702
L1045I.pdb_C	235	3.95584	-5.15061	-5.99157
S101Y.pdb_A	248	3.47487	1.44758	-24.3555
T108W.pdb_A	262	5.56218	3.49621	-24.2759
H125S.pdb_A	271	5.56234	3.54178	-23.3763
E63K.pdb_A	281	4.56339	3.54878	-24.205
R147I.pdb_A	292	5.20894	4.34552	-24.8218
E143K.pdb_A	301	5.20522	4.49396	-22.9647
F1037L.pdb_C	312	6.32212	-5.40188	-5.80488
D1043V.pdb_C	322	5.99482	-5.79415	-10.0398
E1050I.pdb_C	333	5.91764	-4.52889	-6.59993
M1032F.pdb_C	340	5.91856	-4.47709	-5.71763
R143M.pdb_A	346	4.64116	4.49113	-24.0298
K63W.pdb_A	352	4.63369	4.49546	-24.817
I1064L.pdb_C	358	4.68432	-5.36216	-6.50591
L1028I.pdb_C	372	4.5447	-3.78704	-6.13381
N1080L.pdb_C	378	3.71903	-3.65575	-6.29147
H1086C.pdb_C	396	3.6096	-3.92228	-6.03284
K146Y.pdb_A	405	3.66304	4.10384	-24.593
G25T.pdb_A	413	3.79391	4.32936	-23.3975
R135K.pdb_A	425	3.87363	4.33456	-25.2044
T61K.pdb_A	431	3.86305	4.34099	-26.6301
N20L.pdb_A	438	3.80987	4.86231	-25.7459
T25N.pdb_A	451	4.12641	5.34638	-23.7348
V99W.pdb_A	464	4.10447	5.33648	-25.1852
H1051D.pdb_C	473	4.12158	-1.96894	-6.34066
D1068M.pdb_C	481	2.17851	-0.890712	-7.01195
N1070W.pdb_C	489	0.265278	-0.867302	-7.2281
D100K.pdb_A	498	0.154315	3.44229	-24.5349
V94D.pdb_A	506	0.263219	3.43524	-24.0766
S125T.pdb_A	522	-1.6326	1.44019	-24.6154
E1034W.pdb_C	530	-1.39752	-1.71571	-6.49025
V1084F.pdb_C	539	-1.12143	-1.80167	-7.14084
Q149C.pdb_A	546	-0.960782	1.70717	-25.1904
R1043C.pdb_C	555	-1.37421	-2.47683	-7.5444
S70R.pdb_A	568	-1.36653	1.62375	-24.0217
C127Y.pdb_A	582	-1.36659	1.62375	-23.7371
L1037T.pdb_C	592	-1.21463	-2.21154	-8.56963
K48T.pdb_A	605	-1.13012	1.82939	-24.5823
Q111T.pdb_A	614	-1.12979	1.78732	-23.8153
D139Q.pdb_A	623	-1.08409	2.08174	-26.8705
N124A.pdb_A	628	-1.16173	1.97834	-25.262
S136K.pdb_A	640	-1.17818	1.92777	-26.4834
L38V.pdb_A	645	-0.400961	2.3866	-25.7574
D1051C.pdb_C	658	-0.503376	-1.43856	-6.60836
A91Q.pdb_A	670	-0.487544	3.14933	-25.2828
T48V.pdb_A	679	-0.487786	3.226	-24.2414
A1059Q.pdb_C	688	-1.06059	-2.64702	-7.60645
V18T.pdb_A	699	-1.13503	3.10483	-24.9168
L1063K.pdb_C	708	-1.03063	-2.42735	-6.29152
K1092V.pdb_C	716	-0.253077	-2.04994	-6.3536
A51L.pdb_A	732	-0.263448	3.01115	-26.1441
Y146Q.pdb_A	739	-0.263447	3.05611	-25.5071
L19R.pdb_A	756	-0.587497	2.7817	-27.5218
H1032S.pdb_C	761	-0.582946	-1.95299	-6.97865
F1039A.pdb_C	768	-0.485883	-1.22238	-5.73525
W1070V.pdb_C	781	-0.470353	-1.21944	-5.5058
C150P.pdb_A	796	-0.462582	2.69817	-24.1658
E37N.pdb_A	803	-0.41801	2.69498	-24.9326
F144M.pdb_A	812	-0.386355	2.69631	-24.1193
Y97M.pdb_A	827	-0.185988	2.71409	-28.6427
D1054S.pdb_C	832	-0.269314	-0.954927	-6.17557
E6H.pdb_A	842	-0.298748	2.47414	-23.7814
E79Y.pdb_A	853	-0.313326	2.47632	-24.2305
V93L.pdb_A	859	-0.25287	2.50181	-26.7004
Q124R.pdb_A	865	-0.293974	2.51248	-23.8294
K1063C.pdb_C	873	-0.23813	0.316674	-6.28827
A117L.pdb_A	878	0.00557175	2.66872	-28.7873
H1061T.pdb_C	883	0.0214309	1.98135	-5.86589
C94M.pdb_A	890	0.0302192	2.10375	-27.473
K100Y.pdb_A	897	0.358978	2.11217	-27.7799
D118A.pdb_A	911	1.0885	3.12909	-24.5726
P28M.pdb_A	923	1.09486	3.29697	-23.5878
Y87D.pdb_A	936	1.29413	3.31905	-25.0013
S1039A.pdb_C	946	2.46457	2.0089	-5.82288
N1070E.pdb_C	952	2.43735	1.02538	-6.33149
L93A.pdb_A	962	2.46229	3.06458	-23.8109
F64M.pdb_A	967	1.7804	2.40161	-24.5684
S50Q.pdb_A	974	1.81669	1.44982	-23.6577
Q154N.pdb_A	984	2.53406	1.37698	-22.9483
Y15K.pdb_A	997	2.45835	1.59339	-24.8734
