name	count	evolved_interaction	ancestral_interaction	stability
A142K.pdb_A	1	-10.4946	-10.5196	-25.9899
A79L.pdb_A	10	-10.3168	-10.4025	-24.2429
R1064S.pdb_C	22	-9.98522	-10.2356	-8.25794
S1064R.pdb_C	29	-10.4176	-10.5316	-6.01048
Q117G.pdb_A	40	-8.75652	-10.0887	-24.7214
K18V.pdb_A	53	-8.47138	-9.50192	-23.0222
P128R.pdb_A	61	-6.86185	-8.57567	-22.6658
M36L.pdb_A	73	-6.76617	-8.47349	-24.3393
D33G.pdb_A	81	-6.93984	-8.70912	-22.5804
E1059P.pdb_C	88	-5.6932	-6.65562	-7.01547
I107F.pdb_A	99	-5.29689	-4.14781	-27.2735
A133T.pdb_A	113	-5.22421	-4.09024	-25.4914
K1038W.pdb_C	125	-5.24013	-6.64222	-5.47554
Y87R.pdb_A	133	-5.24302	-4.05489	-25.4713
V57I.pdb_A	139	-5.20854	-3.89583	-29.8749
P65F.pdb_A	146	-8.13914	-3.88766	-30.2513
R1055K.pdb_C	153	-8.50701	-9.77382	-8.86057
I96N.pdb_A	158	-8.50732	-3.53795	-25.2768
Y58F.pdb_A	166	-8.07672	-3.61787	-25.71
A129F.pdb_A	182	-5.60745	-3.87501	-23.7709
Q1095G.pdb_C	190	-5.69103	-8.74043	-9.36082
R1087I.pdb_C	203	-5.60116	-12.9102	-9.51738
T133V.pdb_A	211	-5.05756	-0.79532	-26.583
T91Q.pdb_A	221	-5.15546	-0.687478	-24.4277
Y32G.pdb_A	227	-4.57087	-2.89583	-23.483
M110Y.pdb_A	233	-4.62877	-3.26226	-23.2065
Y144F.pdb_A	239	-4.63009	-2.77478	-27.0244
I1039L.pdb_C	246	-3.83013	-11.8817	-6.48675
I121Y.pdb_A	254	-2.42883	-2.8265	-25.7635
D1075F.pdb_C	260	-2.45072	-10.1408	-9.81201
W53K.pdb_A	267	-2.4083	-2.71896	-22.7824
E1079H.pdb_C	274	-3.03923	-9.90153	-8.08252
K1027D.pdb_C	285	-2.84565	-7.1485	-8.6943
K1040S.pdb_C	294	-2.6174	-6.20745	-7.99493
I1087E.pdb_C	299	-2.20739	-3.64961	-9.40943
G23M.pdb_A	308	-4.1836	-5.16017	-24.0983
E143P.pdb_A	320	-4.24667	-5.16038	-24.5346
Q40A.pdb_A	326	-3.5002	-4.85066	-26.7082
I1055K.pdb_C	333	-3.50586	-2.59955	-7.55469
L1037Y.pdb_C	339	-3.31978	-2.62202	-6.44586
K1054R.pdb_C	349	-3.03095	-2.62133	-6.27237
V81Y.pdb_A	359	-3.55039	-5.02597	-28.2609
K71L.pdb_A	373	-3.31551	-5.02433	-25.2598
D122V.pdb_A	394	-3.31603	-5.02113	-25.5911
P38Y.pdb_A	406	-3.96773	-5.11415	-26.1015
N23W.pdb_A	411	-3.28855	-4.07699	-26.3732
S1032F.pdb_C	421	-2.55664	-2.74016	-7.04482
D1030A.pdb_C	431	0.018029	-3.21573	-6.97161
H20E.pdb_A	439	3.94926	3.3241	-24.258
L1039E.pdb_C	449	3.85211	-3.80565	-5.37461
V1076L.pdb_C	460	4.53458	-3.80218	-7.64089
M78A.pdb_A	466	3.8967	3.86979	-25.049
K106P.pdb_A	472	3.8769	3.85818	-23.8509
F91I.pdb_A	485	3.6866	3.84768	-25.5315
A1090Q.pdb_C	491	4.1812	-4.18801	-10.2974
W100Y.pdb_A	497	5.3404	3.54391	-24.513
K110E.pdb_A	507	5.70918	3.36801	-25.4059
G17K.pdb_A	525	4.64876	2.40621	-25.7652
T25M.pdb_A	535	5.50659	1.95168	-26.9891
D1027S.pdb_C	542	4.78967	-0.137077	-6.57731
F135I.pdb_A	553	4.74976	1.85262	-24.3432
R1063H.pdb_C	560	4.64368	16.9942	-6.20711
I18W.pdb_A	565	4.95547	2.4749	-25.8916
G32L.pdb_A	584	6.08747	3.48297	-23.765
V151M.pdb_A	597	5.69716	3.44495	-24.8612
L1051G.pdb_C	607	4.89343	15.4253	-7.02787
I65H.pdb_A	623	4.15165	3.45635	-23.6429
A133L.pdb_A	639	4.26879	4.66019	-23.9929
P106F.pdb_A	657	4.32138	4.71316	-25.1202
S35N.pdb_A	668	4.32412	4.50537	-24.1428
R1043S.pdb_C	678	4.72609	-0.175545	-8.62833
R1093I.pdb_C	684	4.6809	0.0609473	-10.983
S4Q.pdb_A	698	4.65847	3.40146	-24.7968
K1044I.pdb_C	703	4.32907	-1.208	-7.54513
S156N.pdb_A	713	4.37229	3.74136	-24.5697
M70T.pdb_A	725	1.98049	3.25935	-24.3174
P43A.pdb_A	731	2.7257	3.05846	-27.3134
R1047D.pdb_C	737	3.02977	0.135799	-8.40645
G1051R.pdb_C	752	3.0991	15.6112	-7.53499
I98V.pdb_A	760	3.13754	4.03163	-23.9724
K14A.pdb_A	767	3.08549	4.60695	-23.093
S1059T.pdb_C	773	3.09393	-0.171289	-6.7518
H49D.pdb_A	784	2.91197	4.62938	-23.4749
H128W.pdb_A	789	3.39451	4.84055	-23.0022
Y61W.pdb_A	800	2.95269	4.25503	-23.1402
P129Q.pdb_A	808	2.94421	4.25598	-23.4278
V98Y.pdb_A	815	3.02971	4.8651	-22.3588
T70E.pdb_A	827	2.85286	3.47696	-23.7796
L1029M.pdb_C	842	2.44943	-3.72922	-9.32401
L1074T.pdb_C	848	2.42176	-3.87467	-7.15163
E1036I.pdb_C	860	2.36076	-1.36905	-8.62407
D10E.pdb_A	870	1.11944	4.78316	-22.9688
Y98F.pdb_A	876	1.25788	4.63104	-27.0375
M1071L.pdb_C	883	1.23712	0.0197542	-5.91597
N35T.pdb_A	911	1.9369	4.83339	-23.7689
I1093W.pdb_C	921	2.03976	0.0963126	-6.25642
Y16F.pdb_A	940	1.36403	3.08229	-25.4247
A14T.pdb_A	947	1.3059	3.02281	-24.1775
K146R.pdb_A	956	1.43561	3.01486	-25.4589
F36R.pdb_A	966	1.08561	2.54473	-24.8197
T1074Q.pdb_C	977	1.07696	0.0789898	-6.34425
T138H.pdb_A	985	1.02852	2.14898	-24.7685
Y82F.pdb_A	998	0.607639	2.03436	-24.3402
