name	count	evolved_interaction	ancestral_interaction	stability
S1032L.pdb_C	1	-10.5183	-10.3854	-8.29728
D1087P.pdb_C	7	-8.60497	-8.69615	-9.26417
I96V.pdb_A	13	-8.82179	-10.3355	-25.0387
N98R.pdb_A	23	-8.98629	-10.5421	-25.4946
R1093M.pdb_C	28	-9.4817	-8.44972	-9.31848
R8W.pdb_A	36	-9.4223	-10.5212	-24.7822
R1071H.pdb_C	45	-8.9971	-8.33065	-9.249
K1027N.pdb_C	55	-8.36506	-7.40127	-9.40763
K48C.pdb_A	63	-8.36499	-9.9285	-24.5091
F1037L.pdb_C	72	-4.41709	-5.08801	-8.76153
L1066F.pdb_C	78	-5.87454	-4.92231	-8.07097
R35E.pdb_A	87	-4.97395	-9.78153	-24.8807
S156K.pdb_A	94	-3.00435	-6.60851	-25.6356
S136K.pdb_A	101	-3.18419	-6.62049	-24.4462
W59E.pdb_A	108	-4.74661	-7.58011	-25.3812
Y1052K.pdb_C	119	-1.78845	-2.75712	-6.99924
Q39G.pdb_A	131	-2.16406	-3.22116	-25.3578
P1087M.pdb_C	138	-2.19448	-5.1164	-7.58463
A152G.pdb_A	143	-1.98547	-2.11479	-23.8866
N140W.pdb_A	150	-1.36363	-2.29006	-24.08
V71I.pdb_A	157	-1.10017	-1.90027	-25.4237
Y48H.pdb_A	164	-1.14245	-1.95528	-25.4655
C119W.pdb_A	173	-0.270552	-2.04384	-26.4828
M1087K.pdb_C	182	-0.122859	-2.82654	-6.17225
Q1023F.pdb_C	190	-0.120382	-2.79323	-5.28939
N52K.pdb_A	205	-0.161737	-1.56348	-26.0625
L48D.pdb_A	214	-1.25568	-1.97166	-23.0267
E63Q.pdb_A	222	-1.5243	-1.97552	-24.4036
F1040N.pdb_C	240	-1.53664	-3.85096	-6.02755
S1029Y.pdb_C	254	-3.61982	-2.10095	-6.76071
L1032M.pdb_C	267	-3.53962	-1.72187	-6.10804
P1061A.pdb_C	277	-3.45812	-1.7284	-5.62685
A1033T.pdb_C	288	-3.39653	-1.84625	-7.09521
C64P.pdb_A	295	-2.50442	1.19728	-25.83
W42K.pdb_A	303	-2.81501	0.314177	-27.446
P1090S.pdb_C	309	-3.15392	-2.46582	-11.0982
E131Q.pdb_A	314	-2.81384	-1.55185	-25.3238
C93H.pdb_A	323	-2.81519	-1.51781	-26.137
F89A.pdb_A	329	-2.70176	0.735121	-26.854
P78F.pdb_A	334	-2.98827	0.930829	-23.98
W44F.pdb_A	343	-3.21251	1.2853	-24.2753
I100S.pdb_A	358	-4.4755	-0.827197	-24.3487
F1064L.pdb_C	363	-3.55049	-2.73344	-6.53938
R1074W.pdb_C	374	-3.35241	-1.99108	-5.64874
E11A.pdb_A	385	-3.39373	-2.22167	-24.1882
A89Y.pdb_A	394	-3.39959	-2.22236	-24.3973
T1033W.pdb_C	400	-2.76363	-1.02225	-10.0098
Q154S.pdb_A	411	-2.79977	-3.70196	-23.3003
V1093S.pdb_C	418	-2.35435	-0.961413	-7.53442
R1071Q.pdb_C	431	-1.50502	-0.420457	-8.15666
F1023V.pdb_C	437	-1.60439	-0.454538	-7.64892
P105A.pdb_A	446	-1.6053	-1.54118	-23.5616
V36L.pdb_A	463	-1.53955	0.0480034	-23.5563
G27H.pdb_A	475	-3.44112	-0.301806	-24.1831
I1035F.pdb_C	481	-3.49707	-0.497014	-8.76788
Y87L.pdb_A	492	-4.13522	-0.424206	-25.2041
Y1034K.pdb_C	502	-4.17748	-0.0154275	-8.49243
G78V.pdb_A	509	-1.70103	-0.15007	-24.3862
E121H.pdb_A	530	-1.92587	-1.29539	-24.8533
Y136M.pdb_A	538	-1.92181	-0.860905	-23.5512
F42M.pdb_A	546	-1.91601	-0.560182	-23.1042
E12M.pdb_A	560	-1.95951	-0.20481	-25.0948
I1032K.pdb_C	574	-2.49977	0.249071	-8.28352
Y1036A.pdb_C	582	-2.60516	0.768659	-7.56576
Y1075W.pdb_C	715	-3.27599	-0.262013	-9.46543
K1056Q.pdb_C	726	-3.24695	2.01283	-10.1897
K79M.pdb_A	736	-3.24779	-2.90148	-22.8353
T1077K.pdb_C	746	-2.23472	0.511477	-10.043
K141E.pdb_A	755	-2.52317	-3.61513	-22.738
S1027G.pdb_C	763	-3.17713	-0.296951	-7.43377
P33I.pdb_A	773	-1.79459	-2.18923	-25.1489
F57A.pdb_A	778	-2.57248	-1.90504	-25.2569
V1084Q.pdb_C	790	-3.01922	-1.34019	-8.0987
K1093Y.pdb_C	801	-3.06069	-1.16374	-7.96325
L1071K.pdb_C	811	-2.27742	-0.299479	-6.76794
Y89F.pdb_A	821	-2.10748	-1.11123	-23.6044
A105L.pdb_A	840	-2.11426	-1.10883	-25.2468
L30M.pdb_A	855	-1.44964	-0.142506	-23.36
Q1055T.pdb_C	866	-0.66195	-1.90616	-7.96981
N23V.pdb_A	871	-0.975927	-0.835983	-23.5623
H27N.pdb_A	884	-0.690925	0.00108263	-23.7946
Q91S.pdb_A	894	-0.69073	-0.0244843	-23.9587
V62M.pdb_A	907	-0.698695	-0.0178157	-24.8375
I32K.pdb_A	912	-0.699003	0.10096	-24.7501
Q1056L.pdb_C	925	-0.744832	-2.11342	-5.83851
M1094Y.pdb_C	947	-0.711601	-2.24172	-6.6339
N151R.pdb_A	969	-1.45077	0.227259	-24.3035
I1045V.pdb_C	982	-0.782854	5.24569	-6.50441
V78M.pdb_A	992	-0.99131	0.251882	-26.7638
H1030Q.pdb_C	1000	-1.02537	4.87949	-7.26674
