name	count	evolved_interaction	ancestral_interaction	stability
A1051G.pdb_C	1	-10.4946	-10.3781	-7.86624
Q1056L.pdb_C	7	-9.00398	-9.25756	-6.70981
K71S.pdb_A	12	-9.30639	-10.0123	-26.7396
K146N.pdb_A	18	-9.07541	-9.81256	-24.5808
K15F.pdb_A	31	-9.22642	-9.76408	-24.5212
K31A.pdb_A	45	-8.37072	-9.25571	-26.2536
A1074W.pdb_C	53	-7.93834	-9.24563	-6.98977
D145K.pdb_A	61	-6.65614	-9.06784	-24.4519
F102K.pdb_A	74	-6.63186	-8.81724	-25.0231
K1038E.pdb_C	80	-6.25832	-7.10325	-6.46501
R17V.pdb_A	90	-3.57266	-5.1611	-24.6823
Y70L.pdb_A	99	-3.8698	-5.30976	-24.0099
W53F.pdb_A	108	-4.07092	-5.47236	-24.4613
N98F.pdb_A	117	-3.37704	-5.19881	-30.0359
P21N.pdb_A	124	-3.33548	-5.10113	-24.6012
I1045F.pdb_C	130	-2.92092	-8.13156	-7.80217
D121W.pdb_A	137	-3.12603	-5.09775	-25.9599
E1094D.pdb_C	143	-3.02699	-7.91608	-6.88066
F140W.pdb_A	149	-3.02929	-5.44304	-24.3399
M1049L.pdb_C	155	-3.27446	-6.91469	-7.71459
S150Q.pdb_A	163	-4.16	-5.53858	-25.6158
C118N.pdb_A	171	-4.55716	-5.41822	-24.6777
Q1082R.pdb_C	181	-4.16005	-6.51871	-6.39577
K1040N.pdb_C	193	-4.67067	-6.68802	-7.70725
P123I.pdb_A	206	-4.54793	-4.93106	-23.435
E1034Q.pdb_C	222	-4.61715	-6.70581	-7.00667
K21P.pdb_A	241	-4.49358	-5.0856	-26.2089
S24A.pdb_A	252	-4.70273	-5.05682	-23.7061
E99C.pdb_A	257	-4.48467	-4.79877	-24.5878
F137A.pdb_A	267	-5.01436	-4.33824	-26.041
W71Q.pdb_A	275	-5.70443	-7.2238	-23.3928
S3M.pdb_A	283	-5.70339	-5.50424	-24.2222
R1071C.pdb_C	291	-5.65541	-6.42493	-9.87893
T1025K.pdb_C	301	-5.68953	-6.63664	-9.98453
Y1042R.pdb_C	311	-5.57139	-6.55495	-6.61319
R13E.pdb_A	320	-2.83066	-1.94849	-23.7888
E1041C.pdb_C	329	-2.52047	-6.49676	-6.27185
S1033L.pdb_C	344	-2.46363	-6.50835	-7.36022
E12L.pdb_A	354	-2.43641	-1.10542	-25.3667
A133P.pdb_A	360	-2.05644	-1.08465	-24.2327
E67W.pdb_A	367	-1.92672	-1.08495	-23.9187
V57C.pdb_A	379	-2.23753	-1.35525	-25.1503
S61A.pdb_A	385	-2.10032	-1.33408	-24.5211
L12M.pdb_A	393	-2.23204	-1.33884	-27.2181
K145M.pdb_A	406	-2.23207	-1.34359	-26.0528
N118L.pdb_A	415	-2.28591	-1.42018	-26.6878
C5A.pdb_A	425	-2.45959	-1.51389	-24.4038
W67V.pdb_A	432	-2.46502	-1.49118	-25.7259
D66R.pdb_A	444	-2.43669	-1.90225	-24.1072
W121F.pdb_A	455	-2.43	-1.88437	-25.0325
M1040H.pdb_C	462	-3.02461	-6.33436	-6.33057
R1055Q.pdb_C	470	-2.97412	-6.32585	-6.64216
G1057Q.pdb_C	479	-2.98003	-6.33292	-7.05244
A31C.pdb_A	488	-3.45376	-1.63995	-24.3083
L1081R.pdb_C	496	-3.34517	-5.76673	-6.86743
G152S.pdb_A	505	-2.70214	-2.51767	-26.2871
T70M.pdb_A	514	-2.70912	-3.14391	-25.3402
D1087M.pdb_C	522	-2.80144	-3.43646	-5.9922
F1075W.pdb_C	539	-2.93007	-3.08072	-6.31349
V1084S.pdb_C	551	-2.93485	-3.35751	-6.22438
C57D.pdb_A	560	-3.52367	-1.68933	-25.2142
A129N.pdb_A	572	-3.53799	-1.64479	-24.4435
I1070M.pdb_C	586	-4.2467	-3.3611	-7.99042
S1084E.pdb_C	592	-3.4382	-5.28276	-7.90784
R1092G.pdb_C	605	-2.14137	-4.26997	-8.16037
V88S.pdb_A	617	-2.02121	-3.25806	-23.951
R118W.pdb_A	626	-2.26676	-3.11758	-24.2422
C1030W.pdb_C	640	-1.72083	-2.76074	-7.83513
W29Q.pdb_A	649	-1.60123	-4.53325	-24.1533
R150Y.pdb_A	660	-1.48353	-4.64596	-23.6931
H153R.pdb_A	668	-1.41461	-4.58501	-25.8089
H1040Q.pdb_C	694	-1.71166	-3.16922	-6.32625
S156A.pdb_A	709	-2.11593	-4.27908	-23.5051
F1071N.pdb_C	724	-2.28537	-3.27522	-6.20809
K1092Y.pdb_C	731	-3.28405	-3.98359	-5.61013
L38M.pdb_A	742	-3.3377	-3.33627	-27.1237
F1074S.pdb_C	752	-3.35691	-3.98065	-6.1885
H1057G.pdb_C	763	-3.35706	-3.98065	-7.86234
P105L.pdb_A	768	-3.36789	-3.31864	-25.8646
L5I.pdb_A	777	-4.15025	-4.45688	-26.2331
N1050W.pdb_C	788	-4.07869	-3.00488	-7.09221
Q1040I.pdb_C	799	-4.30275	-3.93847	-5.94139
Y1085R.pdb_C	810	-3.97044	-4.60652	-6.52038
Q1079K.pdb_C	819	-4.36287	-1.943	-9.87431
D29C.pdb_A	832	-4.29305	-5.64656	-24.5892
P150M.pdb_A	848	-4.46563	-5.18084	-26.6499
R1085N.pdb_C	854	-4.49114	-3.04669	-9.24838
Y1075G.pdb_C	865	-4.38704	-1.74224	-7.51706
A1067F.pdb_C	876	-4.53523	-2.37522	-6.38781
T51H.pdb_A	888	-4.51202	-4.9759	-24.9543
G135T.pdb_A	896	-4.47245	-4.97676	-27.5445
R1095E.pdb_C	902	-1.55364	-1.3644	-8.28388
Y42F.pdb_A	916	-1.62456	-1.40147	-25.94
A1023F.pdb_C	925	-4.10766	1.42997	-4.00703
I5A.pdb_A	938	-4.16715	-1.42026	-24.9813
S1033K.pdb_C	948	-4.31615	2.85747	-9.02302
I48H.pdb_A	961	-4.38528	-1.21773	-25.6454
C29Y.pdb_A	969	-4.48733	-1.25557	-24.3143
M1059N.pdb_C	986	-4.50305	2.14959	-6.04556
G1075S.pdb_C	996	-4.0603	-1.61	-3.76429
