name	count	evolved_interaction	ancestral_interaction	stability
K146Q.pdb_A	3	-10.4944	-10.5195	-26.2934
R1047A.pdb_C	11	-3.8004	-10.4245	-9.55984
L1063A.pdb_C	17	-3.1069	-9.87395	-6.00686
E1050L.pdb_C	34	-3.16718	-9.87392	-6.91743
F1036W.pdb_C	45	-3.3349	-9.93117	-7.05664
K1038R.pdb_C	54	-2.60068	-9.15323	-8.01795
A1091Y.pdb_C	67	-0.611871	-7.19701	-7.38082
R17E.pdb_A	72	1.51363	-0.0502514	-25.4294
P78F.pdb_A	83	1.31667	-0.158479	-24.2575
L94V.pdb_A	90	1.30082	-0.314347	-26.5251
K18M.pdb_A	99	3.56371	3.05854	-24.9179
D100R.pdb_A	108	3.35869	3.10756	-25.166
D1030L.pdb_C	125	3.45545	-8.15173	-9.52994
E1059L.pdb_C	141	3.7652	-7.94506	-6.02901
L62K.pdb_A	155	3.73164	3.22673	-24.2969
I1088M.pdb_C	168	1.58398	-7.40774	-8.5822
V116I.pdb_A	177	-0.263902	0.210278	-25.2415
V76K.pdb_A	186	-0.27454	0.21634	-25.5156
R114F.pdb_A	193	-0.330772	0.530024	-24.0957
Y1056C.pdb_C	200	-0.339207	-7.61289	-8.2648
G1063A.pdb_C	209	-0.280148	-7.52894	-8.35958
M1049E.pdb_C	220	-0.387897	-7.7753	-6.41907
N124K.pdb_A	229	-0.375512	0.629957	-24.213
M1077I.pdb_C	240	-4.90652	-7.88016	-6.04865
E99M.pdb_A	250	-4.90527	-3.76634	-25.9145
I45N.pdb_A	259	-4.90048	-3.96097	-24.0778
F114L.pdb_A	283	-4.4191	-3.95405	-24.8518
K1060A.pdb_C	294	-4.41206	-7.9141	-7.17337
N98T.pdb_A	301	-4.39989	-3.75135	-24.705
R20Q.pdb_A	310	-1.39253	-1.42945	-24.5814
E1090D.pdb_C	316	-1.97937	-8.06431	-6.19017
V86A.pdb_A	323	-2.02426	-1.41718	-24.3468
E131N.pdb_A	335	-2.06008	-1.48581	-24.4294
T1043W.pdb_C	342	-1.90384	-8.17803	-7.34545
Y82L.pdb_A	349	-1.88603	-1.27548	-24.7177
L3S.pdb_A	362	-1.82295	-1.20777	-24.1148
P1084R.pdb_C	370	-2.20588	-4.1236	-11.5222
G32N.pdb_A	377	-2.32351	-0.972357	-26.2928
T1055Q.pdb_C	386	-2.44585	-4.21315	-6.73585
K1058V.pdb_C	404	-2.4084	-4.21408	-6.87235
E42R.pdb_A	421	-2.38013	-1.50152	-27.0582
Q111L.pdb_A	430	-2.18685	-2.78873	-26.1028
V1058L.pdb_C	439	-2.20506	-4.21545	-8.14216
E1059C.pdb_C	447	-2.31833	-3.91178	-8.25621
K153R.pdb_A	454	-2.71859	-2.70406	-29.8199
C1059I.pdb_C	460	-2.67206	-3.81634	-9.7262
A52L.pdb_A	468	-2.71277	-2.77902	-28.4364
A1040S.pdb_C	473	-2.31389	-3.79869	-8.13368
R106M.pdb_A	478	-2.31348	-0.896406	-25.1529
Q1055F.pdb_C	485	-1.76404	-3.85243	-7.44601
Q48R.pdb_A	495	-1.77588	-1.06545	-26.8288
S138L.pdb_A	502	-1.79534	-0.966957	-26.9196
R48D.pdb_A	509	-2.06777	-1.19772	-24.6335
H1036N.pdb_C	518	-2.26449	-2.99033	-9.28093
Q7K.pdb_A	528	-1.771	-1.12746	-24.9513
W1024I.pdb_C	539	-2.03178	-3.82606	-8.24078
E1085N.pdb_C	550	-1.72906	-3.20293	-8.96449
A147W.pdb_A	560	-1.75669	-1.28757	-24.4661
N45H.pdb_A	572	-1.90576	-1.00655	-23.6646
Q20L.pdb_A	578	-2.22822	-1.39851	-24.7741
N143V.pdb_A	586	-2.22991	-1.80691	-26.4469
N1085V.pdb_C	593	-1.21777	1.09859	-5.83906
T101C.pdb_A	603	-1.05427	1.10052	-25.2848
C1064A.pdb_C	612	-1.06096	-1.42548	-9.07528
M1088H.pdb_C	619	-1.62857	1.97273	-6.58078
K62N.pdb_A	636	-1.6953	1.23268	-24.9312
N62T.pdb_A	648	-0.468534	0.807811	-27.1759
V135N.pdb_A	654	0.412647	1.27246	-24.5144
M1079K.pdb_C	660	0.34484	-0.241717	-7.92456
C1039W.pdb_C	669	0.192115	-0.286799	-9.79883
F1062C.pdb_C	679	0.0731755	-0.297968	-8.58422
F51R.pdb_A	689	0.299511	1.83662	-23.206
I1076R.pdb_C	709	-0.188359	-0.410216	-6.84697
T131H.pdb_A	720	-0.169513	1.69821	-24.1917
R29F.pdb_A	726	-0.0967253	1.73297	-26.8038
D118S.pdb_A	734	-0.177327	1.87377	-26.0504
Y44Q.pdb_A	739	0.584201	2.09941	-25.4748
Q130R.pdb_A	747	0.585288	1.98298	-26.2869
H1025W.pdb_C	759	0.552597	-1.48693	-7.60786
S1034Y.pdb_C	773	0.87297	-0.536338	-6.67254
K7A.pdb_A	792	0.792345	1.91588	-24.2582
S112I.pdb_A	807	0.66938	1.5597	-27.1626
S118K.pdb_A	816	0.852026	1.48126	-29.6386
M115Y.pdb_A	821	0.445583	2.09623	-27.354
K1079S.pdb_C	829	0.135148	1.54576	-6.01773
Q32T.pdb_A	844	0.207763	1.2717	-24.0479
G1077Q.pdb_C	861	0.167629	1.54781	-6.53049
T61G.pdb_A	866	0.0954201	1.1634	-24.6067
C22F.pdb_A	879	-2.09646	-1.57072	-25.3739
M1092T.pdb_C	889	-1.46386	0.191452	-6.04372
Q44F.pdb_A	911	-1.38761	-1.49826	-25.6727
T19I.pdb_A	939	-1.0772	-2.0146	-23.6166
K142Y.pdb_A	946	-1.14785	-2.06274	-25.7901
Y58M.pdb_A	958	-1.15463	-2.06274	-27.3253
Y115Q.pdb_A	968	-1.18992	-1.99848	-23.9004
M36Y.pdb_A	976	0.000584574	-0.507038	-25.3818
Y147W.pdb_A	990	-0.093041	-0.548694	-24.1075
R23L.pdb_A	997	-0.216095	-0.490816	-25.1281
