name	count	evolved_interaction	ancestral_interaction	stability
G55N.pdb_A	2	-10.4897	-10.5147	-22.6782
R17Y.pdb_A	8	-4.74496	-5.14815	-25.749
L6C.pdb_A	13	-4.75522	-5.13047	-25.7686
K15F.pdb_A	18	-5.39852	-5.86343	-25.0119
Y82H.pdb_A	27	-5.15665	-5.27567	-23.9895
L131W.pdb_A	38	-4.5841	-5.35144	-23.9023
D19W.pdb_A	48	-3.99652	-4.63058	-24.343
W19D.pdb_A	59	-4.57097	-5.40245	-25.0384
S70W.pdb_A	69	-4.40236	-5.45245	-25.6076
Y31D.pdb_A	78	-4.17811	-5.63632	-24.7092
Q111E.pdb_A	97	-4.23063	-5.46318	-24.9374
K74L.pdb_A	106	-4.09379	-5.28431	-26.1021
H96E.pdb_A	114	-3.99287	-5.26417	-23.9362
N55K.pdb_A	120	-4.06271	-5.27447	-25.3325
K147G.pdb_A	128	-4.22186	-5.56452	-26.0963
V62I.pdb_A	138	-4.27257	-5.67192	-24.7301
V29G.pdb_A	148	-4.42941	-5.56459	-24.6477
D31L.pdb_A	157	-3.60856	-5.30742	-25.8959
D19N.pdb_A	162	-4.38397	-6.01084	-25.089
T32F.pdb_A	178	-4.4081	-5.9788	-25.2982
E1090A.pdb_C	185	-2.05881	-4.43112	-8.22344
E1050I.pdb_C	193	-1.95284	-4.68079	-8.39857
K1054G.pdb_C	211	-2.10049	-5.136	-6.07004
I146E.pdb_A	222	-2.16286	-5.27053	-24.7593
S89N.pdb_A	234	-2.09048	-5.23429	-25.0599
Y17G.pdb_A	248	-0.937347	-5.33556	-25.054
I131Q.pdb_A	260	-0.936891	-5.4397	-24.8145
H20Y.pdb_A	268	-0.717426	-4.60764	-23.3955
D1085L.pdb_C	275	-0.679868	-4.39279	-6.98288
E146Y.pdb_A	281	-0.825812	-5.00823	-24.4721
F32S.pdb_A	291	-0.732444	-5.12274	-24.9621
V57R.pdb_A	305	0.464141	-4.70791	-24.2405
I1035H.pdb_C	314	0.110567	-5.5979	-6.40832
S1033L.pdb_C	325	-0.160484	-5.86838	-7.50988
T79Q.pdb_A	332	0.0692877	-3.93074	-23.3931
D1082M.pdb_C	341	0.129075	-4.45112	-8.74595
A142V.pdb_A	352	0.131349	-3.92638	-23.2442
V86I.pdb_A	371	0.239406	-2.48053	-24.1176
L31T.pdb_A	377	2.02541	0.368617	-23.9343
V1028N.pdb_C	388	2.63404	-0.0506675	-8.62566
D121W.pdb_A	397	2.48471	0.423495	-26.0695
Q93T.pdb_A	403	2.47587	0.425065	-24.0741
D37F.pdb_A	408	1.97953	0.398411	-24.0694
C5K.pdb_A	425	2.21728	0.435636	-25.4607
M139Q.pdb_A	432	2.41846	0.180126	-25.0871
K40F.pdb_A	444	2.02289	0.220788	-24.5661
K48G.pdb_A	458	2.2762	0.218648	-24.0546
F37R.pdb_A	465	2.21375	0.25836	-24.4538
Y1023E.pdb_C	475	1.84938	-0.517414	-7.94052
N89F.pdb_A	487	1.869	0.182062	-27.4699
R1064L.pdb_C	499	1.57992	-0.436478	-7.00551
E1077I.pdb_C	511	1.57631	-0.500053	-7.12472
I18K.pdb_A	527	0.33651	-2.34549	-25.2442
N66P.pdb_A	537	-0.12473	-2.36027	-26.6059
Y1050C.pdb_C	543	-0.036696	-0.302778	-7.6532
Q1042P.pdb_C	553	-0.0368573	-0.12547	-6.11744
Q17L.pdb_A	562	0.538777	-0.906037	-25.3228
Q1075L.pdb_C	570	0.803671	-0.311853	-6.13188
R155F.pdb_A	580	0.803661	-0.759697	-26.5157
C143N.pdb_A	586	0.80384	-0.759452	-27.1541
F1036W.pdb_C	595	0.857342	-0.113214	-6.41474
Q20M.pdb_A	601	-0.0429078	-2.23689	-30.9739
Q100K.pdb_A	609	-0.656852	-1.33582	-29.3788
L1094Y.pdb_C	615	-0.677842	-2.66329	-6.34522
L1075W.pdb_C	625	-1.07232	0.395283	-6.72241
F120L.pdb_A	633	-1.92895	-1.26669	-24.6417
K74R.pdb_A	650	-1.99244	-1.14754	-24.8448
T1073S.pdb_C	657	-1.99113	-0.110782	-6.33807
R52G.pdb_A	664	-1.7221	-0.975732	-24.3482
S91F.pdb_A	672	-1.68776	-1.23557	-25.666
N26G.pdb_A	683	-1.73697	-1.0469	-24.775
E82D.pdb_A	690	-1.74725	-1.02027	-24.5698
I1091R.pdb_C	702	-1.65143	-0.0824142	-6.73604
F1052Y.pdb_C	712	-1.66498	-0.135955	-6.12606
C1050Y.pdb_C	721	-0.93669	-0.200196	-8.34439
Q14F.pdb_A	735	-0.946914	-0.0515322	-24.4535
K122Q.pdb_A	741	-1.11996	-0.0436202	-24.1527
K30A.pdb_A	755	-1.18184	0.0379488	-25.559
G44Q.pdb_A	760	-0.65458	-0.0714298	-25.1028
Q122T.pdb_A	772	-1.6407	-0.359013	-26.815
S1073K.pdb_C	780	-1.58552	0.237135	-7.21342
E1034A.pdb_C	789	-1.11262	0.086126	-7.01233
Y36E.pdb_A	799	-1.34728	0.154033	-24.2502
A106E.pdb_A	807	-1.40226	0.146195	-25.4634
R1057C.pdb_C	816	-1.54836	-4.65255	-7.15803
I1071K.pdb_C	824	-1.10023	-4.12057	-6.75634
W32M.pdb_A	831	-1.03153	0.232344	-26.4094
C102G.pdb_A	840	-1.03867	0.204051	-25.6884
V12M.pdb_A	847	-1.05411	0.203231	-27.8104
V1055D.pdb_C	854	-0.994595	-0.805214	-7.62665
R1036M.pdb_C	859	-0.965398	-0.667148	-7.4064
L97M.pdb_A	870	-0.965609	0.197249	-24.5272
Y1050W.pdb_C	880	-2.2598	-3.28202	-6.2786
W1093C.pdb_C	892	-2.38387	-3.31811	-6.54201
W94K.pdb_A	903	-2.37176	-0.5252	-24.7018
L1081A.pdb_C	916	-2.3711	-3.0871	-6.95545
A30W.pdb_A	926	-2.34448	-0.424471	-24.3053
L1090A.pdb_C	947	-0.821345	-1.63436	-6.47362
R8F.pdb_A	953	-0.831983	-0.421139	-24.1928
M1060D.pdb_C	964	-0.829412	-1.53986	-6.96951
L1024I.pdb_C	975	-0.830226	-1.01968	-6.73072
I131A.pdb_A	982	-0.43875	-0.55537	-26.2581
Q1076M.pdb_C	989	-0.441883	-1.64831	-8.62638
A127K.pdb_A	995	-0.483059	-0.454127	-25.3804
