name	count	evolved_interaction	ancestral_interaction	stability
A142P.pdb_A	1	-10.4946	-10.5196	-29.1776
Y1050T.pdb_C	7	-10.468	-10.3369	-9.01331
P78G.pdb_A	13	-9.14369	-10.1511	-26.6333
S35K.pdb_A	23	-9.13279	-10.1713	-25.6347
P59A.pdb_A	28	-6.9611	-9.88324	-24.1677
D1082K.pdb_C	40	-6.64975	-5.79604	-7.73844
Q1076H.pdb_C	54	-6.61392	-5.76652	-6.57419
N126H.pdb_A	59	-5.39312	-9.79059	-25.3962
Q1068G.pdb_C	72	-5.24879	-5.01623	-7.54675
A1091G.pdb_C	78	-5.3099	-5.03771	-6.50338
T109W.pdb_A	84	-4.99943	-9.04289	-24.2503
T1042S.pdb_C	93	-5.31812	-3.43317	-6.32531
F32L.pdb_A	103	-4.25137	-6.63669	-23.8618
F22A.pdb_A	114	-1.75918	-3.87458	-24.9241
K141T.pdb_A	121	-0.611553	-3.87426	-24.7818
T1050E.pdb_C	130	-0.565459	-2.62685	-7.11026
E1090Q.pdb_C	138	-0.262946	-2.83755	-7.08634
I1072M.pdb_C	146	0.259161	-3.87704	-6.94876
M118N.pdb_A	154	0.283059	-3.31279	-24.3791
S29E.pdb_A	167	0.582819	-3.12008	-24.5181
L1066I.pdb_C	175	1.84829	-3.37871	-6.73033
S70T.pdb_A	188	2.1106	-0.840382	-23.6319
E1079Q.pdb_C	202	2.16169	-3.96863	-6.67767
A1095F.pdb_C	217	2.23521	-3.3311	-6.14051
T151W.pdb_A	227	2.36123	-0.77898	-24.6398
Q31F.pdb_A	242	2.26751	-0.784194	-23.9244
V10T.pdb_A	255	2.28144	-0.742095	-25.3751
I60M.pdb_A	265	2.15974	-0.985249	-29.7976
N1086Q.pdb_C	273	2.25037	-2.14198	-6.73671
L1063Y.pdb_C	279	2.2865	-2.14294	-6.80221
E12L.pdb_A	284	2.39093	-0.0783709	-23.5789
A1062C.pdb_C	293	2.28403	-2.79308	-5.76913
L38E.pdb_A	307	1.93707	-0.245653	-24.2085
K1082Q.pdb_C	318	-0.041638	-3.15286	-5.86412
Q1079A.pdb_C	330	-0.0512678	-3.3389	-6.59141
G44L.pdb_A	347	-0.94235	-0.100028	-25.2677
R121L.pdb_A	353	-0.979484	0.294489	-23.714
Y87K.pdb_A	365	-1.0256	0.349468	-23.599
K147Y.pdb_A	376	-0.603582	0.950575	-23.372
S156C.pdb_A	387	-0.24188	1.00647	-23.4839
S89C.pdb_A	397	-0.236565	1.05849	-23.5463
A22I.pdb_A	414	-1.96026	0.0472371	-22.9737
T1047M.pdb_C	427	-2.09264	1.11802	-7.65195
K1093E.pdb_C	440	-2.69168	1.24736	-7.82339
F151M.pdb_A	450	-4.50406	-2.0014	-23.891
H95R.pdb_A	464	-4.80437	-2.3734	-24.2729
L33V.pdb_A	473	-4.91101	-3.55573	-23.4519
V62E.pdb_A	497	-4.54477	-2.76924	-23.6488
I1070L.pdb_C	505	-4.56458	1.7043	-9.01925
L41M.pdb_A	516	-4.55104	-2.89508	-25.4221
C15K.pdb_A	522	-4.55373	-3.19043	-26.2921
L32R.pdb_A	532	-4.13138	-2.27335	-24.3524
F42L.pdb_A	539	-4.07371	-2.33145	-24.6638
T3K.pdb_A	550	-4.26396	-2.3818	-25.4586
T100R.pdb_A	556	-4.28562	-2.45109	-24.6876
W49M.pdb_A	564	-1.7837	-1.23987	-24.572
S1091I.pdb_C	572	-1.34821	1.37762	-9.09096
G93K.pdb_A	580	-1.70167	-1.28977	-25.4757
E62T.pdb_A	598	-1.71502	-1.20934	-23.6673
L44F.pdb_A	610	-1.73244	-1.23752	-25.0652
K15E.pdb_A	619	0.140192	-0.480509	-24.0755
N141T.pdb_A	629	0.148286	-0.741322	-24.5797
R48N.pdb_A	637	-0.280457	-1.73066	-23.5
L1092W.pdb_C	651	0.213345	8.99853	-6.19272
T51Q.pdb_A	658	0.270008	-0.839204	-24.899
R26K.pdb_A	666	0.0548791	-0.665141	-26.3831
K3W.pdb_A	673	0.0572535	-0.513598	-25.776
C126I.pdb_A	679	-1.04602	-0.481616	-24.0809
W1070T.pdb_C	684	-1.72161	6.33743	-7.14362
C117A.pdb_A	692	-1.74551	-0.654538	-24.8042
G106E.pdb_A	699	-1.79153	-0.686621	-25.0813
C49D.pdb_A	709	-1.78754	-0.680727	-25.159
L112Y.pdb_A	717	-1.86707	0.178167	-23.756
G1025H.pdb_C	726	-2.504	6.53732	-8.93548
I1024K.pdb_C	744	-3.18282	2.5856	-8.78157
M80D.pdb_A	754	-3.15669	2.14052	-25.6337
F1034E.pdb_C	766	-2.53177	2.72449	-8.05359
R145Q.pdb_A	779	-1.34865	2.15699	-25.7084
V1032D.pdb_C	787	-1.87425	3.33626	-8.15739
R1055Y.pdb_C	795	-2.19	3.31796	-7.45089
Y1093R.pdb_C	805	-2.85882	3.24075	-7.70011
Q154S.pdb_A	814	-2.85734	0.479484	-25.6345
D80A.pdb_A	819	-2.82902	0.353554	-26.3204
N40Q.pdb_A	835	-1.54413	0.338644	-25.6381
S1061E.pdb_C	857	-2.11847	2.16149	-7.12512
F44I.pdb_A	870	-1.94107	0.789617	-23.7622
H1025F.pdb_C	895	-1.94152	2.07227	-7.22691
F24L.pdb_A	903	-1.98145	0.158571	-24.0818
E128N.pdb_A	912	-1.60587	0.277109	-26.5517
Y91W.pdb_A	918	-1.54216	0.160308	-27.8585
R1038F.pdb_C	925	-1.16777	3.08845	-6.56417
M140E.pdb_A	937	-1.21627	0.828176	-23.9708
L119R.pdb_A	963	-1.21656	0.872962	-24.9046
R1087T.pdb_C	978	-1.26891	3.85521	-5.65627
I1039M.pdb_C	993	-1.24405	3.8525	-5.64356
