name	count	evolved_interaction	ancestral_interaction	stability
D1061E.pdb_C	1	-10.4925	-10.5263	-8.2107
A142Y.pdb_A	6	-10.4918	-10.4973	-25.5105
P73M.pdb_A	11	-10.4655	-10.5105	-25.7589
G80Q.pdb_A	18	-7.24763	-7.32351	-26.1755
L9I.pdb_A	26	-7.36403	-7.39383	-28.0804
S1058F.pdb_C	32	-7.2765	-10.4286	-7.62464
T61H.pdb_A	37	-7.29007	-7.37444	-24.0376
E1094R.pdb_C	54	-7.51362	-10.3621	-8.06715
F1036H.pdb_C	63	-6.24286	-8.70896	-6.44206
E67S.pdb_A	71	-6.25044	-7.64109	-25.2442
A1053C.pdb_C	78	-6.56519	-9.27633	-6.03654
R1047M.pdb_C	86	-6.55267	-8.68155	-8.56664
N111I.pdb_A	92	-6.48494	-7.88977	-23.906
K27F.pdb_A	98	-6.6081	-7.92614	-26.997
Q41W.pdb_A	113	-6.56543	-7.70158	-30.291
L4P.pdb_A	119	-3.03558	-3.17876	-24.8185
A79C.pdb_A	128	-2.9629	-3.19151	-23.9796
A106C.pdb_A	138	-3.29221	-3.18943	-24.216
M1047A.pdb_C	147	-3.65501	-8.8249	-6.81245
T1077G.pdb_C	159	-3.54286	-8.7509	-7.00005
M31K.pdb_A	167	-3.26403	-3.40825	-24.3508
Q151L.pdb_A	177	-3.34005	-3.5786	-25.4325
K1041M.pdb_C	185	-3.11766	-8.65991	-7.80834
L4T.pdb_A	190	-3.08214	-3.45265	-25.1941
H61W.pdb_A	196	-3.05757	-3.38488	-25.496
C17A.pdb_A	207	-2.8999	-3.1453	-24.8451
G19R.pdb_A	215	-3.05477	-2.90834	-24.6062
Y1071S.pdb_C	228	-3.09623	-8.54388	-6.87897
G1077H.pdb_C	237	-3.13602	-8.49644	-7.39167
G32H.pdb_A	248	-3.02807	-3.00136	-24.5283
Q39F.pdb_A	259	-2.93347	-2.99159	-25.3009
R8I.pdb_A	270	-3.01882	-2.99673	-26.5422
F114A.pdb_A	277	-4.55698	-4.53369	-24.3066
S1071K.pdb_C	283	-4.8706	-6.25337	-6.78104
I63K.pdb_A	290	-5.80147	-4.79109	-24.2656
I92M.pdb_A	297	-1.59054	-1.86186	-24.5124
L1064Q.pdb_C	304	-1.56809	-4.66226	-6.22817
C79Y.pdb_A	313	-1.46944	-1.75068	-24.5615
S142E.pdb_A	331	-1.33181	-1.75284	-26.9717
F82D.pdb_A	339	-1.21363	-1.75178	-25.2247
L13F.pdb_A	351	-1.15357	-2.27627	-24.1749
A1091S.pdb_C	365	-1.53314	-5.46194	-6.81772
I21A.pdb_A	377	-1.62884	-3.35953	-24.9645
L82K.pdb_A	391	-1.88816	-3.35939	-25.7059
R135Q.pdb_A	404	-3.03945	-2.88692	-23.9955
Y57W.pdb_A	415	-3.34664	-3.52272	-23.6898
G143T.pdb_A	427	-3.39398	-3.63832	-24.8583
Q80W.pdb_A	436	-3.39398	-3.63845	-25.1045
R153H.pdb_A	449	-3.42136	-3.65343	-24.8061
V1087S.pdb_C	460	-2.16788	-6.90233	-9.13306
F27S.pdb_A	470	-1.96963	-4.03966	-25.0426
K1084Y.pdb_C	489	-1.20217	-3.4436	-8.3696
M36P.pdb_A	497	-0.993143	-1.441	-24.1945
Q135E.pdb_A	519	-1.0099	-1.42606	-25.1167
A111Q.pdb_A	529	-2.16321	-1.4287	-24.3868
Q7K.pdb_A	538	-2.77184	-1.41152	-24.3235
K1095A.pdb_C	550	-0.379694	-3.37228	-10.9099
I1066M.pdb_C	559	-2.99505	-4.56584	-9.28247
N130L.pdb_A	567	-3.63261	-2.04664	-23.96
A129G.pdb_A	576	-3.50935	-2.04654	-24.36
E135T.pdb_A	592	-3.09629	-1.26771	-24.8901
L97M.pdb_A	600	-3.03929	-1.2365	-24.6149
K1034W.pdb_C	614	-3.0613	-2.18516	-8.29724
F39E.pdb_A	622	-3.04905	-2.21161	-24.0884
Q1079M.pdb_C	633	-3.05692	-2.21615	-9.76027
K36V.pdb_A	641	-2.94374	-1.41304	-23.9161
H40V.pdb_A	667	-2.64944	-1.14216	-24.3917
K138M.pdb_A	682	-3.01595	-0.0179884	-25.8476
A5S.pdb_A	689	-2.82954	0.272373	-24.9217
Y140N.pdb_A	702	-2.80087	0.335981	-24.8473
D1059Y.pdb_C	709	-2.7911	-2.19545	-9.01149
H1086Q.pdb_C	719	-2.82592	-2.4118	-8.62103
L4M.pdb_A	728	-2.26825	0.3546	-25.1366
V1051M.pdb_C	735	-2.26873	-4.12433	-9.11327
S1071D.pdb_C	750	-0.747403	-6.35448	-6.36489
L101F.pdb_A	762	-0.794122	0.392926	-24.0543
W142R.pdb_A	771	-1.10484	0.167312	-24.53
E1025H.pdb_C	783	-1.10097	-3.52301	-10.4009
V44R.pdb_A	795	-1.53922	-0.283953	-24.8544
Q20R.pdb_A	804	-4.45921	-3.32373	-26.0938
Q15R.pdb_A	810	-4.3285	-3.46738	-26.7125
V119T.pdb_A	821	-3.45402	-1.95085	-23.0873
C74A.pdb_A	830	-2.07579	-0.116772	-25.3353
D131F.pdb_A	845	-3.42939	0.470654	-25.847
M98F.pdb_A	858	-3.47324	0.420022	-23.6266
L1073N.pdb_C	875	-3.56278	-5.88678	-6.97168
W40V.pdb_A	898	-3.61591	0.550138	-23.9547
C147L.pdb_A	915	-3.63775	0.56363	-25.4072
D33M.pdb_A	923	-3.66154	0.521859	-24.3461
K1029I.pdb_C	938	-2.39497	-5.97543	-6.92803
E122W.pdb_A	949	-1.81373	1.63023	-24.7725
I1044S.pdb_C	958	-2.25963	-2.86077	-8.60869
E99A.pdb_A	982	-2.4979	1.62884	-24.017
