name	count	evolved_interaction	ancestral_interaction	stability
T108R.pdb_A	2	-10.5686	-10.5688	-25.4438
N52I.pdb_A	9	-10.5817	-10.5649	-28.2303
S1029I.pdb_C	20	-11.6687	-11.148	-8.29494
R1071M.pdb_C	28	-9.80326	-11.2137	-8.86152
D1061S.pdb_C	33	-6.66877	-11.3665	-9.3992
Y25W.pdb_A	39	-6.69895	-5.55994	-26.314
A106C.pdb_A	44	-4.55163	-3.64347	-25.6585
R1093I.pdb_C	51	-5.38678	-9.80087	-6.91279
C93T.pdb_A	63	-4.82038	-4.59926	-25.5542
P1081V.pdb_C	71	-4.52513	-9.48278	-7.15468
Y87H.pdb_A	79	-4.66281	-4.47562	-25.0421
H1092G.pdb_C	87	-4.05705	-8.53476	-5.85512
G44E.pdb_A	101	-5.0469	-6.18164	-25.7019
L6T.pdb_A	110	-5.25264	-6.23445	-25.1572
D1087S.pdb_C	119	-2.9848	-7.54902	-6.87364
I138A.pdb_A	127	-3.01414	-6.02452	-26.6886
Q117C.pdb_A	136	-3.41941	-4.09597	-25.7063
K1054F.pdb_C	143	-3.41956	-5.75636	-6.5425
R139F.pdb_A	149	-3.42214	-5.07831	-23.7433
D29S.pdb_A	158	-1.87863	-5.40796	-24.5274
Q1056K.pdb_C	168	-1.22475	-4.83119	-9.50587
Y27D.pdb_A	178	0.828793	-0.555386	-24.255
F139Q.pdb_A	189	-1.11928	-1.45976	-23.6473
K1056W.pdb_C	202	-1.1062	-4.76573	-8.00642
E1029A.pdb_C	210	0.979692	-4.27113	-8.05244
G50Y.pdb_A	217	0.858327	0.640429	-26.5099
V124Y.pdb_A	223	0.105756	-1.47961	-26.832
Q154Y.pdb_A	231	-1.98989	-0.837178	-24.5391
E12Q.pdb_A	240	-2.11095	-0.728489	-25.2863
F132V.pdb_A	247	-3.24127	-2.34478	-25.5627
R108C.pdb_A	255	-3.25552	-2.07153	-25.5227
W63L.pdb_A	263	-4.0284	-2.51772	-25.5046
R1040Y.pdb_C	268	-4.18092	-1.1482	-6.57386
N7M.pdb_A	279	-4.18329	-2.61437	-25.6421
R18H.pdb_A	289	-3.84186	-3.39722	-23.0949
S1033C.pdb_C	299	-3.38826	-2.97507	-6.44219
I118M.pdb_A	311	-3.28496	-3.46104	-25.3122
Y155W.pdb_A	318	-3.39345	-3.78058	-23.1092
W136Y.pdb_A	325	-3.45287	-3.26441	-25.2994
A89Y.pdb_A	339	-3.36719	-3.22168	-26.8919
K71V.pdb_A	350	-1.87051	-2.22634	-25.4598
P88K.pdb_A	360	-1.57048	-1.62364	-25.8497
I52K.pdb_A	368	-0.72764	-1.26677	-25.2324
R1064C.pdb_C	383	-0.70616	-2.83851	-4.9061
M7R.pdb_A	398	-1.08786	-2.6701	-24.0352
N1086K.pdb_C	407	-1.12057	-1.24034	-6.6523
H1025K.pdb_C	415	-1.2078	-1.94974	-7.72661
L94V.pdb_A	424	0.0558656	-1.67646	-24.5455
K149N.pdb_A	431	-0.441355	-1.13155	-24.497
A1091L.pdb_C	439	-0.698332	-2.29556	-6.96936
Y136W.pdb_A	445	-0.699761	-1.97366	-22.57
P128S.pdb_A	481	-0.236706	-1.97363	-24.2488
F142L.pdb_A	489	-0.403965	-2.53863	-24.533
R135W.pdb_A	505	-0.714868	-2.51626	-24.6612
S1061D.pdb_C	511	-0.657675	-2.2271	-7.1438
V111M.pdb_A	517	0.340653	-1.98781	-24.7385
H1046L.pdb_C	529	-0.0519827	-1.58593	-8.39681
R8F.pdb_A	537	-0.136543	-0.839412	-23.788
Q131Y.pdb_A	545	-0.192577	-1.59224	-24.1807
M42Y.pdb_A	556	-0.227325	-0.97936	-24.1934
S115M.pdb_A	575	-0.21006	-0.961452	-24.7944
L1075S.pdb_C	581	-0.20886	-2.21964	-5.36054
H1068Y.pdb_C	589	-1.00275	-2.51316	-6.78473
C104I.pdb_A	596	-0.995684	-1.13566	-25.8517
N15I.pdb_A	601	-1.04839	-1.21113	-25.224
F145Q.pdb_A	611	-1.15626	-0.582284	-24.0753
M1044N.pdb_C	627	-1.15802	-2.31883	-5.77829
V1058F.pdb_C	638	-1.23964	-2.31206	-5.66685
Y55A.pdb_A	645	-1.20926	-0.644369	-23.3868
T128N.pdb_A	651	-1.20894	-0.644372	-24.9473
P21R.pdb_A	661	-1.04446	-0.918413	-25.099
E10M.pdb_A	675	-1.07319	-1.41175	-24.8211
T153Q.pdb_A	682	-1.0732	-0.610497	-24.4231
S66T.pdb_A	691	-0.220447	-1.01563	-25.0519
C1064M.pdb_C	714	-0.21525	-2.57465	-6.47885
I1042S.pdb_C	731	-0.189726	-2.60432	-6.3225
N74S.pdb_A	747	-0.167788	-0.950299	-24.1237
V132L.pdb_A	757	-0.167459	-0.947431	-24.5922
K70L.pdb_A	769	-0.187733	-0.866302	-25.2086
I1023E.pdb_C	776	-0.00440746	-2.66702	-6.36118
C1070Y.pdb_C	787	-0.00878592	-3.83684	-5.69899
W25M.pdb_A	793	0.549323	0.461279	-26.7239
K1081Y.pdb_C	804	2.13857	-1.28939	-7.19927
L9V.pdb_A	810	1.71835	2.69793	-23.8165
T66R.pdb_A	822	1.68744	2.66521	-24.4211
C106N.pdb_A	830	2.89681	5.06066	-24.9559
A131Y.pdb_A	843	2.8965	7.486	-24.5882
K5S.pdb_A	853	2.78332	7.67306	-24.4518
V1035I.pdb_C	862	1.94584	-1.60614	-7.90983
W1093H.pdb_C	869	1.55865	2.14934	-5.0401
Q21L.pdb_A	879	1.47887	6.79146	-25.4401
K57H.pdb_A	889	2.19576	6.75101	-24.0353
N1095T.pdb_C	894	2.25617	2.15964	-5.31141
T1034A.pdb_C	903	1.29215	2.50744	-5.87986
N106R.pdb_A	910	0.603267	5.63629	-24.9912
H57C.pdb_A	920	0.78444	5.64798	-24.6898
D93K.pdb_A	930	0.527253	5.62739	-24.7563
Y64L.pdb_A	937	1.29525	5.40134	-25.8844
L21M.pdb_A	947	1.27981	5.46378	-26.6326
I108S.pdb_A	952	1.05986	5.44479	-27.672
F154W.pdb_A	958	1.03699	5.44649	-24.6093
V43C.pdb_A	969	1.15824	5.62388	-24.6361
W55G.pdb_A	977	1.15714	5.33142	-26.464
G145F.pdb_A	984	0.796923	3.27355	-26.6593
A67L.pdb_A	990	0.838058	3.03573	-27.5984
