name	count	evolved_interaction	ancestral_interaction	stability
I107E.pdb_A	1	-10.4934	-10.5089	-22.8534
L6I.pdb_A	7	-10.164	-10.5143	-27.1207
K153I.pdb_A	15	-7.94646	-7.81659	-24.4964
Q1073K.pdb_C	21	-7.88047	-7.76158	-7.73849
E1050H.pdb_C	26	-7.63801	-7.5157	-8.20861
A152Q.pdb_A	35	-7.33499	-7.78178	-24.1891
L114Q.pdb_A	41	-6.69381	-1.93131	-23.974
N1086W.pdb_C	46	-6.96265	-6.5732	-8.92339
R1064L.pdb_C	56	-2.91789	-2.57428	-6.85669
S3T.pdb_A	65	-2.9173	-8.52404	-26.1361
P105Q.pdb_A	73	-3.02409	-8.70326	-25.5212
V116D.pdb_A	79	-1.1552	-6.00359	-25.5977
A133L.pdb_A	85	-1.38036	-6.05797	-26.2305
S89H.pdb_A	98	-1.36363	-6.05585	-23.8569
K147S.pdb_A	109	0.0388793	-5.95957	-24.4664
K14C.pdb_A	122	-0.457465	-5.58212	-24.8176
K71N.pdb_A	127	1.04	-5.6547	-23.4387
Q66M.pdb_A	141	1.0399	-5.78237	-24.4927
V153G.pdb_A	149	1.04625	-5.59252	-24.4789
H20L.pdb_A	154	1.70922	-4.58862	-23.438
S1029Q.pdb_C	163	2.01028	-0.179156	-6.47914
S156F.pdb_A	168	1.38315	0.190996	-25.3196
K130V.pdb_A	175	1.81529	-1.93131	-23.974
L149M.pdb_A	183	0.133055	0.205234	-25.1166
Y87G.pdb_A	199	0.0673163	-2.94786	-23.9251
D1068Q.pdb_C	213	1.37093	1.88078	-6.29494
L1066V.pdb_C	239	0.961345	1.44131	-6.43556
G153M.pdb_A	252	0.82618	-2.60357	-25.4828
R95L.pdb_A	263	1.52975	-0.666747	-25.172
S152A.pdb_A	272	1.3127	-0.777223	-25.2989
K136Y.pdb_A	279	1.37322	-0.897056	-25.8371
H94K.pdb_A	286	1.37307	-0.896079	-24.4428
N1025M.pdb_C	302	1.29281	1.40117	-6.05807
R1046W.pdb_C	310	1.66357	1.96638	-7.11642
H89M.pdb_A	319	2.44234	-0.588316	-25.0989
Q1027M.pdb_C	324	-0.150766	-2.81769	-11.6802
D106R.pdb_A	331	-0.138955	-0.641626	-25.3241
N79S.pdb_A	336	-0.183035	-0.598821	-28.4962
N1081E.pdb_C	342	-0.356345	-2.21166	-10.3615
F14R.pdb_A	347	-0.403039	0.326315	-29.4018
E1079R.pdb_C	354	-0.365466	-2.02212	-10.7576
L4T.pdb_A	362	-0.386542	0.357951	-25.4685
C140M.pdb_A	375	0.796193	1.91042	-24.8506
L118H.pdb_A	383	1.26478	1.71378	-23.8124
W78N.pdb_A	393	1.18897	1.47991	-24.157
A32I.pdb_A	401	1.1306	1.48507	-24.0566
L1026M.pdb_C	408	1.11107	-1.91096	-6.60148
V91P.pdb_A	423	1.00819	-8.25397	-24.673
Q1029G.pdb_C	430	0.703947	-3.35335	-7.80594
V40K.pdb_A	444	0.867338	1.79391	-24.1982
D1074F.pdb_C	452	1.01718	-3.03033	-10.2571
K113I.pdb_A	458	0.535986	1.68001	-30.0826
D49A.pdb_A	467	0.573916	1.68024	-24.2067
F16M.pdb_A	474	1.60382	1.84366	-24.3095
K128P.pdb_A	487	1.60799	1.84351	-25.4005
D138I.pdb_A	494	1.32447	1.90907	-26.5021
T104E.pdb_A	501	0.566517	1.64896	-24.5379
W131V.pdb_A	509	0.450459	-1.80838	-23.7384
W1086F.pdb_C	518	0.323016	-1.13098	-6.86724
V62M.pdb_A	527	0.329307	-1.89694	-24.1185
M1066K.pdb_C	538	0.214316	-1.20012	-7.54388
I143V.pdb_A	546	0.0693339	-1.88261	-26.703
P22E.pdb_A	553	0.217307	-1.37901	-26.5805
D1085Q.pdb_C	561	1.12258	0.00115316	-7.48685
R13V.pdb_A	570	2.45323	-0.69342	-24.1322
G1029L.pdb_C	582	1.41936	-0.960114	-10.6895
I32Y.pdb_A	587	1.44594	-0.783401	-23.3854
N1047S.pdb_C	599	1.74301	-0.0902276	-11.9204
T1055V.pdb_C	609	1.62708	-0.498939	-10.2494
T48P.pdb_A	616	1.7189	-0.801564	-25.6401
V1023R.pdb_C	625	3.02524	0.907601	-6.56622
I18K.pdb_A	631	2.81918	-1.6326	-24.6549
P89Q.pdb_A	641	3.07761	-1.52275	-24.2407
V13N.pdb_A	653	3.2284	0.256575	-24.5166
E99M.pdb_A	668	3.68359	-1.66614	-25.8415
T156D.pdb_A	676	4.4559	-1.6609	-24.4734
E125M.pdb_A	689	4.44755	-1.64371	-26.6641
M149A.pdb_A	697	4.75518	-1.80017	-24.2165
T4G.pdb_A	713	4.37935	-1.75423	-24.1116
Q1068Y.pdb_C	718	3.41625	4.2413	-6.86475
S1055W.pdb_C	728	3.46438	4.14386	-7.29779
R61C.pdb_A	740	3.3976	-1.94115	-24.3189
V37F.pdb_A	748	3.40133	-1.93777	-25.5782
K76V.pdb_A	758	3.41723	-1.95499	-27.1842
M16V.pdb_A	763	3.46955	-1.75957	-24.6407
A121Y.pdb_A	772	3.46562	-1.83067	-24.0537
V1025R.pdb_C	782	3.32303	-0.163071	-5.42041
Q131T.pdb_A	791	3.32498	-1.82186	-24.1219
I110P.pdb_A	817	3.3278	-1.83178	-24.9822
V89M.pdb_A	828	1.89755	-0.481516	-24.9505
D106A.pdb_A	837	1.89261	-0.509986	-24.8052
L150F.pdb_A	846	1.89674	-0.572461	-25.5142
E93V.pdb_A	868	1.81077	-0.419095	-24.39
S1084Q.pdb_C	876	1.8197	-0.320756	-6.40435
M107I.pdb_A	889	1.79124	0.217651	-25.3375
F1075R.pdb_C	895	0.641273	-0.248329	-6.86956
L1067K.pdb_C	900	0.921145	3.33196	-6.05222
M89I.pdb_A	912	0.836293	0.428457	-23.8946
I147W.pdb_A	921	0.517033	0.34394	-23.9236
D13K.pdb_A	927	2.69633	-2.47318	-24.4924
R117A.pdb_A	934	1.45264	0.246439	-23.4657
V112F.pdb_A	942	1.44462	0.222764	-28.604
M38A.pdb_A	950	1.00971	0.441364	-24.5874
F37E.pdb_A	957	1.54565	0.514182	-23.5399
P7Y.pdb_A	965	1.18846	0.977803	-26.0798
I86C.pdb_A	973	1.16103	0.9778	-23.6144
Q39K.pdb_A	983	1.16633	0.976465	-24.5046
N1061G.pdb_C	999	1.16633	4.46521	-6.98041
