name	count	evolved_interaction	ancestral_interaction	stability
T1043V.pdb_C	1	-10.4933	-10.3763	-8.9427
G115Y.pdb_A	8	-10.362	-10.4946	-28.1666
T1042E.pdb_C	15	-9.92493	-10.2268	-8.35322
P59R.pdb_A	20	-9.90676	-10.2465	-26.6126
D33N.pdb_A	27	-10.0001	-10.3977	-24.1018
K1038H.pdb_C	38	-9.91615	-10.1053	-7.36634
S156E.pdb_A	48	-9.52071	-9.82475	-24.5109
D1080I.pdb_C	62	-3.70832	-9.09881	-7.58446
P1044I.pdb_C	72	-4.61148	-8.87056	-6.40444
Y25M.pdb_A	82	-3.6242	-3.07791	-24.6788
D1075W.pdb_C	97	-3.61512	-9.42537	-6.50446
Q57I.pdb_A	107	-3.6185	-3.10751	-24.9718
Q7A.pdb_A	115	-3.80367	-3.50665	-24.0397
A1074S.pdb_C	126	-4.14142	-9.0363	-6.37567
S3V.pdb_A	136	-3.26446	-3.00405	-24.4891
V62Q.pdb_A	143	-3.28398	-2.99497	-24.1297
T61H.pdb_A	151	-2.92093	-2.63584	-23.8305
S1074A.pdb_C	160	-2.92212	-8.90071	-8.10157
N1051K.pdb_C	167	-2.88787	-8.8655	-9.14189
E63M.pdb_A	177	-2.89676	-2.21358	-25.2766
Q1073I.pdb_C	184	-2.90863	-8.70511	-6.80886
K1058M.pdb_C	194	-2.87094	-8.85411	-6.50204
E67L.pdb_A	202	3.40031	-2.05215	-26.799
D1061I.pdb_C	209	3.40179	-1.20415	-7.91768
W91L.pdb_A	223	3.14637	-2.01119	-24.8726
A59Q.pdb_A	238	2.01757	-2.02572	-23.9346
W17L.pdb_A	245	2.26044	-2.89147	-25.5534
S127A.pdb_A	253	2.25958	-2.89147	-25.5617
P88D.pdb_A	263	2.24991	-2.86779	-23.8085
Q151F.pdb_A	275	1.69796	-2.57219	-24.2011
W1030A.pdb_C	286	-1.61108	-8.05867	-10.4808
I1080T.pdb_C	295	-1.54541	-7.9886	-6.90144
H1086F.pdb_C	308	-1.52479	-8.22237	-6.14971
V3Q.pdb_A	327	-1.504	-2.74338	-24.1516
W1075M.pdb_C	336	-2.03834	-6.04352	-6.50915
P140R.pdb_A	343	-2.12301	-2.75256	-26.4943
D121C.pdb_A	372	-2.26848	-2.62769	-24.3196
C121F.pdb_A	383	-2.22897	-2.63002	-24.5425
E128L.pdb_A	392	-1.59101	-1.66905	-24.3941
A127S.pdb_A	403	-0.956622	-1.65195	-25.1534
S33L.pdb_A	411	-0.990506	-1.65117	-25.9798
F121E.pdb_A	425	-0.979935	-1.72364	-24.5673
L149W.pdb_A	437	-0.954077	-1.68476	-23.9934
H1080M.pdb_C	451	-1.64526	-6.31307	-6.29119
P1093K.pdb_C	459	-1.13535	-5.38357	-6.33036
D1068L.pdb_C	467	-3.48688	-4.2635	-6.71605
M1051D.pdb_C	472	-3.49586	-4.26354	-5.82369
N1033L.pdb_C	483	-3.50372	-6.20703	-6.02501
N4Y.pdb_A	502	-3.48485	-2.1666	-23.9731
L1081I.pdb_C	511	-3.37652	-6.27709	-6.91616
Q154I.pdb_A	527	-1.52315	-2.06833	-25.8733
F22M.pdb_A	538	-1.29052	-0.987293	-24.6796
H52R.pdb_A	545	-1.46888	-1.63587	-24.1479
H79D.pdb_A	559	-1.2857	-1.67153	-24.2326
R147L.pdb_A	568	-0.103502	-0.950642	-25.4477
H93T.pdb_A	577	-0.716968	-1.00985	-23.7347
D79E.pdb_A	584	-0.754286	-1.03117	-23.8861
R8T.pdb_A	590	-1.01853	-1.76854	-24.0551
T37S.pdb_A	599	-1.03499	-1.73297	-24.8055
A129K.pdb_A	605	-1.08886	-1.77645	-25.9757
Q126S.pdb_A	613	-1.11189	-1.51123	-23.6455
C1071V.pdb_C	619	-1.07204	-4.11527	-8.21876
K49Q.pdb_A	629	-0.843311	-1.55417	-25.8585
A19D.pdb_A	639	-0.798795	-1.5359	-24.9116
V156M.pdb_A	645	-0.85065	-1.528	-27.0479
C30A.pdb_A	666	-0.831183	-1.68511	-23.537
V101T.pdb_A	676	-0.839841	-1.69028	-26.7556
M1044E.pdb_C	683	-0.865062	-4.11135	-7.63752
Y55G.pdb_A	690	1.07547	-1.79374	-26.0503
W95S.pdb_A	696	1.59694	-2.94993	-27.3125
S36I.pdb_A	701	1.043	-2.72948	-30.5149
H1034E.pdb_C	706	-0.106292	-5.11445	-6.89338
E99R.pdb_A	721	-0.0358596	-3.18787	-27.8986
F1082K.pdb_C	732	0.143892	-4.78874	-7.78456
A1075R.pdb_C	738	0.147206	-4.80263	-8.35247
L89N.pdb_A	746	0.194051	-3.51853	-26.4135
G1068K.pdb_C	756	-0.836473	-3.25027	-6.28309
M1080S.pdb_C	771	-0.851366	-4.92085	-5.35526
Q1060I.pdb_C	795	-0.850608	-4.92085	-5.77347
F149L.pdb_A	801	-2.32351	-2.64456	-24.2455
A106M.pdb_A	812	-2.33848	-2.57286	-24.7016
W122R.pdb_A	822	-2.23683	-1.66464	-24.3982
K1088Q.pdb_C	838	-1.56988	-3.12772	-5.76884
E12W.pdb_A	848	-1.62431	-1.8915	-23.8115
L17I.pdb_A	857	-0.767008	-1.06955	-25.2988
Q127N.pdb_A	866	-0.0101447	-0.481425	-26.1893
D1087W.pdb_C	871	-0.437566	-0.990086	-5.66266
H37D.pdb_A	877	0.441728	-0.388833	-25.8805
C104S.pdb_A	884	1.99324	1.79908	-24.633
E1055A.pdb_C	905	1.98229	0.0816633	-7.62653
V29L.pdb_A	919	2.07245	1.88469	-24.2413
S114T.pdb_A	939	1.84548	1.90862	-23.8252
A79W.pdb_A	949	1.7651	1.84442	-25.5115
M156R.pdb_A	960	1.80883	1.77157	-24.144
L33C.pdb_A	966	2.22433	1.61811	-26.0805
D118E.pdb_A	983	2.22027	1.5308	-24.816
Q32V.pdb_A	992	2.15789	1.52993	-24.5889
