name	count	evolved_interaction	ancestral_interaction	stability
Q101E.pdb_A	1	-10.4946	-10.5197	-25.3171
R1046H.pdb_C	9	-10.5139	-10.4871	-8.22969
Y144G.pdb_A	19	-10.6164	-10.5326	-24.9106
P3N.pdb_A	29	-10.4548	-10.5684	-24.0661
E49W.pdb_A	36	-10.4534	-10.5345	-24.6787
D1068G.pdb_C	51	-8.24352	-8.37622	-9.53149
Y25M.pdb_A	56	-8.38797	-9.79801	-24.3357
D1075M.pdb_C	68	-5.1267	-7.95836	-9.28145
W1054K.pdb_C	79	-5.00559	-7.91913	-6.89272
T1042P.pdb_C	90	-5.91408	-7.8958	-6.80207
V116M.pdb_A	99	-4.88503	-6.44532	-27.8326
Q117S.pdb_A	106	-5.02626	-6.42939	-24.1337
Q96K.pdb_A	118	-5.03085	-6.43281	-24.8523
A19N.pdb_A	128	-5.4452	-6.98988	-25.5541
Q14I.pdb_A	138	-5.47962	-6.981	-24.4075
S136I.pdb_A	146	-5.24308	-6.96598	-24.7222
P1042M.pdb_C	156	-5.15614	-8.04305	-8.77654
G115S.pdb_A	161	-4.84579	-7.16452	-24.43
D33K.pdb_A	168	-4.21258	-6.81549	-24.0371
A142I.pdb_A	176	-4.21669	-7.22497	-24.5275
L1032D.pdb_C	184	-4.24159	-5.15523	-8.98525
M130H.pdb_A	193	-4.23345	-7.0776	-24.2723
S118Q.pdb_A	204	-2.76786	-7.46892	-25.0441
F76I.pdb_A	210	-2.74365	-7.29118	-27.1826
Y1038T.pdb_C	220	-2.84292	-1.77449	-5.88569
L1048I.pdb_C	232	-2.84188	-1.7751	-6.22341
E135T.pdb_A	246	-2.77657	-7.177	-24.5259
N19F.pdb_A	257	-2.89592	-6.61237	-24.1198
W134Y.pdb_A	270	-2.89513	-6.6123	-23.625
A106E.pdb_A	277	-2.67329	-6.62209	-25.9521
G44K.pdb_A	292	-2.72214	-7.82307	-24.5174
T91I.pdb_A	304	-2.29356	-5.60217	-24.8403
N1066Q.pdb_C	312	-2.76019	-1.61828	-7.68667
C68T.pdb_A	320	-2.73927	-5.60051	-24.0694
C5S.pdb_A	329	-2.6061	-5.65346	-24.0261
R17N.pdb_A	343	1.27664	0.10596	-24.9578
H10M.pdb_A	362	1.21342	-0.0476952	-25.035
K153M.pdb_A	370	1.23303	0.0906734	-25.0138
A152K.pdb_A	378	1.02465	0.553482	-24.1679
I1025M.pdb_C	391	0.742445	-0.413286	-4.97954
N1086D.pdb_C	403	0.827059	-1.00004	-4.25198
N63L.pdb_A	409	0.887191	0.443103	-25.9872
F1046M.pdb_C	423	0.773808	-0.974619	-4.91252
V1053A.pdb_C	435	-0.208099	-1.13167	-5.11043
V75F.pdb_A	445	-0.214653	0.686642	-25.9087
R137Y.pdb_A	454	-0.297169	0.629021	-26.4295
D1032E.pdb_C	462	-0.283131	-1.21919	-5.45531
N66K.pdb_A	472	-0.334884	0.47606	-26.4148
H1040V.pdb_C	484	-0.511332	-0.533613	-5.47652
E1034W.pdb_C	492	0.0338184	-0.0534397	-6.47918
Y48R.pdb_A	498	-0.0326008	0.0440189	-25.5033
S1062I.pdb_C	508	-0.0288996	-4.02978	-6.92171
V1040R.pdb_C	524	0.115611	-4.11368	-7.65347
E1079V.pdb_C	530	0.145262	-4.07961	-8.42655
T18S.pdb_A	542	0.533314	0.0100459	-24.1131
M120L.pdb_A	548	0.168815	-0.690131	-24.5929
D1061M.pdb_C	556	0.131721	-3.76677	-7.26759
C1023G.pdb_C	562	0.122849	-3.71599	-6.84846
A1053M.pdb_C	568	-0.438075	-5.1192	-8.00017
D1030V.pdb_C	575	-0.667433	-5.31337	-5.5993
I147Q.pdb_A	584	-0.654983	-1.45054	-24.195
F75C.pdb_A	592	-0.65401	-1.50065	-24.3656
E31Y.pdb_A	600	-0.653711	-1.46969	-25.5445
K1058M.pdb_C	608	-1.14033	-5.38285	-8.68092
M1039V.pdb_C	615	0.973338	-3.46441	-7.16733
S18R.pdb_A	622	0.882773	-0.771088	-26.9492
T108E.pdb_A	630	0.788002	-0.790253	-26.9564
Q1074V.pdb_C	641	0.781644	-3.89227	-5.35767
C67S.pdb_A	651	0.552835	-0.47239	-25.0959
L143D.pdb_A	662	-2.3691	-2.95105	-23.3673
G152R.pdb_A	672	-2.50235	-2.96659	-24.9019
Y31H.pdb_A	686	-2.04616	-3.01724	-23.2121
S67V.pdb_A	705	-2.50424	-3.01259	-24.0891
G136T.pdb_A	722	-2.64705	-3.32887	-23.1802
V33S.pdb_A	731	-2.7815	-3.43561	-23.3375
V62Y.pdb_A	742	-2.62171	-3.11948	-23.1504
C1026M.pdb_C	753	-3.12422	-0.700015	-7.67944
Q93L.pdb_A	759	-3.37635	-2.31812	-24.1177
V100D.pdb_A	767	-0.654744	2.09369	-26.0941
H1084L.pdb_C	772	-1.28591	-3.11338	-9.22737
L79F.pdb_A	782	-1.10167	2.1608	-24.6719
I1042W.pdb_C	794	-1.31848	-3.17012	-7.04076
Q136M.pdb_A	804	-1.83815	2.37811	-25.6206
L16K.pdb_A	811	-2.63262	2.11987	-23.6489
D17T.pdb_A	830	-2.89162	0.454101	-25.006
Q118H.pdb_A	840	-3.06244	0.440349	-26.9514
M1068W.pdb_C	848	-2.25192	3.39381	-7.93361
F53Y.pdb_A	855	-2.27124	0.696914	-25.3749
L1041K.pdb_C	865	-3.66116	3.31706	-8.33702
I36F.pdb_A	872	-3.09572	0.994362	-23.9326
H83T.pdb_A	883	-3.09261	1.14416	-24.4159
L1070A.pdb_C	894	-2.57948	4.28251	-6.40894
Y96K.pdb_A	901	-2.45823	0.0610969	-24.7206
M1026L.pdb_C	917	-2.59945	3.95018	-6.54344
E1073A.pdb_C	934	-2.60347	4.41604	-5.8555
I142T.pdb_A	943	-2.62883	0.0684992	-23.6186
F27C.pdb_A	952	-2.22502	1.10707	-24.2552
N124M.pdb_A	973	-2.22507	1.10708	-24.7521
M88Q.pdb_A	987	-1.75081	3.96862	-25.6305
C144D.pdb_A	993	-2.07445	4.01415	-27.4324
I17R.pdb_A	999	-2.59963	-0.259088	-24.8403
