name	count	evolved_interaction	ancestral_interaction	stability
S1029N.pdb_C	1	-11.1165	-11.0339	-6.79808
K1027N.pdb_C	6	-7.60355	-10.2827	-9.37617
L1048F.pdb_C	14	-7.26923	-10.4197	-6.69151
R1093P.pdb_C	24	-6.96196	-10.3261	-6.82956
N1027F.pdb_C	31	-6.59117	-8.0116	-8.2331
A133G.pdb_A	36	-5.87373	-6.45743	-26.5082
K147H.pdb_A	43	-6.0054	-7.06708	-24.4975
K1054H.pdb_C	48	-6.02786	-8.63307	-7.29448
K27C.pdb_A	62	-6.31367	-6.82339	-24.1811
A1074H.pdb_C	74	-6.4248	-9.25943	-7.19588
H1092E.pdb_C	87	-4.65765	-7.72468	-7.56478
D1084M.pdb_C	100	-3.31666	-5.62872	-7.85416
L1063Y.pdb_C	108	-5.40168	-6.29808	-8.16013
P1093Q.pdb_C	114	-5.72523	1.31315	-8.73428
H1074P.pdb_C	125	-6.07598	1.21073	-9.09348
E1059P.pdb_C	132	-6.07359	1.18398	-7.90369
R1071E.pdb_C	140	-3.97651	-4.83213	-6.4522
R1042P.pdb_C	150	-4.25053	-4.71129	-6.33975
N1025F.pdb_C	157	-4.1894	-4.67313	-7.13798
K146Q.pdb_A	167	-4.21472	-8.38932	-27.9334
N52D.pdb_A	177	-3.91912	-6.70373	-25.3065
D19N.pdb_A	186	-4.29043	-8.27447	-24.3198
K18T.pdb_A	195	-3.8884	-7.91598	-24.936
M1084D.pdb_C	208	-4.29598	-4.99824	-6.5681
G1057N.pdb_C	218	-4.67512	-5.40143	-7.56135
K1041Q.pdb_C	227	-1.52594	-3.01825	-6.90917
Q1090N.pdb_C	235	-0.443786	-1.9524	-8.00654
D1082W.pdb_C	241	-0.0834426	-1.27601	-9.10537
M87S.pdb_A	251	-1.15432	-2.00319	-27.0676
E1079V.pdb_C	260	-1.15195	-1.16397	-7.94785
S95F.pdb_A	266	-1.13113	-1.62115	-29.7743
Q152H.pdb_A	271	0.349181	-0.474508	-26.8491
A1091C.pdb_C	277	0.224339	0.233897	-10.101
R104I.pdb_A	282	0.267382	0.697155	-24.2807
K153W.pdb_A	290	1.35029	1.71889	-25.4854
A96I.pdb_A	298	1.77591	3.6203	-30.0741
V76T.pdb_A	318	1.81129	1.9465	-24.4212
I1088F.pdb_C	325	1.22898	-0.393851	-7.35606
T91W.pdb_A	342	1.06864	3.08853	-24.9239
D19C.pdb_A	351	0.845036	2.18351	-24.3037
S59F.pdb_A	363	1.75538	1.95476	-25.545
H1023E.pdb_C	373	1.90962	-1.97488	-7.16084
Y1076W.pdb_C	384	1.95396	-1.99865	-6.79531
A124G.pdb_A	392	1.97297	2.88098	-24.4923
P1059V.pdb_C	404	2.05844	-1.97558	-5.90997
L141P.pdb_A	421	2.03211	2.83378	-27.2275
P99Q.pdb_A	429	2.0388	2.73264	-26.2266
A149W.pdb_A	436	2.05164	1.13621	-28.2563
I96A.pdb_A	445	1.62563	3.14001	-24.6586
A79M.pdb_A	452	1.6253	3.04906	-24.863
K48T.pdb_A	468	1.52362	3.10763	-24.06
A106R.pdb_A	481	2.08874	3.62088	-24.3832
S74N.pdb_A	505	2.07092	3.59167	-24.5095
M4C.pdb_A	517	2.07675	3.5992	-24.1545
W18R.pdb_A	524	0.157857	2.72489	-26.8519
W70E.pdb_A	533	0.190369	2.7285	-27.5868
Q39C.pdb_A	542	0.2487	2.73326	-27.3477
F1080S.pdb_C	547	0.317407	-0.644925	-6.75079
Y1034H.pdb_C	555	0.138674	-0.570562	-6.72657
C1077G.pdb_C	561	0.456179	-0.594125	-6.31539
W1082Q.pdb_C	574	0.464147	-0.555644	-6.03269
V14M.pdb_A	584	0.894671	1.18743	-25.2416
R114Y.pdb_A	595	2.26595	0.945959	-23.8194
M1087W.pdb_C	613	1.61773	-0.162119	-6.31176
C39Y.pdb_A	619	1.6719	2.91661	-25.4028
G1077Y.pdb_C	627	1.58611	-0.202442	-7.44927
I1068A.pdb_C	635	-0.505833	0.857732	-7.60399
W15H.pdb_A	647	-0.829376	0.706923	-22.3381
A96I.pdb_A	656	0.0081779	3.6203	-30.0741
I1039M.pdb_C	661	0.0183746	0.632752	-7.2333
V75L.pdb_A	673	-0.00610385	3.46044	-25.2299
N1023P.pdb_C	682	0.0517963	0.651922	-9.48091
C82G.pdb_A	694	-0.00255501	2.65711	-24.0249
V1093I.pdb_C	708	0.0109443	0.653035	-8.96193
R1031K.pdb_C	727	-0.763154	0.0708518	-9.38331
R66N.pdb_A	745	-1.15816	3.32386	-24.9292
Y1077F.pdb_C	757	-1.28896	-0.598087	-8.26121
L94V.pdb_A	768	0.572098	3.87453	-23.7897
W1040E.pdb_C	784	0.521137	-0.836651	-8.44066
L1072V.pdb_C	794	0.657809	-0.82087	-6.20097
I92M.pdb_A	806	0.60864	3.80463	-25.4764
M79H.pdb_A	813	0.609054	4.43009	-24.6206
F1095Y.pdb_C	830	-2.19252	-2.68889	-6.73514
C19N.pdb_A	844	-2.06419	1.80019	-24.4891
N1062M.pdb_C	852	-1.91656	-2.49908	-7.66881
W1086C.pdb_C	867	-1.86501	-1.89035	-8.14488
Y1095C.pdb_C	874	-1.9798	-2.04889	-7.30596
C9M.pdb_A	882	-1.87671	2.32428	-25.4331
I1067C.pdb_C	888	-1.50895	-1.51682	-6.44272
G18T.pdb_A	901	-1.6602	1.4635	-25.2193
P36R.pdb_A	912	-1.69245	1.21548	-25.5652
F1061V.pdb_C	925	-1.74565	-2.11841	-6.90879
I146E.pdb_A	933	-1.34183	-1.05772	-25.8083
S122K.pdb_A	942	-1.31972	-2.92422	-24.6379
W140M.pdb_A	951	-1.36671	-2.93461	-23.5296
R22N.pdb_A	966	-0.332443	-1.40235	-24.6279
E143K.pdb_A	974	-0.375585	-1.25289	-27.0488
Y52G.pdb_A	979	-2.07901	-0.639225	-24.5917
W129Y.pdb_A	994	-1.84253	-0.189544	-26.2005
