name	count	evolved_interaction	ancestral_interaction	stability
S127Y.pdb_A	2	-10.4947	-10.5197	-27.5741
C93P.pdb_A	9	-10.5166	-10.5262	-24.6523
P93M.pdb_A	16	-10.4606	-10.4696	-31.6318
I96H.pdb_A	21	-5.7699	-5.76114	-27.4642
Q139H.pdb_A	28	-5.88819	-5.74479	-28.5339
E1094L.pdb_C	40	-6.01565	-9.97211	-12.2744
N124A.pdb_A	56	-6.02094	-5.72187	-24.1523
A143F.pdb_A	74	-5.90275	-5.49406	-24.7228
D59A.pdb_A	92	-5.95065	-5.56086	-24.7798
L4K.pdb_A	99	-7.25709	-5.99961	-24.8738
H52V.pdb_A	115	-7.24127	-5.99411	-24.4294
E1059A.pdb_C	133	-7.37512	-8.31236	-7.75568
I112L.pdb_A	147	-7.62064	-5.83281	-25.0871
M1060L.pdb_C	156	-7.68789	-8.67562	-6.31015
W137N.pdb_A	164	-7.4557	-5.23555	-25.0613
F27K.pdb_A	175	-7.25127	-4.73397	-26.3005
T1043E.pdb_C	186	-7.31346	-8.7486	-7.09681
M1054V.pdb_C	197	-7.31346	-8.7473	-6.62227
N36A.pdb_A	205	-6.82126	-4.89405	-25.4467
H20K.pdb_A	217	-7.22561	-5.42822	-24.483
S122M.pdb_A	230	-7.09848	-5.35421	-26.7745
N35P.pdb_A	239	-7.13237	-5.54415	-24.7591
Q101T.pdb_A	247	-7.13189	-5.54414	-24.2604
Q111W.pdb_A	265	-7.32036	-5.54414	-24.4645
I60V.pdb_A	275	-7.32654	-5.5418	-25.6128
C135H.pdb_A	284	-7.24671	-5.30361	-24.955
F119M.pdb_A	296	-7.321	-5.28054	-25.2323
P1059K.pdb_C	303	-8.05695	-8.1714	-5.96558
H1076F.pdb_C	313	-6.24243	-6.48574	-9.75027
C5S.pdb_A	318	-6.58685	-4.08106	-25.5049
H1032T.pdb_C	324	-5.63654	-6.62736	-8.07025
D121H.pdb_A	331	-5.63592	-4.37038	-24.9725
S79D.pdb_A	338	-5.39528	-4.25921	-24.7684
Q108D.pdb_A	346	-5.11129	-4.30193	-27.3243
N1032L.pdb_C	354	-5.36075	-6.38843	-6.43158
S138W.pdb_A	362	-5.00805	-4.35781	-25.5854
K30R.pdb_A	367	-5.38193	-4.62101	-25.5091
D19I.pdb_A	377	-5.52647	-5.17521	-24.6889
T115K.pdb_A	394	-6.53998	-4.93425	-27.1496
M7V.pdb_A	407	-6.50132	-4.6078	-26.6101
R1046K.pdb_C	415	-6.41448	-6.50161	-5.90784
N104A.pdb_A	428	-6.02611	-3.97352	-26.0814
M122Y.pdb_A	437	-6.01141	-3.72101	-25.5688
I153K.pdb_A	445	-6.12606	-3.69873	-26.1385
V150H.pdb_A	454	-6.12326	-3.67972	-25.2756
H150W.pdb_A	461	-6.06895	-3.74297	-27.7443
D15A.pdb_A	471	-6.02824	-4.01442	-25.2985
D1030N.pdb_C	477	-5.87687	-5.83954	-8.46227
Q1058H.pdb_C	489	-4.08203	-5.74552	-8.76988
I1039T.pdb_C	497	-4.07247	-5.72715	-6.76315
S1062A.pdb_C	517	-4.04493	-6.50904	-7.75303
K1027R.pdb_C	530	-3.70104	-7.34676	-6.80278
K1059V.pdb_C	548	-3.68258	-7.3835	-6.02762
Q1073K.pdb_C	565	-3.93298	-7.42574	-6.28111
K126H.pdb_A	572	-2.3075	-2.22123	-24.5107
V32H.pdb_A	579	-1.74362	-1.89367	-25.1885
D1028L.pdb_C	588	-1.83074	-6.54919	-9.43708
W111F.pdb_A	595	-1.78967	-1.72417	-24.0249
V1059E.pdb_C	602	-1.32273	-5.2483	-11.878
A104T.pdb_A	613	-1.33302	-1.72575	-24.1352
T17I.pdb_A	620	-2.46913	-3.92687	-26.1296
L138T.pdb_A	628	-2.44871	-2.50209	-26.5409
D1076Q.pdb_C	635	-2.94676	-4.93006	-8.04094
Y1035A.pdb_C	646	-3.27374	-5.35259	-8.49681
L1043M.pdb_C	658	-3.22201	-5.37463	-7.59324
G1071L.pdb_C	666	-2.09738	-5.3329	-8.77194
C114N.pdb_A	673	-2.12741	-1.44628	-26.3652
F106C.pdb_A	688	-2.1115	-1.31756	-24.1975
V60I.pdb_A	700	-1.84304	-1.32703	-27.2979
L1087N.pdb_C	712	-0.945005	-6.98325	-7.37933
Y63N.pdb_A	719	-0.947281	-0.7622	-22.7569
N44Q.pdb_A	728	-0.771575	-0.415222	-26.3397
M29C.pdb_A	734	1.9191	2.13891	-24.0564
N114L.pdb_A	751	1.91911	2.13884	-25.523
Q70W.pdb_A	794	1.9334	2.15456	-24.0958
F1085P.pdb_C	802	1.23386	-6.18137	-7.48455
N27D.pdb_A	809	1.76845	2.23669	-26.0253
C14S.pdb_A	819	1.70401	2.33645	-26.5644
Y58M.pdb_A	824	2.27403	2.00087	-26.1209
Q19F.pdb_A	831	2.60056	1.70516	-25.5575
M4V.pdb_A	839	2.61664	1.71224	-25.8761
D1092I.pdb_C	845	2.59266	-4.88686	-9.01334
V15T.pdb_A	855	3.39427	2.07786	-24.3387
T104I.pdb_A	863	2.58687	2.22257	-25.8034
E95Q.pdb_A	872	2.77658	2.16716	-24.5119
L1094V.pdb_C	882	2.98359	-2.9623	-7.51386
S13A.pdb_A	893	3.23213	2.50097	-23.5877
N1087L.pdb_C	903	2.8116	-3.694	-11.5825
S72N.pdb_A	911	2.96007	4.29076	-23.7596
A1095P.pdb_C	917	2.65396	2.56975	-10.5109
L85G.pdb_A	925	2.68026	5.05009	-24.8667
E141R.pdb_A	930	1.16394	4.7196	-28.7105
A1051M.pdb_C	936	1.14989	-1.1634	-11.9024
Y1033D.pdb_C	945	1.63515	-5.5666	-10.4316
Y122N.pdb_A	952	1.60765	6.07157	-24.0235
K1034S.pdb_C	960	1.9025	1.89349	-7.66424
S1076G.pdb_C	976	0.274234	-5.19801	-5.85568
L98F.pdb_A	994	-0.147582	2.5344	-22.8155
