name	count	evolved_interaction	ancestral_interaction	stability
F24T.pdb_A	2	-10.4978	-10.5232	-23.5023
H1092W.pdb_C	11	-8.67174	-7.1199	-7.91142
D37G.pdb_A	21	-8.11981	-9.28361	-24.2551
E99S.pdb_A	29	-7.24744	-8.69726	-24.2607
Q154F.pdb_A	38	-8.45173	-9.2284	-24.2249
Q7M.pdb_A	51	-8.50095	-9.29454	-26.01
L1052Y.pdb_C	57	-8.63575	-7.16108	-7.37261
T91Q.pdb_A	69	-8.63472	-9.26508	-24.2974
K30L.pdb_A	80	-8.38345	-8.99978	-24.6229
F61L.pdb_A	94	-8.44614	-9.02784	-24.7534
D118C.pdb_A	100	-8.439	-9.02209	-28.1561
E67R.pdb_A	107	-8.46246	-9.02122	-26.9334
W1092C.pdb_C	113	-7.90312	-6.78648	-6.23221
N140S.pdb_A	131	-7.87895	-8.45492	-24.1801
L133G.pdb_A	138	-7.8771	-8.4546	-24.6381
T1043G.pdb_C	151	-7.82684	-6.50613	-8.14968
K1040H.pdb_C	158	-7.81007	-6.67336	-8.54127
L22M.pdb_A	168	-7.54922	-8.93519	-24.7931
I112H.pdb_A	173	-7.64522	-9.02036	-24.8381
Q151V.pdb_A	182	-7.68443	-9.03362	-25.2409
E1084I.pdb_C	198	-8.127	-7.18823	-9.53512
W1093K.pdb_C	205	-5.03075	-4.04308	-8.37677
S156T.pdb_A	222	-4.71774	-4.23232	-23.9219
T83M.pdb_A	240	-4.7987	-4.3394	-26.927
F1067K.pdb_C	246	-4.25024	-3.39107	-7.08691
V62M.pdb_A	258	-3.0852	-4.2619	-24.1733
C118W.pdb_A	273	-2.39114	-3.78406	-24.8782
Y138M.pdb_A	292	-2.3816	-3.76502	-24.7664
S122A.pdb_A	301	-2.62516	-3.78083	-23.8237
K1054L.pdb_C	308	-2.62972	-4.89435	-7.3921
T1036P.pdb_C	313	-2.6232	-4.61684	-8.93692
R104F.pdb_A	319	-2.37735	-4.01406	-24.5219
R1064G.pdb_C	325	-2.15531	-4.48261	-7.10601
H103Y.pdb_A	335	-2.30042	-4.18006	-28.509
W51Q.pdb_A	340	-2.30296	-4.1594	-23.9251
Q1056R.pdb_C	347	-0.900744	-1.43409	-5.82117
P1062A.pdb_C	356	-0.905132	-1.47968	-6.61086
M71F.pdb_A	364	-0.827461	-2.33265	-25.2784
D1082H.pdb_C	370	-0.519222	-1.3995	-6.32867
W146S.pdb_A	375	-0.682963	-2.20143	-25.3064
G133P.pdb_A	381	-0.650045	-2.23662	-26.3604
M1074F.pdb_C	386	-1.17808	-1.63003	-7.35634
N1093L.pdb_C	404	-1.18282	-1.58061	-7.90206
L1063M.pdb_C	416	-1.79963	-3.07873	-6.5004
I1039E.pdb_C	427	-1.24639	-3.32272	-7.21074
Q36W.pdb_A	453	-1.12322	-2.0079	-24.9015
I1070T.pdb_C	462	-1.31801	-3.59001	-8.12652
R89H.pdb_A	467	-2.83638	-2.53405	-24.0914
C1061I.pdb_C	488	-3.0974	-2.98398	-7.34475
L1054S.pdb_C	498	-3.05937	-2.98141	-6.19359
F71M.pdb_A	518	-2.95396	-0.969482	-24.1931
I1068G.pdb_C	527	-1.35786	0.152736	-9.46206
Y57F.pdb_A	536	-1.62858	-1.13386	-24.5072
R1064W.pdb_C	550	-1.54099	-3.39098	-7.58671
Y103M.pdb_A	562	-1.52169	-1.4965	-25.0479
E1051V.pdb_C	569	-1.99852	-1.95255	-8.17742
A1058V.pdb_C	574	-1.92126	3.69948	-10.7094
L38P.pdb_A	579	-1.74984	-2.19036	-26.2924
R1050E.pdb_C	585	-2.34652	3.72428	-9.27297
I48D.pdb_A	591	-0.0170949	-1.51766	-26.5489
L114E.pdb_A	599	-0.250724	-2.62615	-24.4435
K147W.pdb_A	606	0.202531	-2.58065	-23.348
F1087R.pdb_C	619	-0.303144	-0.56814	-6.73693
D48P.pdb_A	633	-0.322706	-2.58279	-26.4079
V86C.pdb_A	639	-1.44871	-3.45054	-24.1574
A14L.pdb_A	646	-1.96922	-4.61955	-25.9384
A51M.pdb_A	656	-2.93161	-4.51778	-25.1535
M1049N.pdb_C	664	-3.2065	-1.42661	-7.11319
N100C.pdb_A	673	-3.03635	-3.38574	-24.7778
F1028L.pdb_C	680	-3.08835	-0.473337	-7.52079
M27I.pdb_A	694	-3.11849	-3.32583	-24.8404
N52M.pdb_A	710	-3.19729	-3.44773	-26.5887
E1041M.pdb_C	718	-2.13833	-0.32019	-7.35854
I1068G.pdb_C	730	-1.03124	0.152736	-9.46206
I1080C.pdb_C	737	-1.1118	0.223364	-8.32212
A1054M.pdb_C	752	-1.47435	-4.29491	-8.15224
E1079K.pdb_C	761	-1.43703	-4.20184	-7.73565
E24I.pdb_A	770	-1.35713	-2.0748	-28.3575
C35P.pdb_A	785	-1.31277	-2.09686	-24.7313
P78L.pdb_A	791	-1.36133	-2.91193	-24.2443
L1043M.pdb_C	799	-1.32874	-2.03582	-7.51427
M10I.pdb_A	812	-1.42148	-3.09979	-24.4074
N49V.pdb_A	818	-1.42656	-3.11378	-25.0639
P35F.pdb_A	829	-1.73728	-3.07628	-24.9679
V1055S.pdb_C	838	-1.72556	-2.08757	-8.80728
D1085F.pdb_C	852	-0.360808	-0.540104	-7.59487
C117N.pdb_A	860	-0.350003	-3.08512	-25.8833
R1046W.pdb_C	866	0.544556	-0.0615846	-8.22285
F89N.pdb_A	876	2.24102	-2.49039	-26.4542
T143A.pdb_A	883	2.279	-3.02638	-27.1979
F3N.pdb_A	889	2.33357	-3.33817	-27.2492
S128N.pdb_A	900	2.27957	-3.21238	-27.099
W107Y.pdb_A	907	2.28915	-2.6109	-28.5828
C1080K.pdb_C	913	2.27497	1.52028	-7.42076
L7K.pdb_A	919	2.72465	-2.56756	-27.2463
S132I.pdb_A	927	2.96389	-2.5293	-24.8195
T1036Q.pdb_C	935	2.98505	0.256342	-7.47344
Q1088F.pdb_C	948	4.34087	2.19149	-7.87312
N115W.pdb_A	963	4.3672	-1.86547	-25.6352
Y125C.pdb_A	977	4.92922	1.13452	-25.8201
D1074N.pdb_C	985	4.41969	1.81119	-6.71764
V70D.pdb_A	997	5.44055	0.674831	-24.3567
