name	count	evolved_interaction	ancestral_interaction	stability
A1074T.pdb_C	1	-10.4933	-10.5184	-8.69392
G55Y.pdb_A	10	-10.4493	-10.4659	-25.383
S1062D.pdb_C	20	-10.3452	-10.448	-7.79673
N126I.pdb_A	27	-6.91596	-6.29984	-25.8619
A1051S.pdb_C	34	-7.08705	-10.2442	-8.1162
M1083W.pdb_C	40	-6.53755	-10.3448	-6.67514
N52F.pdb_A	45	-6.89264	-6.63643	-29.0142
K79V.pdb_A	54	-6.61537	-6.7134	-24.4491
S127E.pdb_A	62	-8.14225	-5.16882	-25.6554
H1023G.pdb_C	72	-6.99766	-3.10188	-8.89559
Q1075E.pdb_C	81	-6.9158	-2.19467	-7.64051
N1025Y.pdb_C	89	-6.85097	-2.11841	-7.43801
E127W.pdb_A	98	-6.40843	-5.40548	-24.6817
D1087Y.pdb_C	104	-3.74718	-4.15659	-10.1956
K118Q.pdb_A	110	-4.31353	-5.54954	-23.9535
Q134A.pdb_A	127	-3.65415	-5.54866	-25.0646
E42G.pdb_A	133	-5.10679	-7.31885	-25.2915
H79D.pdb_A	140	-5.18428	-7.31654	-24.7598
I32G.pdb_A	146	-4.78785	-7.32716	-24.9421
T108E.pdb_A	160	-4.79489	-6.91987	-26.5133
K153Q.pdb_A	170	-4.7753	-7.29486	-24.2436
K14L.pdb_A	178	-5.3016	-7.07398	-24.7824
A106H.pdb_A	184	-5.17901	-7.09359	-25.6575
D121T.pdb_A	190	-5.19222	-8.68776	-24.2108
E99M.pdb_A	198	-3.9187	-7.66945	-25.315
E11F.pdb_A	203	-3.98872	-7.73958	-27.449
M16L.pdb_A	210	-4.05695	-8.101	-24.9085
K27Y.pdb_A	217	-4.03491	-8.14675	-25.8791
T74E.pdb_A	225	-3.86471	-8.09267	-25.9275
Y1087W.pdb_C	230	-2.03782	-1.34321	-9.4047
I1064G.pdb_C	241	-3.23009	-2.90651	-8.76549
D1068C.pdb_C	249	-1.90371	-0.347193	-7.363
P128W.pdb_A	266	-1.89292	-2.85545	-23.9639
A1041R.pdb_C	279	-1.97852	-0.332387	-7.43624
N140F.pdb_A	287	-2.24304	-2.76807	-24.0839
Q101M.pdb_A	297	-1.90122	-2.744	-25.2279
L124Y.pdb_A	306	-1.90076	-2.74534	-25.8311
Q1056W.pdb_C	314	-1.91951	-0.55031	-7.41794
G110K.pdb_A	322	-3.09476	-2.99595	-29.638
D37V.pdb_A	328	-3.0669	-3.07076	-25.0697
W42Y.pdb_A	336	-0.839218	-1.85357	-25.6013
T1067G.pdb_C	343	-0.787628	2.3242	-5.87595
E108M.pdb_A	349	-0.12768	-4.12668	-24.4567
E1033F.pdb_C	356	-0.0655253	2.2855	-9.42471
C1059T.pdb_C	366	0.253479	2.51449	-7.02065
Y55A.pdb_A	378	0.271793	-4.22606	-24.8823
Q1066E.pdb_C	389	0.53931	2.07078	-8.01779
Y1034F.pdb_C	395	0.619755	2.37529	-8.37533
F1033C.pdb_C	410	-0.363953	-0.274468	-5.7785
C1033Q.pdb_C	433	-0.342215	1.93504	-6.45922
R1041Y.pdb_C	449	-0.307292	1.94254	-5.79729
F1064Q.pdb_C	456	-0.424479	0.040099	-5.74224
T91K.pdb_A	470	-0.424551	-0.425289	-23.8659
M1060L.pdb_C	480	-0.635343	-0.544852	-5.30986
A1077C.pdb_C	488	-0.50727	-0.619127	-5.9609
Y125M.pdb_A	499	-1.29098	1.14628	-24.2701
E39Q.pdb_A	510	-1.26386	1.1612	-23.0734
W111L.pdb_A	522	-1.26386	1.23423	-23.7996
L1068T.pdb_C	531	-0.703396	2.24116	-6.60521
I1088C.pdb_C	537	-0.649689	2.89319	-6.33039
L1075F.pdb_C	545	-0.665063	2.90905	-6.55987
V37F.pdb_A	555	-0.665107	0.349285	-24.2007
L75M.pdb_A	571	-0.666029	0.349285	-24.2228
G13D.pdb_A	595	0.506849	1.53475	-24.3245
W26E.pdb_A	602	0.508643	1.93411	-23.1935
E1066Q.pdb_C	607	0.00493934	2.96	-10.6015
S1029E.pdb_C	616	-0.471743	3.11243	-9.1434
Q153E.pdb_A	626	-0.622497	2.06411	-22.6603
G18K.pdb_A	650	-0.902595	1.30739	-25.1821
K1054V.pdb_C	659	-0.375467	1.28985	-6.097
Q59C.pdb_A	670	-0.260141	2.03015	-22.7631
S134C.pdb_A	690	-0.252909	2.0486	-23.6356
I93F.pdb_A	700	-1.52002	2.04869	-22.9044
F1085W.pdb_C	714	-1.57619	0.54784	-12.3752
Y1035E.pdb_C	722	-1.52663	0.445779	-11.1844
E1029P.pdb_C	727	0.454816	1.27663	-9.12006
W1085S.pdb_C	744	0.365867	0.471138	-7.2785
L1038F.pdb_C	749	-0.460976	4.81521	-11.2564
R1091V.pdb_C	754	-0.758322	5.2233	-11.8392
M33W.pdb_A	761	-0.0666722	0.17636	-25.0805
K10C.pdb_A	769	-0.0726629	0.0215713	-22.7345
F1037T.pdb_C	780	-0.0743662	5.65793	-5.15962
T1070M.pdb_C	788	-0.00904036	5.87942	-5.98162
F37E.pdb_A	804	-0.070431	0.115715	-26.6128
C10M.pdb_A	811	-0.285406	1.94841	-25.4199
H1039T.pdb_C	817	-0.029813	7.59043	-6.77926
L55N.pdb_A	823	-0.184799	1.81019	-27.5002
S25D.pdb_A	830	-0.108971	2.36392	-29.7201
Q1066W.pdb_C	836	-0.49485	6.87323	-6.38785
C59V.pdb_A	842	-0.0077983	0.874757	-27.2809
P88L.pdb_A	849	-0.0616477	0.872086	-24.8703
V59I.pdb_A	860	-0.24349	0.802359	-26.9351
E12F.pdb_A	870	-0.345981	0.792268	-26.3872
F100L.pdb_A	878	-0.398444	0.464759	-24.5038
Q141G.pdb_A	899	-0.322862	0.460201	-23.9996
F1081L.pdb_C	913	-0.525826	6.72586	-5.52224
L88K.pdb_A	929	-0.546044	-0.130877	-24.7517
E67P.pdb_A	953	-0.538272	-0.141588	-24.73
L14G.pdb_A	967	-0.199092	0.872663	-24.8182
M16A.pdb_A	976	0.0328587	0.951713	-23.411
W110L.pdb_A	994	-0.229177	0.933234	-23.6452
