name	count	evolved_interaction	ancestral_interaction	stability
K1027A.pdb_C	1	-10.3283	-10.1899	-7.5489
T108V.pdb_A	8	-10.2945	-10.4096	-25.1778
I112F.pdb_A	15	-10.2924	-10.4364	-24.1785
T1042Q.pdb_C	24	-9.89651	-9.96475	-8.68867
M127W.pdb_A	30	-9.99179	-10.3096	-24.1701
D100I.pdb_A	35	-9.43378	-9.9001	-24.4177
A32K.pdb_A	41	-9.36421	-9.88171	-27.4119
R79G.pdb_A	47	-9.78159	-10.2181	-26.6295
R13S.pdb_A	57	-6.49376	-6.92893	-25.2383
V148I.pdb_A	64	-6.44644	-6.99168	-26.006
Y1067M.pdb_C	72	-5.99	-9.38883	-5.91536
S1033L.pdb_C	80	-5.99778	-9.40189	-6.81264
D121M.pdb_A	87	-6.23631	-7.19574	-27.1276
M1054D.pdb_C	94	-3.05531	-8.96676	-6.19294
H1023L.pdb_C	104	-2.67058	-9.56558	-7.11564
G91K.pdb_A	109	-2.61246	-3.17341	-28.258
Q1046E.pdb_C	120	-1.94131	-6.99679	-6.76334
W127R.pdb_A	126	-1.95983	-3.25484	-24.0163
D145R.pdb_A	135	-1.95999	-3.29418	-24.6342
A4K.pdb_A	145	-0.948152	-3.29194	-24.5598
L1048M.pdb_C	154	-0.930276	-5.82955	-7.50036
Q1095V.pdb_C	165	-0.0090398	-4.34334	-5.47164
K74Y.pdb_A	177	-0.559941	-3.77709	-27.7326
F112L.pdb_A	184	-1.13376	-4.09057	-28.1074
G79L.pdb_A	193	-1.1489	-4.10133	-23.8351
V57S.pdb_A	202	-0.981112	-3.95259	-23.8213
H3G.pdb_A	213	0.757045	-1.43593	-23.8224
Q49K.pdb_A	222	0.287833	0.564226	-25.6328
N52Y.pdb_A	234	0.260987	0.661738	-26.8505
A1032H.pdb_C	247	0.338883	-5.68055	-7.80415
E39K.pdb_A	257	0.368085	0.640165	-24.6357
D1050G.pdb_C	263	-0.19754	-5.02691	-7.34922
C115E.pdb_A	273	-0.26684	0.406895	-26.5051
M1067N.pdb_C	278	0.00618362	-4.73552	-6.25028
Y82W.pdb_A	287	0.94925	0.455717	-25.9499
S89W.pdb_A	299	1.0975	0.424163	-24.4942
K18A.pdb_A	311	1.42428	-0.636518	-24.4476
H57Y.pdb_A	317	1.52701	0.470679	-24.8245
Y87T.pdb_A	325	1.45193	0.742414	-23.6421
F1033C.pdb_C	332	1.43427	-2.46013	-5.84908
S156A.pdb_A	341	1.41409	0.8274	-25.0924
E67S.pdb_A	354	1.42667	0.615779	-23.8605
G1057E.pdb_C	360	1.84793	-1.35812	-6.06204
W13L.pdb_A	379	1.75497	1.18576	-25.2168
Q151N.pdb_A	391	1.75402	1.12552	-24.8121
S35C.pdb_A	402	2.25193	2.72084	-24.5201
T1077K.pdb_C	419	1.91083	-3.33496	-7.1207
M1088L.pdb_C	435	2.00893	-2.29348	-6.05123
S136V.pdb_A	457	2.09397	2.15345	-24.8813
G44K.pdb_A	465	2.09751	2.74549	-24.8208
S146K.pdb_A	475	2.01658	2.20662	-25.605
A156L.pdb_A	485	2.32116	2.39698	-23.7622
W1095K.pdb_C	504	1.55891	-3.51779	-5.77868
G138Y.pdb_A	513	1.95898	2.76604	-26.9783
L150K.pdb_A	523	1.96684	2.7271	-26.933
C5V.pdb_A	529	2.03842	2.79326	-27.4437
F105G.pdb_A	536	2.15509	2.75824	-25.8072
A67Y.pdb_A	547	2.03501	2.72858	-25.9331
Y64L.pdb_A	556	2.01317	2.70933	-24.0935
H99E.pdb_A	564	2.64232	2.52856	-25.8467
E18F.pdb_A	576	1.28771	1.57573	-24.6094
K106I.pdb_A	585	2.13317	2.11093	-24.2029
A1051R.pdb_C	598	2.13488	-0.772131	-6.7216
H1050G.pdb_C	611	2.07529	-0.762554	-6.97678
P89K.pdb_A	617	2.19768	2.61101	-23.7766
R1033C.pdb_C	630	2.14013	-0.893991	-7.10236
W53L.pdb_A	637	2.06122	2.75568	-24.4529
C35Y.pdb_A	652	2.05467	2.66005	-23.8627
K1095E.pdb_C	669	2.68824	0.753179	-7.03097
R1090L.pdb_C	676	3.06173	-1.14322	-8.70323
N1025Q.pdb_C	690	2.83744	-0.965338	-6.51775
N79R.pdb_A	703	2.15201	3.37501	-24.7085
L152M.pdb_A	717	2.21049	3.37564	-24.5962
A1027H.pdb_C	725	2.30608	-2.96264	-6.7159
L58I.pdb_A	739	2.30971	3.44895	-25.1769
I92V.pdb_A	750	2.09966	3.51555	-24.4567
L1090Q.pdb_C	758	2.05521	-4.06023	-6.12544
M100V.pdb_A	768	2.22565	3.59994	-24.2224
L156M.pdb_A	774	2.16675	3.58752	-25.7388
R79A.pdb_A	782	2.16686	3.59269	-24.6342
L155R.pdb_A	789	1.94623	3.64644	-24.5507
E1087I.pdb_C	800	1.62255	-3.14166	-7.74757
R1093Q.pdb_C	806	1.68544	-1.55778	-7.80732
K151F.pdb_A	814	1.74718	2.97138	-24.1945
E1046M.pdb_C	825	1.69836	-1.82862	-7.5112
I1042P.pdb_C	846	1.89631	-2.96299	-7.5311
V5C.pdb_A	852	1.55091	3.27369	-25.0995
D154G.pdb_A	861	2.01033	3.40551	-25.8818
Y35W.pdb_A	866	2.27632	2.82968	-24.9081
M1040P.pdb_C	873	2.83484	-2.85692	-8.59085
R1073C.pdb_C	883	3.86808	-1.45775	-7.45929
I58H.pdb_A	895	3.88216	2.84558	-24.9224
Y67D.pdb_A	901	3.8822	2.84759	-26.4277
Q141F.pdb_A	906	3.53633	2.84971	-26.1011
D113C.pdb_A	917	3.72788	2.75127	-25.2035
K4M.pdb_A	929	3.80694	2.66801	-26.3002
E131Q.pdb_A	934	3.82077	2.45428	-24.8034
D49W.pdb_A	943	3.7025	2.47495	-25.3407
N1054A.pdb_C	953	3.7203	1.4948	-7.43585
S7E.pdb_A	966	2.78373	1.91865	-25.7163
F18G.pdb_A	980	2.79224	2.31135	-23.9791
L1043R.pdb_C	1000	2.67224	-0.0530858	-8.6068
