name	count	evolved_interaction	ancestral_interaction	stability
F24H.pdb_A	1	-10.4794	-10.504	-22.717
E1034S.pdb_C	13	-10.3449	-10.2624	-10.3699
Y144H.pdb_A	23	-10.7134	-10.8293	-27.8574
M1083I.pdb_C	29	-10.1939	-9.79026	-8.03405
A142H.pdb_A	36	-10.1126	-10.7329	-24.7125
K76I.pdb_A	45	-10.4699	-10.2604	-24.1751
S1034D.pdb_C	53	-10.46	-8.37696	-9.58451
K1041L.pdb_C	60	-9.13372	-8.52029	-8.55104
F54A.pdb_A	70	-9.59813	-10.2912	-26.1355
Y27W.pdb_A	78	-9.37641	-10.0707	-25.9447
V116A.pdb_A	83	-7.73466	-10.3016	-23.5102
S1029T.pdb_C	88	-7.83706	-7.49891	-7.46584
I1024L.pdb_C	94	-5.29688	-6.43904	-8.41208
P125Y.pdb_A	99	-5.30728	-6.13648	-24.7349
T1043Q.pdb_C	108	-5.45328	-6.15666	-8.72819
N126S.pdb_A	113	-5.44496	-6.55235	-24.7037
D1085V.pdb_C	128	-5.66534	-5.4662	-5.84992
K14L.pdb_A	141	-6.44854	-6.77628	-24.263
K110I.pdb_A	147	-6.58248	-6.71983	-24.5754
Y25I.pdb_A	158	-5.72138	-7.04471	-26.767
L9V.pdb_A	165	-3.02429	-4.07371	-25.8659
I110T.pdb_A	174	-2.98655	-4.27029	-25.2974
K107M.pdb_A	179	-2.66216	-4.13963	-24.4671
H1051I.pdb_C	193	-3.17902	-3.06756	-6.69223
N98V.pdb_A	202	-3.02596	-4.20404	-24.2862
Q19M.pdb_A	211	-2.35581	-3.34464	-24.4223
I121W.pdb_A	220	-2.42073	-3.30937	-24.3703
Q39S.pdb_A	232	-2.54685	-3.3219	-24.2829
V44I.pdb_A	241	-2.26431	-3.97553	-25.4508
N140T.pdb_A	247	-2.26297	-3.97382	-23.6331
S127T.pdb_A	252	-1.97198	-3.66987	-26.5391
W3D.pdb_A	259	-1.97187	-3.69517	-24.8156
E15N.pdb_A	269	-2.01997	-3.80573	-24.2032
K30A.pdb_A	280	-2.32081	-3.4621	-24.1754
S1033K.pdb_C	295	-2.36202	-3.64928	-7.83944
S70G.pdb_A	302	-2.39519	-3.62032	-24.117
Q1091V.pdb_C	315	-2.46348	-4.05861	-8.01534
R71M.pdb_A	326	-2.46357	-3.64568	-26.6082
S54M.pdb_A	331	-2.56327	-3.64823	-24.9279
P1044M.pdb_C	338	-2.5122	-3.17238	-6.28106
S156Q.pdb_A	347	-2.38491	-3.3585	-24.126
V4N.pdb_A	357	-2.34569	-3.36178	-24.584
C1029R.pdb_C	365	-0.230834	-3.12051	-7.45866
K117W.pdb_A	373	-0.552073	-1.21555	-24.2903
V29K.pdb_A	380	-0.606452	-1.23514	-23.9592
I116T.pdb_A	387	-0.634533	-1.22962	-25.163
I129W.pdb_A	399	0.449308	-1.26342	-26.8205
N1034W.pdb_C	412	0.281866	-2.60821	-7.70153
P35I.pdb_A	424	0.282913	-1.23641	-24.1002
N77A.pdb_A	431	0.365363	-0.896805	-24.4832
V98M.pdb_A	442	-0.258066	-0.830094	-24.5603
W142D.pdb_A	452	-0.24469	-0.919224	-25.9971
I96W.pdb_A	467	-0.453084	-1.09973	-23.9683
W57Y.pdb_A	481	-1.24547	-0.00985859	-24.4773
N52V.pdb_A	486	-2.333	1.62431e-06	-24.9749
S39Q.pdb_A	493	-2.03829	0.144564	-24.7323
L14T.pdb_A	504	-1.77959	0.279122	-24.4097
C1064F.pdb_C	518	-1.85116	-4.09207	-4.79053
I44T.pdb_A	526	-1.94926	0.285199	-23.8918
R1071K.pdb_C	533	-1.91243	-4.08929	-5.50062
W121F.pdb_A	541	-1.90915	0.298792	-25.4896
K1066V.pdb_C	552	-4.72917	-5.39197	-7.171
Y1046Q.pdb_C	572	-4.72599	-5.39188	-6.5622
Y57M.pdb_A	587	-3.07031	-0.593619	-24.3613
M1084P.pdb_C	594	-2.79411	-4.48131	-5.9787
N144V.pdb_A	599	-2.80926	-2.44108	-25.4079
V1033M.pdb_C	615	-2.8283	-4.45774	-6.67938
T111C.pdb_A	631	-2.80067	-2.41605	-25.3698
F19Y.pdb_A	653	-3.00262	-2.91673	-23.576
R130F.pdb_A	663	-2.25989	-1.55963	-26.0922
G1029A.pdb_C	672	-1.66119	-3.44317	-6.58028
N149C.pdb_A	677	-1.54644	-1.83579	-23.8242
W1034Q.pdb_C	691	1.10398	-3.91344	-6.07217
K31C.pdb_A	698	0.663733	-0.113872	-24.684
E1087Y.pdb_C	711	-0.960997	-3.06927	-8.99376
P1059I.pdb_C	720	-1.01988	-3.06927	-6.72387
Q156T.pdb_A	727	-1.10403	-0.459748	-24.3417
R1041N.pdb_C	738	-1.40797	-2.25336	-6.60922
S1071Q.pdb_C	750	-2.19777	-3.63959	-7.26589
Q1040I.pdb_C	758	-2.31684	-2.25951	-9.34105
E37A.pdb_A	767	-2.79378	-1.15339	-26.5028
I1081G.pdb_C	776	-1.6945	-2.53723	-6.2353
S1095R.pdb_C	790	-3.09877	-3.57248	-7.06484
I1065M.pdb_C	802	-3.11459	-3.56061	-7.37482
C54Q.pdb_A	807	-0.808426	-0.925242	-27.9629
I125D.pdb_A	812	-0.262829	-0.617735	-27.8519
D125C.pdb_A	819	-0.246728	-0.741213	-26.7764
F1079W.pdb_C	826	-0.240533	4.63583	-6.12701
F5L.pdb_A	834	-0.249286	-0.735422	-25.2712
V89Y.pdb_A	841	-0.413778	-0.789911	-24.8437
V1034C.pdb_C	857	0.136148	0.10654	-7.15612
K30E.pdb_A	866	0.606827	-0.451447	-24.4943
R1032K.pdb_C	876	0.617548	0.173711	-9.04532
C1034I.pdb_C	886	0.585053	-0.280706	-7.21476
W1080T.pdb_C	904	0.481606	4.33221	-6.37351
P132M.pdb_A	915	0.339073	-0.493745	-24.0232
K1065W.pdb_C	937	0.604318	3.75852	-7.34916
V137Q.pdb_A	957	0.519734	-0.00681634	-27.4088
P1042S.pdb_C	963	0.430181	3.87885	-6.06097
A106R.pdb_A	972	0.796543	-0.040935	-28.76
F141L.pdb_A	977	0.864576	0.192851	-25.281
K91R.pdb_A	983	0.765613	0.193005	-25.0429
S1042M.pdb_C	991	0.76083	4.17724	-7.75916
H58Y.pdb_A	997	1.65079	1.07152	-25.472
