name	count	evolved_interaction	ancestral_interaction	stability
Q101D.pdb_A	1	-10.5028	-10.5196	-25.0032
T91K.pdb_A	6	-10.5529	-10.5311	-28.7464
T61M.pdb_A	12	-10.206	-10.4418	-26.3486
K18V.pdb_A	21	-9.30592	-9.51995	-23.9188
S3D.pdb_A	36	-9.32857	-9.51847	-24.2267
K74Y.pdb_A	43	-9.14965	-9.5243	-23.9739
D1075A.pdb_C	52	-7.52883	-8.55881	-6.4329
E42V.pdb_A	59	-6.16431	-7.11578	-25.6987
V18R.pdb_A	65	-6.38305	-7.87788	-25.1032
Q7F.pdb_A	71	-6.58326	-8.026	-24.4201
Y51S.pdb_A	79	-6.73593	-7.96822	-24.2576
K1040N.pdb_C	92	-6.3547	-9.20072	-5.73508
D100I.pdb_A	105	-6.15856	-7.67666	-25.2616
S133V.pdb_A	110	-5.84423	-7.63799	-24.7467
V1061S.pdb_C	119	-5.89318	-8.62696	-7.03277
E1084G.pdb_C	129	-4.22717	-6.85783	-8.11777
F1052W.pdb_C	141	-4.36438	-7.32684	-6.60079
E1090V.pdb_C	150	-4.40776	-6.12707	-8.3121
I115V.pdb_A	158	-4.42876	-7.57585	-23.9482
F22D.pdb_A	166	-1.52514	-4.19877	-25.0979
C1064K.pdb_C	176	-1.53353	-5.28708	-7.83074
E1038G.pdb_C	181	-2.81779	-4.40794	-8.03174
V115Q.pdb_A	189	-3.14168	-4.36132	-26.6037
Q10F.pdb_A	196	-2.91564	-4.1042	-28.1502
K127M.pdb_A	204	-2.9993	-4.10711	-27.6399
G1084A.pdb_C	212	-3.95108	-4.92121	-6.17443
Q1023W.pdb_C	220	-4.23486	-3.01439	-6.40167
S156V.pdb_A	230	-4.07796	-3.46833	-26.0302
V1059I.pdb_C	235	-4.27116	-5.58289	-6.42497
I1059Y.pdb_C	249	-4.08835	-5.66842	-6.23593
C125Y.pdb_A	259	-4.10769	-4.45367	-24.4772
H18F.pdb_A	269	-4.701	-3.8105	-26.8748
D102G.pdb_A	275	-4.6541	-3.81048	-24.7014
Y121L.pdb_A	285	-4.84679	-3.86393	-26.8704
W151M.pdb_A	295	-3.24463	-0.493932	-26.5706
G27K.pdb_A	307	-3.16208	-0.714102	-24.2751
S1061G.pdb_C	314	-3.26359	-7.664	-6.11846
C1085A.pdb_C	327	-3.25509	-7.65113	-6.41354
I1024Q.pdb_C	341	-3.00598	-7.29752	-6.03709
S35C.pdb_A	348	-2.93375	-1.19095	-24.0467
S88W.pdb_A	355	-1.03272	1.93291	-24.9836
K1092T.pdb_C	361	-1.72794	-5.93835	-7.51744
K1041N.pdb_C	367	-1.79382	-5.83815	-7.46126
L149G.pdb_A	373	-3.39365	-3.58078	-24.1864
V126T.pdb_A	383	-3.40462	-3.56754	-25.652
K146H.pdb_A	390	-3.35723	-3.46039	-28.3923
L150N.pdb_A	398	-3.41094	-3.52904	-25.9694
Y14E.pdb_A	407	-3.30458	-3.1411	-26.7485
Q1073N.pdb_C	418	-3.32039	-7.59975	-5.73878
W48M.pdb_A	433	-1.75616	-0.77523	-24.9796
S1094G.pdb_C	442	-1.77857	-7.56837	-6.87957
H1047T.pdb_C	452	-1.66049	-7.02813	-7.21615
H146S.pdb_A	463	-1.57208	-1.38935	-25.3539
L139A.pdb_A	471	-1.5732	-1.47033	-25.1675
P59R.pdb_A	478	-2.06404	-1.061	-24.5434
R32Q.pdb_A	487	-2.19702	-0.992412	-23.9646
E1034L.pdb_C	501	-2.53549	-6.66038	-7.53733
K1086L.pdb_C	508	-2.39732	-7.88061	-7.19412
I33D.pdb_A	519	-2.28242	-0.933692	-24.7439
S1027T.pdb_C	527	-2.51808	-8.57543	-7.29469
T93E.pdb_A	535	-2.54277	-0.811873	-24.2451
K1074G.pdb_C	549	-2.54368	-6.9461	-6.82881
E14W.pdb_A	557	-3.57119	-0.452874	-28.2575
E50G.pdb_A	563	-3.56766	-0.642884	-30.4454
G80Y.pdb_A	570	-3.56803	-0.637369	-25.2934
D29S.pdb_A	584	-3.72469	-0.694639	-24.9546
K82E.pdb_A	595	-3.7266	-0.619356	-24.5221
A129K.pdb_A	601	-3.73214	-0.609744	-24.4511
V1080I.pdb_C	614	-3.97428	-6.91146	-7.90897
A1049I.pdb_C	624	-4.0321	-6.58872	-7.33547
N1073P.pdb_C	634	-4.01518	-5.835	-8.41325
F114E.pdb_A	648	-3.08791	-1.65415	-24.9723
F1070N.pdb_C	657	-3.72111	-5.4661	-6.82731
D49V.pdb_A	668	-3.72382	-1.5681	-25.0844
L1034W.pdb_C	677	-3.63668	-5.93951	-6.47565
V49K.pdb_A	687	-3.69788	-2.643	-25.6075
H99P.pdb_A	704	-1.81032	-2.71188	-25.5577
H1057G.pdb_C	725	-2.50225	-2.47015	-8.22968
E11R.pdb_A	739	-2.86238	-4.19225	-24.2375
S61L.pdb_A	749	-2.79679	-4.07162	-26.4617
L9I.pdb_A	756	-2.54301	-3.204	-24.2534
F1052K.pdb_C	762	-2.8127	28.58	-8.15498
E1081N.pdb_C	772	-2.32474	28.6882	-8.72885
M119L.pdb_A	786	-2.30615	-3.28439	-23.4279
A1079W.pdb_C	799	-3.15881	27.0497	-5.88778
V1087C.pdb_C	806	-3.43122	-4.80278	-6.94603
C62M.pdb_A	813	-3.26259	-3.65616	-26.1351
L38N.pdb_A	820	-3.24675	-3.89765	-23.7815
I7G.pdb_A	829	-3.08533	-3.55568	-24.8806
V149S.pdb_A	839	-2.54769	-3.51777	-23.9055
Y1059H.pdb_C	850	-2.36821	-2.88819	-5.63353
D118W.pdb_A	864	-2.32268	-3.46724	-25.679
H88G.pdb_A	872	-2.32274	-3.46919	-25.1392
I1046N.pdb_C	881	-2.35302	-2.90093	-5.95694
H51M.pdb_A	897	-2.32163	-3.45167	-24.3717
M1071Y.pdb_C	907	-2.34278	-2.95285	-5.84067
D100T.pdb_A	913	-2.32662	-3.38383	-25.4841
M117Q.pdb_A	920	-2.41419	-3.01565	-25.4534
Y91Q.pdb_A	929	-1.17904	-3.01065	-24.0509
F1024C.pdb_C	937	-1.44463	-0.976859	-6.57835
K15L.pdb_A	945	-1.43705	-2.98683	-23.5885
T100F.pdb_A	963	-0.130849	-3.39267	-25.377
W31D.pdb_A	975	-0.209914	-1.07722	-24.2362
R1027K.pdb_C	991	0.0739509	-1.01862	-6.79481
