name	count	evolved_interaction	ancestral_interaction	stability
L1081T.pdb_C	1	-10.5059	-10.3896	-6.51704
D1068W.pdb_C	7	-9.18047	-5.09486	-8.32996
S1062P.pdb_C	19	-8.31873	-4.04719	-11.5913
S156F.pdb_A	30	-8.45477	-8.7462	-23.1294
E1034Q.pdb_C	43	-8.32253	-4.56484	-9.07185
N124V.pdb_A	53	-8.53757	-8.24241	-24.6335
Q117K.pdb_A	60	-8.31782	-8.34139	-27.3422
L1066T.pdb_C	65	-8.97497	-4.4614	-5.78404
Q130M.pdb_A	77	-9.32372	-8.43753	-24.2175
L1063M.pdb_C	83	-8.95443	-3.85043	-6.01946
N66K.pdb_A	94	-9.14042	-8.46077	-24.2133
W3R.pdb_A	110	-9.12217	-8.55924	-25.5424
E87L.pdb_A	117	-9.12594	-8.54847	-24.8294
T1043N.pdb_C	127	-8.33668	-4.86562	-7.65929
A79D.pdb_A	135	-7.02114	-6.99753	-23.7476
S1032Q.pdb_C	157	-7.0345	-3.33676	-8.528
W39P.pdb_A	163	-7.03629	-8.16422	-29.7189
K30N.pdb_A	168	-6.19493	-6.36004	-25.3064
G115Y.pdb_A	175	-6.09305	-6.58964	-26.6333
R13S.pdb_A	180	-5.93674	-2.47686	-25.5023
S138R.pdb_A	189	-5.94994	-2.47686	-26.9113
K117Q.pdb_A	201	-6.06528	-2.43505	-25.1229
T1070H.pdb_C	209	-6.9024	-6.2507	-8.02862
Q1040N.pdb_C	220	-6.82359	-6.14002	-6.46772
M1025K.pdb_C	234	-6.57363	-5.92744	-6.74771
Q117L.pdb_A	245	-7.01169	-4.04313	-25.057
A32E.pdb_A	252	-6.85085	-3.6428	-25.6941
A89W.pdb_A	267	-6.87832	-3.36975	-24.1933
N1043F.pdb_C	278	-6.68575	-4.31182	-4.893
Q111D.pdb_A	289	-5.25799	-1.35496	-25.4076
E32W.pdb_A	302	-5.2782	-1.28418	-24.308
Q1034C.pdb_C	309	-5.34759	-3.26805	-5.47147
N1082S.pdb_C	321	-5.35755	-3.32212	-5.02335
C1044Y.pdb_C	328	-4.50136	-5.65625	-6.99281
K1025V.pdb_C	337	-4.46145	-5.46456	-7.20462
K33C.pdb_A	345	-4.70401	-1.28755	-27.9956
F144E.pdb_A	350	-4.30603	-1.26773	-26.0641
K1038E.pdb_C	356	-3.61823	-5.85808	-8.31175
H154N.pdb_A	368	-3.67199	-0.506125	-24.1771
S27Q.pdb_A	379	-2.88496	-0.191376	-25.8623
M3P.pdb_A	386	0.349064	1.70323	-25.2783
Y1044C.pdb_C	398	-0.0190124	1.94314	-7.27834
R1061E.pdb_C	412	-0.153675	1.9374	-7.41981
T1076W.pdb_C	418	-0.261753	1.79764	-6.1745
V143F.pdb_A	433	-0.301125	1.82791	-26.1762
Y103H.pdb_A	438	-0.327764	1.96992	-24.4732
R1043V.pdb_C	448	-0.0168394	1.73373	-9.78871
D35C.pdb_A	458	-0.0523306	1.87498	-26.0553
E49C.pdb_A	465	-2.34731	0.270663	-25.5675
I59Y.pdb_A	475	-2.11048	-2.44669	-25.0767
P3N.pdb_A	482	-2.11045	-2.44519	-25.6141
Q10W.pdb_A	491	-2.23475	-2.63855	-25.5593
P128A.pdb_A	501	-2.21263	-2.51192	-25.7412
K18G.pdb_A	508	-1.20038	-1.39523	-27.3087
P39K.pdb_A	519	-1.21234	-1.24507	-25.6169
A1064M.pdb_C	533	-0.993956	2.22031	-8.30562
I1072Q.pdb_C	540	1.40954	2.57529	-7.06518
L87C.pdb_A	547	1.44676	-0.950941	-24.8368
Y1067L.pdb_C	561	0.426752	1.0852	-6.36115
L1048V.pdb_C	587	0.65925	1.48276	-6.84302
V148L.pdb_A	595	0.914896	-2.78978	-27.0329
R1055T.pdb_C	606	0.109275	1.67021	-7.03021
N3P.pdb_A	614	-0.160324	-2.87031	-24.9781
S70R.pdb_A	623	-0.154629	-2.37041	-25.6304
D1045E.pdb_C	633	-0.205758	1.69547	-6.12776
K15I.pdb_A	640	-0.172997	-2.39438	-27.4809
F155M.pdb_A	646	-0.0944633	-2.73509	-25.5435
K1027I.pdb_C	653	1.18114	4.35436	-8.50302
Y6M.pdb_A	662	0.141509	-2.18603	-25.2812
M130E.pdb_A	680	-0.152363	-2.19124	-24.4481
N55S.pdb_A	694	-0.152282	-2.37449	-26.2435
F101V.pdb_A	701	-0.150206	-2.36522	-26.3664
W134E.pdb_A	714	-0.14041	-2.44295	-25.0147
C49T.pdb_A	733	-0.0945789	-2.45083	-24.6619
N108F.pdb_A	743	-0.1553	-2.37279	-25.1192
Q1095S.pdb_C	758	-0.473127	-1.04019	-6.166
S151R.pdb_A	765	-0.381172	-2.37212	-26.1363
N22H.pdb_A	772	-0.319345	-1.2002	-25.241
L1035N.pdb_C	789	-0.295279	-1.17094	-6.00678
I67H.pdb_A	801	-0.89249	-1.00112	-25.0543
Y1033M.pdb_C	812	-0.979737	0.0940968	-8.65655
C42Q.pdb_A	826	-0.960637	-1.00659	-25.8132
I1036M.pdb_C	836	-0.902603	0.241743	-8.26726
Y1041N.pdb_C	843	-1.06503	0.235672	-7.28833
R115W.pdb_A	852	-1.06955	-1.14542	-27.6906
C1033I.pdb_C	860	-1.31346	0.142646	-8.40047
R70Q.pdb_A	869	-1.30708	-1.42011	-27.1176
L128R.pdb_A	877	-1.30895	-1.41629	-25.0881
D145K.pdb_A	890	-1.30954	-1.37033	-25.9079
S1029R.pdb_C	920	1.22576	-0.943241	-8.91067
S156Y.pdb_A	926	1.3724	1.11698	-25.3199
L22A.pdb_A	933	1.45507	2.67891	-26.4122
C32G.pdb_A	938	1.35691	2.23953	-24.6857
G56A.pdb_A	950	0.933982	2.19207	-23.8948
F49D.pdb_A	963	0.158184	2.30062	-23.6736
D1079M.pdb_C	974	-0.758166	-6.67215	-6.26135
Y57F.pdb_A	980	-1.58517	2.61981	-24.0393
W1065F.pdb_C	994	-2.53387	-7.21728	-11.8503
