name	count	evolved_interaction	ancestral_interaction	stability
N126Y.pdb_A	1	-10.4946	-10.5197	-26.1537
R17M.pdb_A	6	-6.44902	-6.21985	-30.0264
P105M.pdb_A	12	-6.26248	-6.22503	-30.2083
S35E.pdb_A	17	-5.83086	-5.77515	-29.066
Y93L.pdb_A	22	-5.91496	-5.64336	-25.8847
R1064Y.pdb_C	33	-5.43563	-5.4863	-6.57041
K110F.pdb_A	47	-6.17983	-5.91658	-24.3343
P108K.pdb_A	53	-6.14519	-5.87709	-25.3653
Q1076V.pdb_C	63	-6.14325	-6.12122	-9.1953
D121P.pdb_A	72	-6.1309	-5.87989	-25.5433
P1044G.pdb_C	80	-6.83699	-5.80305	-8.64986
P1036W.pdb_C	88	-6.55776	-3.69895	-7.12229
D37Y.pdb_A	104	-6.207	-5.69845	-24.0883
T1042K.pdb_C	114	-6.38557	-3.31705	-7.38278
K40R.pdb_A	123	-6.41236	-6.24626	-23.6212
M17R.pdb_A	137	-5.705	-7.43091	-23.9932
E1059A.pdb_C	150	-4.97617	-2.60637	-6.61179
G56A.pdb_A	159	-5.01145	-7.52116	-24.0694
D154E.pdb_A	173	-4.3367	-6.34268	-24.0541
R67Y.pdb_A	190	-4.13422	-5.60672	-23.8985
Y37E.pdb_A	204	-4.11407	-5.51097	-23.8217
Q117C.pdb_A	213	-2.74565	-2.84185	-25.2018
D33F.pdb_A	221	-2.78841	-2.91721	-23.838
L74M.pdb_A	237	-4.67471	-2.92139	-24.9494
T61W.pdb_A	252	-4.13292	-2.72137	-26.6274
M1060P.pdb_C	260	-4.14099	-1.96372	-6.37411
S95N.pdb_A	273	-4.3628	-2.62872	-25.2794
A14T.pdb_A	278	-4.35916	-2.86524	-25.6064
S70N.pdb_A	287	-4.1113	-2.98467	-25.9709
K108Q.pdb_A	293	-4.13449	-2.83242	-24.551
F33L.pdb_A	299	-4.10293	-2.87434	-24.4464
M1049I.pdb_C	320	-3.06559	-0.0565064	-7.89062
F137W.pdb_A	329	-3.06735	-1.92424	-23.8504
K124E.pdb_A	338	-3.06714	-1.77217	-26.0121
W1076F.pdb_C	348	-2.94661	-0.024144	-7.13446
D99E.pdb_A	358	-2.94635	-2.05521	-24.1819
A1062S.pdb_C	373	-3.06865	-0.144224	-5.97426
T133G.pdb_A	382	-3.06742	-2.10788	-24.8424
R111V.pdb_A	391	-2.55498	-1.87765	-23.2764
K141V.pdb_A	396	-3.80561	-1.82987	-23.8614
E27T.pdb_A	412	-3.87419	-3.17905	-25.3985
I105V.pdb_A	419	-3.94334	-3.17919	-24.4166
W126H.pdb_A	430	-3.98525	-2.76254	-24.362
N1025L.pdb_C	438	-3.4293	-1.516	-8.92729
I1088F.pdb_C	450	-1.87824	-4.09031	-5.97819
K1054L.pdb_C	463	-1.9975	-4.08165	-6.71563
Y1064V.pdb_C	471	-2.20206	-4.30253	-7.9246
M4A.pdb_A	481	-1.63513	-2.34662	-25.8492
L76W.pdb_A	489	-1.6335	-2.34615	-24.0039
P71Y.pdb_A	506	-1.62037	-2.33889	-26.9209
D1058G.pdb_C	516	-1.65456	-4.48763	-7.52653
H1036E.pdb_C	527	-1.66334	-4.48041	-7.22276
G1061Y.pdb_C	543	-1.64949	-4.47335	-7.15966
M1051D.pdb_C	556	-2.133	-4.47253	-7.07425
Y71H.pdb_A	562	-2.07522	-2.16631	-24.9116
Y40H.pdb_A	570	-1.76415	-2.17534	-24.7597
W1032N.pdb_C	582	-1.72143	-4.36196	-6.13951
N100C.pdb_A	601	-1.78237	-2.17106	-23.9798
H122R.pdb_A	619	-1.29199	-2.16968	-24.494
N39F.pdb_A	627	-0.504059	-2.16845	-25.4056
L9V.pdb_A	642	-0.62486	-2.35413	-24.3319
V139N.pdb_A	651	-0.6167	-2.36519	-25.0543
A1082T.pdb_C	661	-0.592229	-3.22569	-6.71157
E30D.pdb_A	667	-0.666075	-2.66087	-26.2894
I1027R.pdb_C	674	-0.249567	-3.34677	-5.59469
G1040R.pdb_C	684	-0.267363	-3.34935	-7.59616
S1088W.pdb_C	697	1.9864	-2.87805	-6.74083
E1036A.pdb_C	705	-0.633956	-3.41824	-6.76865
L46T.pdb_A	712	-0.588943	-2.51402	-24.8086
L48R.pdb_A	720	-0.695807	-3.80635	-24.0513
M74L.pdb_A	734	-0.590293	-3.7316	-24.8696
C78G.pdb_A	741	-0.473941	-4.01135	-26.359
S1029Q.pdb_C	748	-1.10245	-3.93165	-6.35291
E99V.pdb_A	754	-1.14839	-3.84372	-24.2991
R36S.pdb_A	762	-1.10224	-2.5502	-24.5293
N1084L.pdb_C	770	0.570706	-4.66968	-7.15889
A130S.pdb_A	778	0.587309	-2.56274	-24.8539
N4S.pdb_A	788	0.61441	-2.54579	-25.9752
L1048I.pdb_C	793	0.918328	-4.06096	-7.65934
V75I.pdb_A	801	0.873083	-2.55719	-24.4319
L1084R.pdb_C	809	0.0515669	-4.92576	-5.86927
L1056K.pdb_C	817	-1.10325	-4.61117	-5.6972
Q108E.pdb_A	836	-0.662965	-4.62146	-24.5969
H71R.pdb_A	845	0.161252	-4.62192	-26.1107
C145V.pdb_A	855	0.242355	-4.91001	-26.686
Y87F.pdb_A	868	0.194397	-5.91724	-25.2834
F110Q.pdb_A	882	0.530884	-5.52078	-24.809
K1088L.pdb_C	896	0.440629	-4.34641	-6.55134
H1075L.pdb_C	913	0.666305	-5.72327	-6.46746
N140T.pdb_A	921	0.356521	-3.46994	-23.8558
C99A.pdb_A	935	-0.21837	-3.63239	-26.384
K13W.pdb_A	940	-0.676894	-4.02689	-30.1931
N121W.pdb_A	951	-0.683363	-4.17103	-24.6182
I104T.pdb_A	958	-0.683235	-3.92972	-25.093
G70V.pdb_A	970	-0.911807	-3.92352	-24.7237
H1050N.pdb_C	976	-0.233959	-4.10318	-6.97427
Q89W.pdb_A	988	-0.287406	-3.90471	-24.6098
L1023W.pdb_C	996	-0.33783	-4.31752	-6.4526
