name	count	evolved_interaction	ancestral_interaction	stability
D1061P.pdb_C	1	-10.5012	-5.37914	-10.5237
K74M.pdb_A	6	-10.6831	-10.6333	-28.7165
E1079G.pdb_C	11	-10.1709	-10.3163	-9.05924
Y87M.pdb_A	18	-9.51075	-3.93384	-25.3826
G29D.pdb_A	31	-9.05303	-9.32133	-25.6101
K31D.pdb_A	37	-9.16471	-9.39936	-25.0951
K110Y.pdb_A	46	-8.9336	-9.28047	-24.7344
S127F.pdb_A	56	-8.99753	-9.2803	-25.8645
Q111V.pdb_A	65	-8.14562	-9.17406	-28.2546
E1084D.pdb_C	70	-7.44411	-8.9824	-9.54927
I138Q.pdb_A	81	-7.68873	-9.05561	-26.6239
R1047H.pdb_C	88	-8.13248	-10.0804	-8.21575
T91I.pdb_A	94	-7.52699	-9.26258	-27.1849
V100P.pdb_A	103	-7.40535	-9.15633	-25.7052
P84G.pdb_A	111	-7.41272	-9.34178	-24.3315
E1034Y.pdb_C	123	-7.56479	-9.55833	-8.07475
S136M.pdb_A	129	-7.79848	-9.34992	-25.2976
L4Y.pdb_A	138	-7.93401	-9.59123	-24.7795
P125K.pdb_A	149	-7.96872	-8.92149	-25.3008
I150R.pdb_A	156	-7.94908	-8.87837	-26.827
C93W.pdb_A	179	-4.48005	-7.52714	-25.4853
S1094R.pdb_C	197	-4.58802	-8.81111	-8.37366
W1039M.pdb_C	209	-4.56569	-8.82868	-7.57704
D31G.pdb_A	221	-4.56665	-7.39344	-24.085
K125C.pdb_A	231	0.661997	-2.62609	-24.1889
C1028L.pdb_C	244	0.546201	-7.39798	-9.40864
M1039N.pdb_C	251	0.454578	-7.39414	-8.18957
F1036T.pdb_C	257	0.332404	-7.48132	-7.39941
E1027A.pdb_C	265	-0.578568	-7.27984	-7.09622
W3M.pdb_A	272	-0.610148	-2.67876	-23.779
E49T.pdb_A	277	-0.278004	-2.78603	-23.8574
I1045M.pdb_C	290	-0.724362	-6.6154	-6.69563
N117A.pdb_A	301	-0.768446	-3.1969	-24.1645
M27R.pdb_A	310	-1.40011	-3.83455	-25.7672
E140S.pdb_A	320	-1.54566	-4.0651	-24.6409
D1079T.pdb_C	332	-1.30946	-6.15309	-6.42231
Q1095G.pdb_C	341	-1.4807	-6.16502	-9.39608
D1086Y.pdb_C	348	-0.0889018	-4.01719	-7.86266
S35L.pdb_A	355	-0.07163	-3.95746	-24.9796
E138C.pdb_A	361	-0.0713916	-3.96019	-26.8333
I112N.pdb_A	368	-0.0710395	-3.88755	-24.3744
L35A.pdb_A	373	-0.0240951	-3.77655	-25.8617
W53F.pdb_A	384	-1.66639	-3.81468	-24.0554
C138R.pdb_A	396	-1.66599	-3.81722	-24.8629
I1029S.pdb_C	402	-0.718433	-4.0175	-10.1805
A108T.pdb_A	409	-0.661413	-3.66424	-26.2303
L1063A.pdb_C	414	-1.69313	-4.06003	-6.03597
Y1086M.pdb_C	420	-1.82578	-5.12685	-6.04176
C125D.pdb_A	429	-1.84752	-3.71081	-25.1062
W153E.pdb_A	434	-1.93237	-3.98014	-24.7679
H10M.pdb_A	448	-1.92105	-3.93377	-26.2016
G128F.pdb_A	453	-2.13104	-4.17571	-24.4654
F128R.pdb_A	460	-2.15679	-4.11567	-24.6728
G37S.pdb_A	468	-1.18178	-2.61315	-24.5064
D18E.pdb_A	482	-0.715913	-1.33291	-25.4294
A1027V.pdb_C	491	-0.841748	-4.58722	-8.50248
Y1078L.pdb_C	497	-0.852527	-4.58741	-7.81241
Q151I.pdb_A	509	-0.97521	-1.23473	-24.8073
N146F.pdb_A	522	-0.950014	-1.39298	-24.3006
K1059W.pdb_C	532	-0.993493	-4.15882	-6.89108
W1059S.pdb_C	538	-0.907949	-4.15756	-6.57471
R104H.pdb_A	543	-0.872343	-1.52905	-24.4519
A35Y.pdb_A	553	-0.49993	-1.04494	-24.6788
F53I.pdb_A	560	-0.484211	-1.05861	-26.6043
K1087M.pdb_C	566	-1.62738	-6.77943	-6.07098
K22L.pdb_A	583	-1.63722	-2.52599	-24.4158
M55A.pdb_A	593	-2.08275	-2.64162	-24.7839
A105G.pdb_A	602	-2.51526	-3.12609	-26.968
S1077A.pdb_C	609	-2.61869	-4.88853	-6.53274
R138S.pdb_A	617	-2.42101	-3.40666	-24.4651
H1033D.pdb_C	627	-2.43618	-4.52441	-6.43209
W1054A.pdb_C	636	-2.6157	-4.13285	-5.97652
T108F.pdb_A	652	-2.7796	-3.4774	-24.9632
Y57N.pdb_A	664	-2.8512	-3.24098	-25.1213
F1055C.pdb_C	672	-4.06746	-4.20447	-7.26601
D125K.pdb_A	679	-4.05501	-3.07174	-24.1546
R139G.pdb_A	688	-2.05893	1.02328	-24.5463
N57C.pdb_A	704	-1.51295	1.41079	-25.6129
S1066G.pdb_C	719	-1.11999	-2.49475	-6.37828
K125I.pdb_A	732	-0.9663	2.46884	-25.1168
C37W.pdb_A	739	-0.971022	2.46745	-26.6529
K1046E.pdb_C	745	-0.679927	-3.15033	-5.50818
W134Y.pdb_A	758	-0.679929	2.54849	-24.697
D80R.pdb_A	771	-0.67993	2.53874	-24.8644
C149N.pdb_A	780	-0.500483	2.55207	-25.5049
M1060S.pdb_C	786	-0.958015	-2.51153	-5.3378
K1062F.pdb_C	798	-0.963965	-2.50048	-5.25696
I1074W.pdb_C	814	-1.65158	-2.49983	-5.91224
A1079M.pdb_C	821	-1.86728	-2.50892	-6.76788
R1094G.pdb_C	827	-1.84686	-2.42502	-5.454
G44N.pdb_A	834	-2.04895	1.83955	-26.3512
R1044M.pdb_C	841	-2.14035	-2.4186	-6.06974
A79M.pdb_A	847	-2.17979	1.71126	-25.5364
W32P.pdb_A	864	-2.19527	1.87412	-25.644
C117V.pdb_A	878	-2.00969	3.57009	-26.0126
G1066T.pdb_C	890	-2.59784	-2.54061	-7.13563
M104I.pdb_A	901	-2.63543	5.80763	-24.8963
F111T.pdb_A	911	-2.77465	5.71541	-24.5267
Y156T.pdb_A	928	-2.73997	2.87032	-22.9239
F1068R.pdb_C	942	-0.265457	0.233036	-5.73982
V61N.pdb_A	953	-0.209195	5.0091	-24.3689
P52N.pdb_A	961	-0.340859	4.64932	-24.1631
H1038F.pdb_C	973	-0.323775	-0.730318	-8.94599
I1064L.pdb_C	984	-0.313885	-0.728313	-9.14845
N44E.pdb_A	994	0.0573855	4.78839	-24.3167
