name	count	evolved_interaction	ancestral_interaction	stability
Y25I.pdb_A	1	-10.2786	-10.301	-25.0918
A1091I.pdb_C	7	-10.203	-10.409	-11.015
T82N.pdb_A	16	-9.89437	-10.4092	-24.1604
Q1076S.pdb_C	23	-10.1299	-10.3231	-9.5724
S1062T.pdb_C	30	-7.98137	-8.36748	-10.2327
K1027G.pdb_C	40	-8.05749	-7.91949	-8.2208
T51V.pdb_A	45	-8.41607	-9.93631	-25.6482
V1028F.pdb_C	53	-8.41961	-7.64092	-7.88213
S136F.pdb_A	58	-8.47347	-9.98287	-28.0976
E1079R.pdb_C	65	-8.24241	-7.44662	-6.86859
Y95L.pdb_A	72	-7.39794	-8.59649	-25.9947
L1048P.pdb_C	79	-3.79753	-7.28145	-7.36022
T91M.pdb_A	85	-3.86861	-4.72815	-26.2808
E44N.pdb_A	91	-4.30058	-5.00608	-26.2846
D21P.pdb_A	106	-4.01585	-4.47043	-29.8867
I1072V.pdb_C	117	-4.21452	-7.13366	-6.50578
R1093A.pdb_C	124	-4.15644	-7.13764	-8.4118
S138N.pdb_A	134	-4.18361	-1.38277	-24.1926
R139K.pdb_A	140	-4.18755	-4.73482	-28.0297
A1051G.pdb_C	146	-4.16997	-7.48234	-7.17985
M91L.pdb_A	160	-4.03867	-4.6702	-24.811
P1075R.pdb_C	167	-4.19346	-6.45964	-6.10704
N138S.pdb_A	180	-4.73909	-5.73924	-24.3042
N54R.pdb_A	189	-3.52271	-5.79542	-25.2492
A1074E.pdb_C	200	-3.50768	-6.78109	-7.29537
S1033R.pdb_C	210	-3.48601	-6.70954	-8.78506
P1078K.pdb_C	219	-3.44562	-6.67141	-7.2775
G1069C.pdb_C	228	0.902639	0.174701	-7.06789
S35P.pdb_A	234	0.706019	-5.14659	-25.7329
K18W.pdb_A	248	1.23499	-4.28236	-25.3337
D1030L.pdb_C	262	1.15624	0.275871	-6.11891
F136K.pdb_A	274	1.10063	-4.18108	-25.0213
T1062D.pdb_C	280	0.0887569	7.60661	-7.26401
W1061Q.pdb_C	298	-1.68055	2.60023	-5.09041
E42C.pdb_A	308	-1.20811	-1.72161	-25.9944
L1084F.pdb_C	315	-2.51486	2.61332	-5.49983
L99R.pdb_A	324	-2.38816	-2.20013	-24.3692
A25I.pdb_A	336	0.571743	-2.38148	-24.6762
N140L.pdb_A	347	0.09681	-2.43566	-26.8978
M63D.pdb_A	353	0.0484895	-2.44166	-26.128
W142N.pdb_A	358	0.480292	-2.14359	-24.7892
D1068L.pdb_C	366	0.361412	1.61243	-7.12375
C1069W.pdb_C	371	-1.13137	0.864468	-5.97944
G31W.pdb_A	381	-1.48633	-2.49699	-24.144
F101A.pdb_A	389	-1.49987	-2.63562	-26.5036
M36H.pdb_A	399	-1.87741	-3.12245	-24.5066
D74G.pdb_A	416	-1.90006	-3.10414	-24.376
L127M.pdb_A	425	-1.96855	-3.18927	-26.17
W153C.pdb_A	436	-2.06324	-3.12482	-24.2238
E71K.pdb_A	446	-2.24829	-1.59067	-24.7782
Q1056Y.pdb_C	460	-2.11203	1.08324	-6.7454
L38R.pdb_A	467	-2.0796	-1.53191	-24.6513
D1033Q.pdb_C	472	-1.82112	0.962202	-8.8374
W16M.pdb_A	480	-1.98758	-1.73137	-24.7654
Q1059W.pdb_C	491	-2.21386	-2.53182	-8.35868
G20S.pdb_A	500	-1.81637	-1.2115	-24.8413
M1060P.pdb_C	509	-1.65402	-2.93908	-7.09471
A147E.pdb_A	522	-1.18836	-1.33132	-25.6243
E15D.pdb_A	527	-0.959999	-1.21386	-25.221
R1046L.pdb_C	536	-0.994996	-2.72033	-6.95683
E1034K.pdb_C	547	1.2389	-0.739375	-8.67901
S138N.pdb_A	562	0.771343	-1.38277	-24.1926
S100C.pdb_A	575	-0.0338368	-1.43442	-24.1813
R91Y.pdb_A	581	-0.108561	-1.37791	-25.5891
G49M.pdb_A	588	-0.329474	-1.6514	-25.6006
G1053A.pdb_C	595	-0.470873	-1.91237	-7.95057
G1057N.pdb_C	603	-0.13023	-1.51512	-8.57916
N105A.pdb_A	609	-0.105033	-1.62951	-25.5138
Q1033C.pdb_C	620	-2.80036	-1.61094	-7.06403
R106W.pdb_A	631	-2.8021	-0.907435	-24.4516
M1093Q.pdb_C	650	-2.87308	-0.991557	-6.45897
I12Y.pdb_A	663	-1.45223	-0.765391	-24.4902
N76A.pdb_A	671	-1.35122	-0.900196	-25.366
K1092M.pdb_C	677	-0.976771	-2.14732	-7.16179
I1073V.pdb_C	682	-0.286895	-0.190012	-6.42326
K14W.pdb_A	689	-0.20181	-0.212282	-25.9503
Q1071L.pdb_C	701	-0.190727	-0.166482	-7.62404
R1070I.pdb_C	707	-0.274756	0.467794	-7.86043
Q111D.pdb_A	712	-0.16796	-1.13546	-27.0503
D89M.pdb_A	718	-0.64493	-1.19357	-27.3221
A105C.pdb_A	728	-0.542892	-1.18728	-25.247
Q1093E.pdb_C	734	1.78003	0.382115	-6.05453
I1095W.pdb_C	741	1.52173	0.654185	-10.143
Q1043M.pdb_C	747	1.54101	0.0970785	-7.64445
S33A.pdb_A	756	1.49722	-0.843196	-25.6299
Y64F.pdb_A	762	1.49366	-0.809998	-25.1339
I112C.pdb_A	771	0.899523	-0.803349	-24.2057
F71L.pdb_A	779	0.708719	-0.815011	-25.0672
R1023M.pdb_C	790	-0.27216	8.58372	-8.73859
E1075A.pdb_C	801	0.798268	9.56783	-7.75118
G101L.pdb_A	812	2.13736	0.587827	-24.9789
Q1048A.pdb_C	822	3.40983	8.656	-5.33657
C96T.pdb_A	845	4.10619	-0.0510227	-23.6212
I1070Y.pdb_C	854	2.78968	7.87908	-5.63578
M146F.pdb_A	866	2.48375	-0.27299	-24.3896
L57M.pdb_A	884	2.19339	-0.477824	-24.9586
T104W.pdb_A	892	4.86747	4.28577	-24.1815
C112Q.pdb_A	901	4.77243	4.6599	-23.3894
K1054E.pdb_C	911	4.71505	7.74946	-8.94521
L1083T.pdb_C	923	4.65216	7.77226	-5.87732
E1093Y.pdb_C	930	4.63775	7.55987	-8.62219
N138V.pdb_A	935	4.65738	4.69178	-23.7649
F1065E.pdb_C	943	4.64465	7.55194	-5.78362
R40K.pdb_A	951	4.35005	4.71793	-24.601
K48N.pdb_A	970	4.30072	4.75768	-24.932
L9M.pdb_A	976	4.51565	4.75768	-24.2984
F1079E.pdb_C	988	4.45606	7.54186	-7.54029
Q1041G.pdb_C	994	4.39247	7.52151	-5.87797
