name	count	evolved_interaction	ancestral_interaction	stability
Q111C.pdb_A	1	-10.5153	-10.5178	-25.3558
C111E.pdb_A	10	-10.5997	-10.5476	-27.927
E1079I.pdb_C	15	-9.74218	-10.2108	-8.85577
E1090Y.pdb_C	22	-7.06347	-3.71381	-9.20379
C108W.pdb_A	29	-6.83819	-9.964	-23.9012
A1091T.pdb_C	46	-6.94082	-3.85935	-6.72119
Q1095V.pdb_C	61	-6.72031	-3.76804	-6.93305
I1079H.pdb_C	69	-6.90564	-3.76165	-7.01255
D100Y.pdb_A	76	-2.13461	-3.47427	-25.9298
E99M.pdb_A	82	-1.8987	-3.50769	-26.2422
E143C.pdb_A	87	-1.81433	-3.17418	-26.0398
H117L.pdb_A	93	-2.05224	-2.99879	-28.154
N1025M.pdb_C	99	-2.40294	-5.57532	-8.40795
V1035W.pdb_C	104	-2.22582	-5.69023	-7.0774
D19R.pdb_A	110	-2.77695	-5.24191	-25.0024
M33Y.pdb_A	120	-2.76935	-5.15761	-23.9846
P125A.pdb_A	126	-2.79598	-5.21829	-23.557
H1079I.pdb_C	143	-2.73793	-4.07203	-7.89294
N85C.pdb_A	153	-1.34309	-2.57074	-24.2709
M1051N.pdb_C	171	-0.862086	-7.36866	-5.75336
D1068V.pdb_C	224	0.279188	-5.81213	-7.30427
M88R.pdb_A	232	-0.228207	-2.21911	-25.9836
A79R.pdb_A	237	-0.127284	-2.21972	-26.7591
K89S.pdb_A	248	-0.375688	-2.26358	-23.8561
Q101R.pdb_A	255	-0.156326	-2.26357	-23.923
R79S.pdb_A	264	-2.4872	-5.04852	-25.6831
S1032T.pdb_C	281	-2.48298	-2.48352	-7.11815
E1034I.pdb_C	295	-1.82901	-2.09521	-7.08623
C27A.pdb_A	302	-1.30235	-1.88361	-23.8165
N66F.pdb_A	317	-0.476123	-2.31045	-24.1054
C93Y.pdb_A	325	-0.512182	-2.2534	-24.4801
T95L.pdb_A	333	-0.547953	-2.32226	-26.6381
R129P.pdb_A	339	-0.234356	-2.33802	-24.4702
S138M.pdb_A	350	-0.039962	-2.03894	-27.8671
E50F.pdb_A	357	-0.0296537	-2.07491	-26.1864
H1038L.pdb_C	372	-0.0277233	-3.39727	-6.78117
E1080K.pdb_C	380	-0.247257	-3.61031	-6.96886
F1035A.pdb_C	386	-0.30205	-3.61205	-5.60948
D102M.pdb_A	401	-0.264956	-1.81586	-24.4482
P1059Q.pdb_C	412	-0.107316	-3.31282	-6.16983
H1084T.pdb_C	419	-0.260481	-2.35415	-6.4174
T1045S.pdb_C	435	-0.629026	-2.41449	-6.65522
K14E.pdb_A	445	-0.199994	-1.86953	-24.5183
K30Q.pdb_A	453	0.0641731	-1.97417	-23.094
D52E.pdb_A	473	-0.273945	-3.07534	-23.4905
A27D.pdb_A	482	0.235343	-2.29333	-25.855
I1079Q.pdb_C	491	-1.55456	-2.53742	-6.66
F8A.pdb_A	507	-1.62179	-2.28042	-23.0548
T1051V.pdb_C	522	-1.31923	-2.53262	-7.2477
W53Y.pdb_A	532	-1.31856	-1.37943	-22.7148
V147A.pdb_A	542	-1.23311	-1.56196	-22.8333
V1068R.pdb_C	556	-4.34268	-1.49266	-7.75842
F1035Y.pdb_C	576	-2.95301	-1.16119	-7.01394
P5D.pdb_A	583	-2.98971	-1.39022	-26.7401
M113Y.pdb_A	593	-3.05936	-1.34904	-23.2387
Q30Y.pdb_A	615	-2.72362	-1.39788	-23.6215
F130M.pdb_A	624	-3.06866	-1.70211	-23.2203
A1081M.pdb_C	634	-3.05492	0.396528	-9.81349
Y1067N.pdb_C	642	-2.67292	0.642778	-6.56155
W124G.pdb_A	650	-2.70499	-1.72401	-24.6763
D5N.pdb_A	666	-2.70541	-1.74335	-24.5093
A1050Q.pdb_C	679	-2.70541	0.64177	-6.54403
V51Q.pdb_A	690	-3.42566	-1.7421	-23.8624
G115L.pdb_A	698	-3.47307	-1.76597	-25.6425
M12N.pdb_A	707	-3.20107	-1.89811	-23.6371
C1082F.pdb_C	715	-4.03267	-1.53005	-8.09258
L1046S.pdb_C	726	-4.05381	-1.36348	-6.83565
Y31D.pdb_A	750	-3.93939	-2.02547	-23.5498
N100R.pdb_A	763	-3.93337	-2.11745	-24.5231
V1051I.pdb_C	771	-4.09804	-0.220884	-8.25902
D91P.pdb_A	785	-4.4389	-2.0445	-23.22
N5K.pdb_A	791	-2.00724	-2.94294	-24.6837
A1042K.pdb_C	798	-2.098	-1.00866	-6.87428
R135L.pdb_A	806	-2.07949	-2.93334	-24.3289
F81Y.pdb_A	821	-2.10504	-2.96485	-23.6366
C27H.pdb_A	830	-2.456	-3.11971	-23.4916
T1084Q.pdb_C	836	-2.46702	-1.72871	-7.15577
M1053S.pdb_C	841	-2.10755	-1.25154	-7.85803
A1095G.pdb_C	847	-2.14879	-1.31782	-6.57865
S1053I.pdb_C	861	-2.15946	-1.57916	-6.04142
G15N.pdb_A	870	-2.45944	-3.17649	-23.7917
E126Y.pdb_A	882	-1.97438	-1.93851	-23.7791
D1076E.pdb_C	893	-1.96246	-1.99508	-8.76048
R1068S.pdb_C	898	0.930815	-1.72596	-8.09243
Q1084K.pdb_C	905	0.202191	-1.34594	-6.50163
L6V.pdb_A	910	-1.99697	-3.02944	-24.0064
D1062M.pdb_C	916	-2.85087	-3.34098	-8.81277
S114L.pdb_A	922	-2.86891	-3.04179	-25.4574
I150G.pdb_A	933	-2.77481	-2.97074	-23.0552
R67C.pdb_A	950	-3.57555	-3.22819	-24.0203
S1050K.pdb_C	956	-2.88515	-3.72934	-9.46231
K5M.pdb_A	966	-1.12041	-3.30985	-24.0113
A32N.pdb_A	972	-1.17614	-3.20145	-23.8205
R4I.pdb_A	983	-1.68495	-3.19099	-22.9312
T50E.pdb_A	991	-1.36444	-3.25665	-23.7199
C146E.pdb_A	999	-1.38081	-3.31259	-23.6134
