name	count	evolved_interaction	ancestral_interaction	stability
N1086A.pdb_C	1	-10.6838	-10.5619	-8.34394
A129Q.pdb_A	7	-10.7817	-10.4996	-24.6899
K110W.pdb_A	15	-7.31369	-7.23753	-26.0453
T1077C.pdb_C	22	-7.82687	-9.25202	-9.48744
V29W.pdb_A	28	-3.71555	-7.10459	-25.9284
N126A.pdb_A	38	-3.53518	-6.95262	-24.5219
S35G.pdb_A	49	-4.05802	-7.02212	-24.2011
Q39M.pdb_A	62	-3.68344	-6.81224	-25.2055
E131D.pdb_A	68	-3.94454	-7.07559	-27.524
D118S.pdb_A	74	-3.85533	-7.11483	-28.8092
A32R.pdb_A	79	-3.58567	-7.12806	-27.4663
M39F.pdb_A	86	-2.18301	-5.02738	-25.4523
E1084C.pdb_C	94	-0.943026	-2.30592	-6.5436
M140P.pdb_A	99	-1.99034	-5.0464	-23.4486
T61W.pdb_A	108	-1.92397	-4.97349	-24.4934
Q111E.pdb_A	120	-1.68775	-4.84921	-25.4983
L1066D.pdb_C	126	-1.57978	-2.76897	-8.90193
D1033T.pdb_C	139	-2.80556	-3.54723	-7.8765
Q130D.pdb_A	147	-2.80693	-4.86951	-25.4782
T1042C.pdb_C	159	-2.7934	-3.55374	-6.61391
S1032L.pdb_C	168	-2.72139	-4.00037	-6.73315
L1045I.pdb_C	173	-2.41795	-2.16052	-7.13431
P78Q.pdb_A	180	-2.50562	-4.7911	-27.1888
N1046V.pdb_C	190	-2.98565	-4.08674	-6.57239
E126T.pdb_A	202	-2.99596	-5.01929	-24.9674
S1062E.pdb_C	212	-1.23287	-2.18598	-6.33334
Y98W.pdb_A	221	-1.03025	-4.54281	-25.7912
E99G.pdb_A	231	-2.76232	-7.77103	-24.5783
D1082Q.pdb_C	237	-2.16011	-1.48965	-8.82203
H1075L.pdb_C	247	-2.16245	-1.48206	-9.7906
M152S.pdb_A	253	-2.15729	-7.33814	-24.8897
S122H.pdb_A	269	-2.17157	-7.3501	-25.5101
L1075G.pdb_C	277	-2.21131	-1.35803	-6.32111
T143H.pdb_A	284	-2.22055	-7.40149	-24.5721
E1079Q.pdb_C	298	-2.42305	-0.437635	-6.39527
R1093H.pdb_C	307	-2.553	-1.31709	-6.30658
T1033W.pdb_C	330	-2.15428	-0.967766	-6.56564
E115N.pdb_A	353	-2.20761	-7.14585	-25.4628
L128S.pdb_A	363	-2.20717	-7.14373	-25.8652
I1088L.pdb_C	380	-2.2425	-0.68585	-6.25727
F7E.pdb_A	393	-2.30474	-7.17262	-24.2391
W29R.pdb_A	401	-2.18892	-7.32117	-24.0766
Y1076M.pdb_C	409	-2.19615	-1.43288	-7.00713
I1024L.pdb_C	418	-2.2192	-1.27458	-8.28216
L121K.pdb_A	424	-2.65401	-7.40942	-23.9903
I115M.pdb_A	435	-2.65734	-7.43964	-27.4117
P123C.pdb_A	444	-2.49103	-7.4922	-24.0859
L14Y.pdb_A	471	-2.50359	-7.0514	-23.7168
Y102W.pdb_A	483	-3.0424	-6.52057	-24.6114
W1033C.pdb_C	495	-2.46161	-1.21499	-5.74513
T138L.pdb_A	512	-2.46252	-6.46703	-26.4108
R1064K.pdb_C	518	-2.47186	-1.20287	-6.01173
H70Y.pdb_A	528	-2.37858	-5.78548	-26.5753
E31F.pdb_A	537	-1.43984	-5.83424	-27.3823
L92F.pdb_A	543	-1.43468	-6.06961	-26.2236
F22E.pdb_A	553	1.46385	-1.72558	-28.0895
K1085Y.pdb_C	559	1.29029	2.72731	-7.53919
D1061F.pdb_C	572	-0.404892	1.1124	-6.38349
F1092V.pdb_C	581	1.31938	-0.113742	-7.01179
T109V.pdb_A	595	-1.36496	-2.53251	-26.8514
H143V.pdb_A	604	-1.18382	-3.03746	-24.7343
L138W.pdb_A	618	-1.17438	-3.10273	-25.8524
Q107L.pdb_A	630	-1.18078	-3.08213	-25.7061
K121P.pdb_A	642	-1.20123	-2.09054	-24.0287
W1042E.pdb_C	656	-1.83792	-0.202061	-6.80902
C1087A.pdb_C	663	-1.75852	1.49564	-8.38699
V1066A.pdb_C	671	-0.888835	-0.464005	-7.67635
R127Y.pdb_A	682	-0.949872	-3.54969	-25.9512
R1038M.pdb_C	693	-1.14145	0.657945	-6.8661
E22P.pdb_A	705	-1.88479	-4.18182	-26.1129
H100L.pdb_A	714	-1.7939	-4.10231	-25.9131
C1070L.pdb_C	722	-1.94498	0.533118	-6.62278
E32V.pdb_A	732	-2.26211	-4.09374	-25.8021
K1062R.pdb_C	742	-3.81827	-3.78644	-11.1682
K1064C.pdb_C	748	-3.70558	-2.01985	-9.42591
T51A.pdb_A	753	-2.95012	-0.293895	-25.169
P141R.pdb_A	760	-2.93706	-0.293895	-24.1302
A79T.pdb_A	766	-2.98369	-0.339968	-27.0573
D70K.pdb_A	777	-2.68933	-0.343633	-24.2127
L1070F.pdb_C	793	-3.11578	-5.61498	-7.73062
L1050F.pdb_C	812	-3.15384	-5.4913	-7.85453
Q1082K.pdb_C	834	-3.1991	-2.77164	-10.5519
W32K.pdb_A	849	-3.11742	-0.377288	-24.5189
P89W.pdb_A	862	-3.09267	-0.216928	-23.9182
S151L.pdb_A	878	-4.29268	-0.31894	-25.0988
V54E.pdb_A	885	-4.4436	-0.337497	-23.7611
A154S.pdb_A	898	-4.41479	-0.334313	-23.9421
Q1082Y.pdb_C	906	-4.17752	-4.86371	-8.05455
I7A.pdb_A	915	-5.2778	-0.778893	-24.9541
K32Y.pdb_A	922	-5.2778	-0.785518	-25.4796
F40D.pdb_A	932	-4.67111	-0.361386	-24.1682
L6I.pdb_A	942	-3.69818	0.324408	-25.9209
R153K.pdb_A	952	-3.33003	0.376378	-24.2888
D1034Y.pdb_C	960	-3.34	-2.45668	-7.52881
D1030C.pdb_C	967	-3.05451	-4.03213	-6.48183
M1076L.pdb_C	972	-3.05455	-4.03213	-8.22628
T1025C.pdb_C	987	-2.95356	-2.52072	-7.37508
N35G.pdb_A	995	-2.98944	0.220634	-24.0558
