name	count	evolved_interaction	ancestral_interaction	stability
Q101P.pdb_A	1	-10.4816	-10.5197	-23.371
L1066R.pdb_C	6	-10.7514	-10.7527	-7.43655
S136R.pdb_A	11	-10.7456	-10.5253	-29.499
M36C.pdb_A	17	-9.56751	-9.75775	-22.0329
K76H.pdb_A	23	-9.38124	-9.75882	-23.5727
D100C.pdb_A	30	-9.04135	-9.33234	-21.9823
H95E.pdb_A	38	-6.97078	-7.55981	-23.9537
E1094R.pdb_C	47	-7.02441	-9.88535	-8.25672
H1023M.pdb_C	53	-7.03641	-9.89657	-8.40855
E99N.pdb_A	59	-6.66863	-7.35991	-24.3733
A1091S.pdb_C	64	-6.45542	-9.10274	-9.03452
R13Y.pdb_A	71	-3.98374	-4.29843	-28.3175
Q154E.pdb_A	77	-2.26569	-4.39101	-23.8024
F1036Y.pdb_C	83	-1.41661	-5.99465	-5.92025
A129H.pdb_A	88	-1.13018	-3.12491	-24.3389
E1059S.pdb_C	101	-1.13505	-4.85661	-9.18981
R1064W.pdb_C	112	-0.918115	-4.36676	-6.96219
K74D.pdb_A	123	-0.923863	-3.23377	-24.456
N98Y.pdb_A	130	-1.06833	-3.0397	-24.2186
G44C.pdb_A	140	-1.29431	-4.0031	-25.3012
S1062I.pdb_C	145	-1.74374	-2.66414	-7.3099
M20N.pdb_A	152	-0.832481	-2.98667	-26.5906
M1060A.pdb_C	161	-1.18412	-3.42386	-8.00874
R135M.pdb_A	172	0.69399	-3.14464	-24.2528
E63D.pdb_A	184	0.814621	-2.54693	-24.7877
S1059V.pdb_C	189	1.03574	0.427152	-8.55809
I1024Q.pdb_C	196	0.84926	0.85317	-7.94437
S70G.pdb_A	201	0.794625	-1.57579	-25.6893
G36D.pdb_A	214	0.282762	-1.271	-25.3781
V148I.pdb_A	223	0.376351	-1.12605	-29.2323
C10S.pdb_A	231	0.366353	-1.12641	-28.9068
K40M.pdb_A	236	0.296636	-0.200411	-27.5274
A43S.pdb_A	242	0.36046	-0.189983	-26.6055
L105D.pdb_A	249	0.4374	-0.839837	-26.7097
E49S.pdb_A	256	0.264084	-0.963935	-24.6709
N130H.pdb_A	263	1.49639	2.29793	-24.9197
L3I.pdb_A	273	1.86051	2.36589	-24.7438
R1055F.pdb_C	288	1.85317	-0.802411	-8.41905
S1091Q.pdb_C	298	1.85307	-0.794193	-6.33017
T61K.pdb_A	318	2.07271	2.87388	-25.3926
K1084M.pdb_C	327	1.98199	-1.27969	-6.61513
L4N.pdb_A	337	1.49864	5.86702	-24.5443
W1038I.pdb_C	345	1.3349	-0.842233	-6.46826
Q1095T.pdb_C	356	0.868232	-0.520665	-6.91502
R1047M.pdb_C	369	0.824536	-0.31341	-7.28465
F1062Q.pdb_C	394	0.831044	-0.297932	-6.88643
E131I.pdb_A	407	0.238847	5.63769	-24.1432
S22C.pdb_A	417	-0.062288	5.30766	-24.0411
R1046L.pdb_C	428	-0.0612886	3.25833	-7.03603
K126D.pdb_A	438	-0.223765	5.19714	-24.0667
Q1091N.pdb_C	452	-0.214618	3.30346	-7.36225
V101Q.pdb_A	458	-0.0755387	5.30036	-24.9788
H35G.pdb_A	468	-0.0758486	5.31155	-24.3584
Y150G.pdb_A	473	-0.410694	5.16854	-23.9836
Q101T.pdb_A	480	-0.411428	5.18313	-24.1943
A76H.pdb_A	496	-0.403068	5.18417	-24.6213
Y141P.pdb_A	504	0.40006	5.05145	-25.3904
M1077A.pdb_C	515	0.399062	2.8525	-5.55593
Q1056A.pdb_C	530	0.475805	2.88501	-6.15486
V1076A.pdb_C	539	0.49099	2.86233	-7.29514
L83C.pdb_A	548	0.48235	4.57109	-23.3345
T91Y.pdb_A	560	0.466846	4.89014	-24.5947
N1079A.pdb_C	571	0.518521	2.72088	-6.85016
A1079Q.pdb_C	584	0.527124	2.81355	-6.18849
A1077M.pdb_C	595	0.47524	2.80023	-9.5501
M1042K.pdb_C	604	0.571506	1.48511	-6.90976
C121R.pdb_A	611	0.677965	3.94039	-24.3223
L37Y.pdb_A	619	0.646283	3.93323	-23.5287
P141V.pdb_A	629	0.640424	3.96621	-24.7989
F38P.pdb_A	639	0.635124	4.72081	-26.4009
E1084D.pdb_C	652	0.65306	0.252682	-5.94902
S156L.pdb_A	658	0.948717	4.88438	-23.7574
K1041Y.pdb_C	678	0.876109	0.151499	-6.95651
S1084Y.pdb_C	686	0.801706	2.44355	-6.98349
P67D.pdb_A	697	-0.889031	3.15672	-24.0226
Y1025I.pdb_C	703	-1.01004	1.49484	-8.00534
I1054V.pdb_C	709	-0.988865	1.4924	-7.51094
L1046C.pdb_C	717	-0.94989	1.46399	-6.15804
K127M.pdb_A	729	-0.0132164	2.97971	-24.1421
W99F.pdb_A	741	0.0123449	2.91039	-23.7128
F1038Y.pdb_C	753	-0.0364505	2.24113	-7.38927
M89C.pdb_A	762	-0.857375	2.75057	-23.3668
P70R.pdb_A	785	-0.249968	2.78698	-23.8592
Y1041M.pdb_C	797	-0.486552	0.00146107	-6.94634
N124Y.pdb_A	806	-0.529155	3.28685	-26.3072
V22Y.pdb_A	822	-2.69882	0.747931	-24.2003
G31L.pdb_A	833	-1.23405	1.47408	-24.5477
V32G.pdb_A	841	-1.18619	1.23325	-24.123
M44K.pdb_A	847	-0.672126	2.6146	-27.7889
N1091R.pdb_C	861	-0.799344	-0.967597	-6.86949
K1068S.pdb_C	870	-0.6849	-1.11902	-5.97381
Y1051P.pdb_C	880	-0.354756	-0.620504	-6.22391
A79E.pdb_A	892	-0.21656	4.66586	-25.2569
Y1037F.pdb_C	913	-0.759641	-2.13154	-6.556
K25Y.pdb_A	931	-0.603984	-2.3837	-23.629
K61L.pdb_A	941	-1.78564	-2.6791	-24.7745
Q17V.pdb_A	951	-2.59378	-1.17929	-24.2731
E1090Y.pdb_C	967	-3.91614	-3.06711	-6.65243
C93E.pdb_A	973	-3.99073	-0.558509	-26.1588
M1076I.pdb_C	980	-3.98926	-3.23812	-7.86596
G4N.pdb_A	989	-4.0906	-1.1271	-27.6919
M27K.pdb_A	994	-3.85078	-1.53102	-25.6108
