name	count	evolved_interaction	ancestral_interaction	stability
L119Q.pdb_A	1	-10.4946	-10.52	-26.2677
A1051W.pdb_C	9	-10.1844	-10.3508	-10.7919
K153F.pdb_A	17	-9.95779	-10.2937	-24.6311
K1041I.pdb_C	23	-9.20305	-9.75839	-9.00743
Q39M.pdb_A	34	-9.41993	-10.4802	-25.9776
Y68C.pdb_A	39	-7.68245	-9.99299	-23.8762
E1050L.pdb_C	56	-8.34632	-8.42991	-8.43432
V29D.pdb_A	63	-7.34635	-9.45639	-24.2181
R1055H.pdb_C	70	-7.17953	-7.74992	-7.37717
Y58F.pdb_A	79	-7.18212	-9.45229	-23.8299
L149K.pdb_A	85	-7.58645	-9.41903	-24.5755
S136K.pdb_A	100	-7.76876	-9.45201	-24.2081
Q119R.pdb_A	117	-7.5359	-9.45201	-25.3668
K27C.pdb_A	122	-7.20146	-8.8151	-24.5471
R1071T.pdb_C	134	-7.1849	-6.63747	-9.50026
I1039Q.pdb_C	146	-7.12708	-3.84325	-7.64135
S1062N.pdb_C	153	-7.2473	-3.97367	-7.70211
T1043A.pdb_C	158	-7.13741	-3.73982	-10.6052
R8M.pdb_A	164	-7.08211	-8.77261	-24.8463
K136W.pdb_A	169	-6.82112	-9.05325	-26.9965
A1095T.pdb_C	180	-6.53307	-3.25684	-8.58318
L150M.pdb_A	191	-7.19402	-7.25009	-23.4692
K146T.pdb_A	202	-2.77824	-2.51084	-24.8976
G115K.pdb_A	218	-2.7813	-2.4175	-26.4372
D1087A.pdb_C	223	-1.52869	-4.7646	-6.5371
A17G.pdb_A	232	-1.31132	-2.25289	-23.646
G44Y.pdb_A	243	-1.62119	-3.3605	-25.44
M78Q.pdb_A	256	-3.62655	-3.29215	-27.4936
H1040T.pdb_C	268	-3.65142	-4.17128	-6.58085
E1079D.pdb_C	277	-3.82009	-4.16022	-6.53453
Q1073V.pdb_C	286	-3.26451	-4.14225	-6.64322
R59N.pdb_A	296	-3.22193	-3.72915	-25.6165
T153Y.pdb_A	302	-3.25104	-3.60857	-25.4596
W117M.pdb_A	315	-3.42962	-3.76349	-28.3805
K118F.pdb_A	320	-3.40557	-4.38643	-25.1751
D87K.pdb_A	327	-3.43947	-4.36549	-24.2553
V10H.pdb_A	332	-3.69819	-4.40692	-24.3181
I70F.pdb_A	347	-3.57567	-4.37382	-24.4148
H30Y.pdb_A	359	-3.39139	-3.86685	-24.2423
I1024A.pdb_C	366	-3.51931	-4.79239	-5.49103
H74C.pdb_A	376	-3.57285	-3.93691	-25.0461
E15M.pdb_A	389	-3.43185	-4.07104	-24.7134
T1025V.pdb_C	400	-3.86804	-3.27434	-5.75902
N52C.pdb_A	413	-3.86751	-3.77786	-23.863
K110R.pdb_A	424	-4.03026	-4.53409	-24.8226
D1079F.pdb_C	431	-4.10129	-3.23754	-6.49655
G1042W.pdb_C	444	-3.1048	-0.393131	-8.45099
E132K.pdb_A	456	-3.10881	-4.46821	-23.7953
D1085H.pdb_C	467	-3.06149	1.30673	-9.18153
K22R.pdb_A	475	-2.12848	-4.17019	-24.2672
H1032T.pdb_C	484	-2.98608	1.13587	-8.59861
R108C.pdb_A	489	-3.37328	-4.12023	-24.3346
L1081I.pdb_C	501	-3.33719	-0.308702	-6.75066
K27M.pdb_A	510	-3.40018	-4.24683	-23.8067
Q1066L.pdb_C	524	-3.17718	1.22755	-7.37542
V57N.pdb_A	533	-2.14314	-3.88474	-23.9873
I29K.pdb_A	551	-2.12844	-3.88061	-25.1348
Y153E.pdb_A	560	-2.38106	-2.3328	-24.6846
L1023M.pdb_C	568	-2.38233	-1.92398	-6.87567
P88A.pdb_A	581	-2.38261	-2.45017	-23.531
H49Q.pdb_A	590	-2.38046	-2.4492	-24.0463
Q1073E.pdb_C	606	-2.69752	-1.86831	-6.65268
K87A.pdb_A	612	-2.50674	-1.11194	-22.9663
F132H.pdb_A	627	-2.41457	-1.72779	-22.9612
E1034A.pdb_C	640	-2.86864	-1.52024	-6.02374
H1084L.pdb_C	648	-3.65225	-1.81989	-6.59951
Y1073W.pdb_C	658	-3.74108	-1.78817	-5.55901
L1068W.pdb_C	667	-4.04692	-1.29708	-5.39154
F1062Y.pdb_C	673	-4.03619	-0.424955	-5.81681
A113L.pdb_A	684	-4.14273	-2.28621	-26.5749
K40Y.pdb_A	689	-4.93215	-3.95004	-27.1657
R100N.pdb_A	696	-5.03029	-3.92216	-25.6525
W146Y.pdb_A	705	-5.28067	-3.8594	-25.3583
G1039M.pdb_C	715	-5.27174	-1.22476	-9.63462
E132P.pdb_A	722	-3.41997	-3.94916	-26.9251
N57T.pdb_A	727	-2.0772	-1.86026	-24.2062
M99P.pdb_A	734	-1.78947	-0.631623	-25.2951
T1033M.pdb_C	743	-1.73016	-1.14736	-6.97768
H36M.pdb_A	761	-1.47452	-0.839765	-24.6617
I92L.pdb_A	772	-1.86859	-0.805001	-26.9102
L38T.pdb_A	777	-1.91751	0.366472	-22.3868
H1085L.pdb_C	786	-1.97833	-0.0541022	-7.57493
Y155F.pdb_A	792	-1.82524	-1.33087	-22.6747
G1045Q.pdb_C	804	0.295661	2.64831	-8.43484
R1090A.pdb_C	824	-0.48541	1.87828	-11.4523
I107L.pdb_A	833	-0.676407	0.9519	-22.5326
T57K.pdb_A	841	-0.641774	-0.883386	-24.7708
E140L.pdb_A	848	-0.769191	-1.44504	-22.1933
F24M.pdb_A	856	-1.32631	-0.767634	-21.4866
S1059V.pdb_C	869	-1.2201	2.02592	-6.28902
C105D.pdb_A	887	-0.749592	2.04336	-23.6207
E1075Y.pdb_C	895	-0.751005	1.97834	-6.13683
M7Q.pdb_A	909	-0.726827	0.519137	-22.9953
I1024V.pdb_C	929	-0.689966	1.69655	-6.95174
C143D.pdb_A	941	-0.177017	1.72539	-22.2322
H25G.pdb_A	951	-0.549762	2.70729	-22.4205
L1071D.pdb_C	967	-1.02617	-2.66294	-5.64317
E1052I.pdb_C	980	-1.24839	-2.28279	-9.93091
K1092L.pdb_C	986	-2.7949	0.503012	-10.1533
R1073N.pdb_C	993	-2.79517	0.492955	-9.0737
T66E.pdb_A	998	-2.79517	-1.95232	-22.9799
