name	count	evolved_interaction	ancestral_interaction	stability
S1062F.pdb_C	1	-10.4449	-10.472	-8.31834
E1079C.pdb_C	7	-10.4178	-10.3273	-8.60795
I1089T.pdb_C	16	-10.5297	-10.3408	-7.98549
D1075S.pdb_C	21	-10.5725	-10.4091	-8.23042
Y64F.pdb_A	27	-10.5517	-10.6419	-26.2922
H20G.pdb_A	33	-6.48355	-7.83655	-25.6746
R1046N.pdb_C	40	-7.00839	-8.27774	-6.52148
C93D.pdb_A	48	-4.11691	-4.8874	-25.4318
K1027V.pdb_C	62	-4.60682	-8.84702	-7.31378
S1075N.pdb_C	71	-4.66048	-8.83636	-7.33908
L4Y.pdb_A	78	-5.42442	-5.18479	-25.4857
S89C.pdb_A	84	-5.52841	-5.26876	-25.6468
D145R.pdb_A	92	-6.12961	-5.21287	-24.4559
Q1095D.pdb_C	107	-1.89322	-8.55722	-8.44811
T15E.pdb_A	118	-1.5845	-1.58598	-24.7021
T1042Q.pdb_C	129	-4.28919	-6.95618	-8.59958
V1034K.pdb_C	137	-5.174	-6.17118	-9.3265
W1067I.pdb_C	143	-5.09753	-6.5502	-7.65514
V1053C.pdb_C	155	-4.71258	-2.60448	-7.70825
K1039M.pdb_C	166	-4.73082	-2.62538	-7.78922
Y131R.pdb_A	188	-4.3924	-3.3182	-24.1883
Q39I.pdb_A	200	-5.21798	-4.65302	-26.9224
C5P.pdb_A	206	-5.91872	-4.75234	-26.5265
L110V.pdb_A	211	-6.2373	-4.94333	-23.9238
C89M.pdb_A	224	-6.47373	-5.22234	-24.4967
L119G.pdb_A	231	-6.56325	-5.35672	-23.69
F22S.pdb_A	241	-2.83033	-1.85354	-24.801
D7S.pdb_A	251	-2.836	-1.53617	-24.2484
C101F.pdb_A	259	-2.85749	-1.43086	-25.9276
P59M.pdb_A	266	-2.74703	-1.48629	-24.2679
R131Q.pdb_A	282	-2.73147	-1.42894	-23.904
M36F.pdb_A	293	-2.52634	-1.09832	-24.7183
K141Y.pdb_A	298	-2.65562	-1.05551	-24.2008
Q82R.pdb_A	319	-2.65069	-1.17879	-23.8021
Y122N.pdb_A	336	-2.6606	-0.996813	-26.1724
I37G.pdb_A	341	-2.84705	-1.01825	-24.9653
L149I.pdb_A	354	-2.81113	-1.02147	-23.7743
S7E.pdb_A	371	-2.71307	-1.03798	-24.0188
W48E.pdb_A	382	-2.78425	-1.30908	-25.1009
N1025I.pdb_C	389	-1.70746	-6.50225	-7.1155
R1073N.pdb_C	395	-1.62216	-7.81133	-7.80492
K14L.pdb_A	402	-2.21876	-2.51985	-23.7839
T126Q.pdb_A	410	-1.889	-2.46435	-25.4709
P106F.pdb_A	419	-1.98616	-2.38764	-24.6979
E114A.pdb_A	427	-2.04805	-2.55245	-25.6964
E1059N.pdb_C	436	-1.99808	-3.54729	-7.42414
Q48S.pdb_A	443	-1.54812	-2.75558	-23.4861
R71A.pdb_A	451	-1.44567	-2.55376	-23.0519
M150W.pdb_A	463	-1.19442	-2.75444	-22.9694
K1089Y.pdb_C	472	-1.03393	-3.45962	-6.94512
M59E.pdb_A	487	-1.04596	-2.84098	-23.9924
R74H.pdb_A	495	-1.0548	-2.81381	-23.3241
R42D.pdb_A	506	-0.980548	-2.72597	-23.1355
R127A.pdb_A	515	-1.14502	-2.63343	-23.9663
W1040E.pdb_C	531	-1.12133	0.725428	-6.32399
L142K.pdb_A	538	-1.1979	-2.87981	-26.1784
K1038I.pdb_C	545	-1.20641	-1.708	-7.28431
A1033R.pdb_C	552	-1.26586	1.48108	-10.5583
M27R.pdb_A	567	-0.839014	-1.93177	-23.5952
E1024N.pdb_C	579	-0.797765	3.49697	-6.91497
R135E.pdb_A	593	-1.47218	-1.29822	-24.5086
A71F.pdb_A	605	-1.52447	-1.35111	-26.4417
T74K.pdb_A	613	-1.57747	-0.765929	-24.9091
I100M.pdb_A	622	-2.25074	-1.70252	-25.2842
W147Q.pdb_A	628	-2.13058	-1.7008	-26.5589
W30R.pdb_A	634	-2.24237	-1.89741	-25.2934
L1084F.pdb_C	640	-2.61203	-0.479124	-7.73739
K53L.pdb_A	647	-2.53055	-1.54719	-27.4512
V35F.pdb_A	653	-2.60851	-1.60178	-26.5697
P67G.pdb_A	661	-2.75601	-2.00023	-26.3271
V4G.pdb_A	671	-2.74764	-1.83712	-24.3711
K1055L.pdb_C	680	-2.74354	-1.00743	-6.82453
A127Q.pdb_A	690	-2.81132	-1.4566	-24.4008
C104K.pdb_A	700	-2.5629	-1.31423	-25.4808
R82D.pdb_A	707	-3.02601	-1.42438	-24.9708
H91M.pdb_A	717	-2.8284	-1.54619	-24.659
A17R.pdb_A	729	-3.21824	-4.68115	-25.0696
Y141P.pdb_A	747	-3.22093	-4.78188	-24.3411
Y25S.pdb_A	762	-0.834066	-1.64071	-25.6351
N106Q.pdb_A	776	-1.3645	-1.75376	-25.9631
A1030R.pdb_C	782	-1.27662	-1.69732	-7.25433
M15L.pdb_A	787	-1.19003	0.824867	-27.1441
R1047V.pdb_C	794	-1.16728	-1.82946	-7.77155
N1024H.pdb_C	807	-1.10602	-1.81963	-8.59234
F1037I.pdb_C	814	-1.17841	-1.77436	-9.02704
P21W.pdb_A	824	-1.20318	-1.19581	-23.9139
G49D.pdb_A	833	-1.28961	-1.42094	-25.5647
F1089N.pdb_C	842	-1.57091	-1.22544	-6.48457
N1059C.pdb_C	849	-2.31863	-1.23762	-6.3668
Q1080W.pdb_C	859	-2.42047	-1.24773	-7.61114
W21S.pdb_A	871	-3.59756	-4.18105	-24.3665
I144N.pdb_A	881	-3.28581	-4.19573	-25.2863
F20I.pdb_A	891	-1.30644	-2.55177	-24.9415
H70T.pdb_A	897	-1.33227	-2.58685	-24.6588
V1042L.pdb_C	905	-1.00083	-1.91491	-7.44908
K1074S.pdb_C	912	-1.00232	-1.91491	-6.75009
Y67V.pdb_A	924	-1.02291	-2.86954	-25.7684
P5C.pdb_A	930	-1.03763	-2.88698	-24.1312
L48T.pdb_A	952	-0.818936	-2.88315	-24.1498
D21N.pdb_A	960	-0.761662	-2.65023	-24.6406
R1064F.pdb_C	967	-0.687669	-1.52642	-7.60977
T108K.pdb_A	976	-0.722843	-2.59921	-24.508
R17D.pdb_A	981	-1.73296	3.31593	-24.9008
N21L.pdb_A	990	-1.69669	3.31896	-27.2153
M128C.pdb_A	998	-1.75172	3.33238	-25.3379
