name	count	evolved_interaction	ancestral_interaction	stability
G80C.pdb_A	1	-10.4946	-10.5197	-22.6902
Q1073G.pdb_C	10	-10.8009	-10.3441	-7.96583
L4F.pdb_A	29	-10.769	-10.94	-25.7814
K141F.pdb_A	42	-10.2673	-10.5119	-24.0428
Q39G.pdb_A	57	-9.7444	-9.6377	-24.5653
S1029N.pdb_C	62	-8.42881	-10.0471	-5.71874
Q57C.pdb_A	74	-8.49301	-8.26615	-24.2623
S95G.pdb_A	84	-8.361	-8.08043	-27.3398
V63D.pdb_A	89	-8.36247	-8.19305	-24.9492
A79L.pdb_A	100	-8.565	-8.14517	-26.2182
S1032C.pdb_C	114	-8.5935	-2.05006	-5.85898
R42Y.pdb_A	119	-7.77747	-7.87535	-24.3108
I1035W.pdb_C	128	-7.18526	-8.25522	-6.41674
G115I.pdb_A	140	-7.19522	-7.42368	-24.5495
F141L.pdb_A	153	-7.56541	-7.44229	-23.8958
K15W.pdb_A	162	-8.27994	-7.36908	-24.8766
K14F.pdb_A	174	-7.78668	-6.97239	-24.1473
S122Q.pdb_A	190	-6.24682	-6.62106	-24.3408
E1050I.pdb_C	199	-6.01661	-7.15044	-9.12271
M1060V.pdb_C	206	-6.17689	-6.71954	-8.25809
Q139N.pdb_A	215	-6.10313	-6.90643	-26.6978
V1060Y.pdb_C	226	-5.88865	-6.97916	-8.13823
W149T.pdb_A	233	-5.78139	-7.09908	-25.6775
A126D.pdb_A	248	-5.88702	-7.07736	-25.2646
V1062E.pdb_C	257	-5.46174	-5.07064	-8.06311
P59S.pdb_A	265	-6.32321	-7.05601	-25.7286
D19S.pdb_A	272	-5.94192	-6.92461	-25.6789
Q1056K.pdb_C	279	-3.95472	-2.82561	-7.25495
I27E.pdb_A	289	-2.46297	-4.40725	-23.057
H99C.pdb_A	296	-3.02412	-5.21987	-23.8406
K49C.pdb_A	314	-4.80319	-4.11498	-24.2713
M20H.pdb_A	326	-5.32163	-7.28072	-23.1751
I1050T.pdb_C	340	-5.1942	-1.66415	-7.31489
C99F.pdb_A	353	-4.45365	1.75022	-25.7266
I60M.pdb_A	360	-4.69515	-6.80173	-24.8255
W1027L.pdb_C	367	-4.47152	-0.350417	-8.67177
D80N.pdb_A	374	-4.41169	-6.79621	-25.8808
F1066W.pdb_C	379	-3.28655	-1.75385	-8.55838
K66P.pdb_A	385	-3.21899	-7.43994	-26.9015
M1055C.pdb_C	391	-2.94722	-1.22134	-8.30007
A26N.pdb_A	401	-0.580721	0.0881857	-24.5657
L120F.pdb_A	412	-0.426943	0.187103	-25.1831
V62M.pdb_A	419	-0.427053	0.0827206	-25.4099
R153T.pdb_A	426	-1.0292	-2.38479	-23.9042
K147Q.pdb_A	433	-1.08068	-2.58616	-25.3958
A1053G.pdb_C	440	-1.18753	-1.90237	-6.74605
E1094W.pdb_C	447	-1.6253	-1.8789	-7.22515
W1047A.pdb_C	462	-1.36202	-1.87492	-6.60021
Q40R.pdb_A	475	-1.39006	-1.22892	-21.9933
Y1043H.pdb_C	482	-1.47822	-1.98699	-7.41824
M1092L.pdb_C	489	-1.55475	-1.9941	-7.54284
L1027M.pdb_C	499	-2.00119	-1.97671	-6.47359
Y59H.pdb_A	509	-2.2818	-2.27542	-23.5875
D102E.pdb_A	525	-2.33877	-2.31772	-23.0982
S89K.pdb_A	535	-2.5127	-3.84542	-23.4084
D126G.pdb_A	543	-2.51273	-3.95052	-23.9634
P105Q.pdb_A	549	-1.54459	-3.84691	-22.2192
Y1084G.pdb_C	557	-1.63225	-1.78969	-8.04924
C1058Q.pdb_C	568	-1.87192	-2.00278	-6.47959
S135K.pdb_A	582	-1.88734	-3.37726	-23.996
S33N.pdb_A	590	-1.88069	-3.315	-25.4006
N26E.pdb_A	595	-1.67245	-2.68226	-25.4354
L38R.pdb_A	602	-1.90483	-4.80975	-24.0866
S139R.pdb_A	609	-1.89198	-5.29828	-23.4066
N104L.pdb_A	615	-1.89229	-5.29486	-25.2948
A1079Q.pdb_C	633	-1.91745	-2.03095	-6.54719
G126E.pdb_A	651	-1.93358	-3.47409	-25.294
L15M.pdb_A	658	-1.84832	-4.62559	-26.525
K30T.pdb_A	675	-1.81895	-3.99129	-23.1803
A1055R.pdb_C	690	-1.93795	-2.45778	-8.23257
Y17A.pdb_A	704	-0.486155	-1.23916	-24.8532
H59A.pdb_A	715	-0.472808	-1.35577	-24.0628
Y106F.pdb_A	723	-1.06389	-1.34147	-23.8675
A29M.pdb_A	732	-1.06721	-1.33023	-25.4469
W1074M.pdb_C	745	-0.714294	-3.0599	-7.38781
F35L.pdb_A	754	-0.713456	-0.856564	-23.9606
F67L.pdb_A	763	-0.725926	-0.884396	-24.1096
L94I.pdb_A	772	-0.724795	-0.849158	-23.9832
W122Q.pdb_A	782	-0.792403	-0.596701	-24.3482
T93F.pdb_A	810	-0.347971	1.08924	-25.1443
G50T.pdb_A	815	-0.419085	0.440187	-26.5968
C1026T.pdb_C	829	-0.268956	-2.08847	-6.46506
A52Y.pdb_A	840	-0.26855	0.465211	-25.5198
D91I.pdb_A	852	-0.26855	0.464875	-27.0307
A153R.pdb_A	857	-0.281743	0.464274	-27.407
A43S.pdb_A	864	-0.271538	0.453333	-24.2392
A115I.pdb_A	874	-0.207581	0.453313	-26.0761
R18C.pdb_A	880	-0.394437	0.838072	-25.6817
Y1060A.pdb_C	885	-0.216397	-1.9915	-5.59584
M128L.pdb_A	891	-0.25036	1.24944	-25.8931
L44V.pdb_A	905	-0.0841701	1.40387	-25.5734
W1024V.pdb_C	921	-0.0813658	-2.11457	-6.13106
C99F.pdb_A	931	-0.0863575	1.75022	-25.7266
P66L.pdb_A	940	-0.0750565	1.82344	-25.1511
G132M.pdb_A	955	-0.0718343	1.82344	-25.3628
K82W.pdb_A	967	-1.14619	1.82462	-24.8351
A17L.pdb_A	978	-1.31432	2.60729	-25.5142
