name	count	evolved_interaction	ancestral_interaction	stability
K15A.pdb_A	1	-10.3161	-10.3481	-25.7197
H20A.pdb_A	9	-8.52971	-8.51686	-25.3378
A32K.pdb_A	17	-8.26547	-8.2232	-25.8925
H1092E.pdb_C	23	-5.66783	-7.77802	-6.51957
D118E.pdb_A	32	-5.71253	-8.26929	-25.9421
S138L.pdb_A	38	-5.45462	-8.45718	-26.7416
R1047Q.pdb_C	47	-6.75762	-9.01546	-6.73943
E1034W.pdb_C	57	-6.96992	-9.22158	-7.20534
A1051Y.pdb_C	67	-6.88887	-9.19894	-7.50719
P59S.pdb_A	75	-7.46393	-9.93101	-25.8116
S35E.pdb_A	82	-7.24542	-9.71143	-25.7173
K27W.pdb_A	91	-7.92199	-9.61682	-27.5512
K14W.pdb_A	105	-7.60746	-9.56711	-23.8784
Q131W.pdb_A	112	-5.89529	-9.70978	-24.1839
A129W.pdb_A	128	-8.16034	-9.21139	-26.3115
I107V.pdb_A	137	-7.97337	-8.75133	-25.482
V139G.pdb_A	145	-7.85867	-8.72326	-26.6783
Q1076L.pdb_C	157	-7.56548	-7.95553	-8.72578
N143H.pdb_A	166	-7.44118	-8.35925	-24.0976
C52D.pdb_A	195	-7.2697	-8.34049	-24.2401
V1028F.pdb_C	204	-7.26268	-7.6842	-6.5536
K146G.pdb_A	215	-7.21276	-8.32036	-24.5538
H83M.pdb_A	222	-5.06899	-3.80495	-24.4472
M1029L.pdb_C	232	-3.23339	-5.92634	-6.07724
G146I.pdb_A	242	-2.85317	-3.74731	-26.8484
L138N.pdb_A	250	-2.1858	-3.7544	-26.861
Y1070E.pdb_C	260	-2.06136	-4.87532	-6.16615
K32F.pdb_A	267	-2.40331	-3.74001	-28.1487
I45M.pdb_A	279	-2.55664	-4.26346	-25.3832
N126P.pdb_A	293	-1.22988	-4.15159	-24.8957
G1087N.pdb_C	306	-1.56132	-3.18279	-8.10343
L1064H.pdb_C	311	-1.56266	-3.18877	-6.28498
L89G.pdb_A	322	-1.58619	-3.69772	-24.3114
N1087C.pdb_C	331	-1.98287	-3.50263	-5.51548
M1059K.pdb_C	343	-1.93835	-3.58917	-6.7833
F1050R.pdb_C	365	-0.440018	-3.43374	-8.27419
P1073K.pdb_C	379	-0.285044	-3.56844	-7.15473
K147N.pdb_A	388	-1.07235	1.49886	-25.8229
N147D.pdb_A	397	-0.99285	1.46415	-23.9995
D1082Y.pdb_C	408	-0.978707	-4.299	-8.77247
K152M.pdb_A	420	-1.10659	1.30114	-26.3181
H1064D.pdb_C	428	-1.09548	-3.71466	-8.09689
H1023W.pdb_C	436	-1.12384	-3.77436	-9.85137
I149M.pdb_A	443	-1.09219	1.96461	-28.1413
L153T.pdb_A	449	-1.17715	1.97124	-25.5981
R1093K.pdb_C	457	-1.04537	-3.7457	-7.97107
N144H.pdb_A	468	-2.41804	1.84951	-26.0096
L130R.pdb_A	480	-2.47344	1.33635	-24.9325
H144F.pdb_A	489	-2.47413	1.32389	-26.7336
H111A.pdb_A	496	-2.90258	1.74567	-25.9976
M1040F.pdb_C	507	-3.80867	-4.97539	-9.05769
I114E.pdb_A	517	-3.78246	1.29206	-24.1893
M33A.pdb_A	527	-3.78263	1.2871	-24.3333
K42M.pdb_A	541	-3.3292	1.4955	-25.1857
R1034F.pdb_C	550	-3.31651	-4.66119	-6.01143
I1085V.pdb_C	559	-3.21996	-5.04214	-5.71909
G89T.pdb_A	565	-4.42343	0.300138	-25.2751
Y1025M.pdb_C	571	-4.51682	-4.18733	-9.37708
L26Q.pdb_A	577	-4.70473	0.870664	-25.3588
I30F.pdb_A	585	-4.71195	0.898982	-25.586
N124E.pdb_A	594	-4.33285	1.08261	-26.0355
D1061A.pdb_C	611	-1.75311	-4.48959	-5.74282
W122G.pdb_A	634	-0.472664	1.00192	-24.2077
V1085M.pdb_C	650	-0.790705	-5.61008	-8.19627
H1081P.pdb_C	658	-0.810426	-5.60965	-7.71313
C130Q.pdb_A	671	-0.862205	0.93631	-25.6809
L4I.pdb_A	678	-1.69358	0.637926	-24.4402
E48P.pdb_A	696	-2.04599	-3.53941	-25.6029
V57L.pdb_A	705	1.07837	-3.59713	-24.9113
C1073I.pdb_C	713	1.22378	-5.2432	-8.9659
M133L.pdb_A	719	1.19402	-3.64177	-24.7056
D121S.pdb_A	725	1.1349	-3.58398	-24.3499
W1088Q.pdb_C	730	1.58777	-3.42599	-7.68436
C32W.pdb_A	736	1.59988	-1.68871	-24.82
K54M.pdb_A	746	2.92503	-2.92205	-24.5864
R22Y.pdb_A	762	-0.481626	-4.58148	-24.2606
W1092M.pdb_C	770	-0.320525	-1.20063	-7.8943
Q101S.pdb_A	781	-0.2994	-1.16236	-23.7833
Q26K.pdb_A	788	-0.133399	-1.57152	-26.6945
Q97N.pdb_A	795	2.38409	-0.570729	-27.8204
Q1075C.pdb_C	802	1.40751	-1.54539	-7.15185
C1095I.pdb_C	818	1.89317	-0.830034	-8.73256
R107N.pdb_A	823	1.33293	-0.370681	-25.5596
F12M.pdb_A	831	1.3135	-0.554498	-27.4956
V40S.pdb_A	843	1.03839	-0.843484	-29.0601
M148T.pdb_A	850	1.05827	-0.259778	-25.294
T138G.pdb_A	858	1.05827	-0.726645	-24.7818
S121D.pdb_A	867	0.914453	-0.704625	-24.5564
L14A.pdb_A	885	0.914938	-0.0430579	-24.1851
M137F.pdb_A	893	0.91363	-0.064295	-23.8673
I66L.pdb_A	904	0.938791	-0.124441	-26.1803
F142M.pdb_A	912	0.906394	0.92542	-25.0405
K7H.pdb_A	924	2.67876	2.17262	-24.7225
F1028Y.pdb_C	934	3.09832	-3.16871	-5.78272
V15T.pdb_A	949	3.53257	2.10087	-24.4935
K27R.pdb_A	961	3.5598	1.61823	-25.6004
N1042T.pdb_C	966	3.14703	0.529422	-6.70499
T1061D.pdb_C	974	3.13452	0.620212	-7.21689
S1087M.pdb_C	985	2.38381	-1.04262	-6.4279
C1067I.pdb_C	995	2.22261	-0.614304	-6.80605
