name	count	evolved_interaction	ancestral_interaction	stability
Y64H.pdb_A	1	-10.4969	-10.5231	-25.3466
Q10R.pdb_A	11	-8.59854	-10.1006	-25.7677
K18A.pdb_A	20	-7.64358	-9.1679	-26.3773
T61Q.pdb_A	29	-6.74709	-8.65486	-25.7158
D19W.pdb_A	35	-5.01	-5.49828	-25.1088
D37T.pdb_A	41	-5.06117	-5.6043	-24.4693
L1063H.pdb_C	51	-5.07438	-7.53761	-7.91251
D1085Q.pdb_C	58	-4.62226	-7.16308	-6.56175
K146I.pdb_A	63	-4.51088	-5.37979	-25.7649
V148R.pdb_A	71	-2.6001	-5.55855	-24.0565
R17D.pdb_A	80	1.4915	-0.153734	-24.1138
A79Y.pdb_A	92	1.53614	1.24883	-23.9495
S138K.pdb_A	100	1.55321	1.14062	-24.7634
P52L.pdb_A	107	1.55115	1.52862	-23.7885
H74D.pdb_A	127	0.000315728	1.42139	-24.2209
R1088T.pdb_C	136	-0.506191	-4.21897	-6.11111
K31S.pdb_A	149	-0.566314	1.61425	-23.6958
K1032Q.pdb_C	158	-0.592559	-4.39529	-6.99967
A142F.pdb_A	165	-0.583347	1.63676	-27.9339
K15E.pdb_A	171	-0.644055	1.65978	-27.3756
Q39E.pdb_A	182	-0.665288	1.53079	-26.448
M1054Q.pdb_C	187	-0.841709	-4.22274	-7.10632
S3C.pdb_A	210	-0.809746	1.68437	-25.1728
T108R.pdb_A	223	-1.64284	1.61468	-24.914
C3R.pdb_A	228	-1.62906	1.22578	-26.4864
D121H.pdb_A	240	-2.01463	1.34348	-23.8472
W101D.pdb_A	250	-2.01499	1.34788	-23.7214
K153V.pdb_A	271	-1.997	1.51382	-23.6121
I1070C.pdb_C	283	-2.09243	-4.15312	-7.73949
K138I.pdb_A	295	-2.10063	1.54759	-22.7612
R1041M.pdb_C	306	-2.10491	-4.39887	-7.23322
S15N.pdb_A	315	-2.25784	0.965943	-25.8292
E11F.pdb_A	325	-3.45318	0.271888	-25.5352
S95E.pdb_A	334	-0.761566	0.41176	-25.8568
K1027I.pdb_C	346	-2.15041	-2.02979	-7.22649
T66S.pdb_A	354	-4.00276	-2.00219	-24.5073
R1064T.pdb_C	370	-3.3683	-1.59062	-7.36068
K1076R.pdb_C	376	-4.31242	-1.35847	-9.87877
R154I.pdb_A	382	-3.05361	-0.499003	-25.6673
D1080S.pdb_C	389	-3.01243	-1.68365	-9.33766
Y1060F.pdb_C	397	-3.22468	-2.08311	-9.45724
D33M.pdb_A	406	-3.58522	-0.738013	-26.7271
D1082G.pdb_C	423	-3.39161	-1.71916	-7.31693
F40K.pdb_A	430	-3.37325	-0.71101	-24.3541
Y1095D.pdb_C	436	-2.56947	-1.22606	-7.08114
Q130L.pdb_A	450	-2.61053	-0.768059	-25.9073
F11R.pdb_A	457	-2.66697	-0.810651	-24.7044
S70H.pdb_A	468	-2.6687	-0.716783	-24.5842
S1062I.pdb_C	485	-2.68007	-1.36351	-6.38356
C67D.pdb_A	494	-2.84671	-0.961667	-24.8573
G89V.pdb_A	503	-2.88657	-1.01262	-27.5996
C1073W.pdb_C	512	-2.87772	-1.33401	-6.33798
I1077M.pdb_C	523	-2.24995	-1.15316	-7.43178
G1082T.pdb_C	536	-1.84892	-1.17121	-5.65715
S122M.pdb_A	547	-0.488359	0.900658	-24.8234
Y140N.pdb_A	555	0.473882	1.00116	-25.3797
H70Y.pdb_A	561	0.628761	-0.311695	-24.8946
A26C.pdb_A	570	0.905482	0.132444	-23.5474
R108Y.pdb_A	590	0.966237	0.370934	-24.2044
K141W.pdb_A	602	0.958609	0.372479	-24.0874
R11K.pdb_A	614	0.893888	0.335809	-25.549
N1084L.pdb_C	621	0.978609	-1.14426	-7.10645
D1095F.pdb_C	626	1.0598	-1.27	-7.88422
E138N.pdb_A	634	0.925539	0.417886	-24.8162
Q1085E.pdb_C	652	0.839444	-1.83117	-5.95797
A32N.pdb_A	667	1.58251	0.959113	-23.7153
M1068E.pdb_C	681	4.54109	0.47638	-6.37848
F54N.pdb_A	690	4.56058	0.88429	-26.0621
S1088Y.pdb_C	700	5.095	0.768677	-7.94772
K27V.pdb_A	713	5.09243	1.10824	-24.6594
V98R.pdb_A	721	3.80586	1.12227	-23.7601
L150G.pdb_A	733	3.81469	1.74076	-23.5654
R30K.pdb_A	747	3.82817	2.6742	-24.3962
V89Q.pdb_A	758	3.40798	2.67724	-24.8256
E95P.pdb_A	765	3.43805	2.67724	-26.3664
V22R.pdb_A	773	2.68139	2.56863	-25.689
F59P.pdb_A	778	3.23341	2.57721	-24.3743
I107S.pdb_A	786	3.23568	2.49826	-23.6526
I156G.pdb_A	794	2.70566	1.71341	-26.1625
T70C.pdb_A	801	2.72573	1.70723	-26.4642
G156M.pdb_A	810	3.06643	1.87824	-26.4256
R98E.pdb_A	817	3.45291	1.95065	-26.1724
E1094W.pdb_C	826	2.94043	-2.23888	-5.66619
H35L.pdb_A	837	2.89557	2.00429	-25.4149
E12D.pdb_A	845	2.92686	1.97863	-25.0249
E1068N.pdb_C	853	0.372046	-1.26148	-5.92875
K11N.pdb_A	859	0.52939	2.09683	-28.4016
H64R.pdb_A	864	0.473168	2.04004	-24.2456
F81Y.pdb_A	874	0.508381	2.1379	-26.2264
V153W.pdb_A	881	0.533559	2.27443	-25.0706
N140L.pdb_A	894	0.389295	2.32301	-25.1663
P46Q.pdb_A	909	0.582357	2.74194	-25.5995
S1060M.pdb_C	919	0.196695	-1.03769	-8.16944
V27Y.pdb_A	927	-0.400454	2.98618	-26.9597
H100W.pdb_A	935	-0.721612	3.00666	-27.0978
L1040E.pdb_C	941	0.456001	-0.0640437	-7.19379
C26T.pdb_A	961	0.54739	3.39533	-25.0346
E6L.pdb_A	967	0.487768	3.53086	-26.5175
L6F.pdb_A	974	0.468944	3.55589	-26.9344
E3S.pdb_A	981	0.551257	3.38342	-26.7938
F14Q.pdb_A	989	-0.104581	3.18669	-26.4083
Q52S.pdb_A	994	-0.121302	3.21099	-26.4044
