name	count	evolved_interaction	ancestral_interaction	stability
L109I.pdb_A	1	-10.4946	-10.5191	-26.4746
A142R.pdb_A	8	-8.46027	-10.5155	-25.4104
E67A.pdb_A	13	-8.42607	-10.6086	-25.546
I112M.pdb_A	21	-8.43059	-10.4281	-24.0495
K18T.pdb_A	34	-7.74092	-9.63687	-24.5576
D118W.pdb_A	52	-7.57077	-9.36341	-24.4536
R13H.pdb_A	66	-4.98381	-6.00163	-27.1534
E57H.pdb_A	78	-7.25137	-6.8075	-28.26
A93L.pdb_A	85	-7.62611	-7.15097	-29.0154
T1042F.pdb_C	94	-7.5981	-10.3385	-6.53653
H1055W.pdb_C	102	-7.58645	-10.3317	-5.84976
E1059V.pdb_C	113	-7.6057	-10.3795	-6.25453
E63C.pdb_A	128	-6.56007	-6.03728	-24.1867
S70V.pdb_A	134	-6.76983	-6.10537	-23.9565
S3V.pdb_A	148	-6.17212	-6.05859	-24.3206
S95E.pdb_A	160	-6.10915	-6.04462	-25.7424
F33W.pdb_A	173	-7.03398	-6.90566	-25.4488
S122W.pdb_A	187	-6.88319	-6.75673	-24.6852
K147T.pdb_A	194	-6.92875	-6.78861	-25.0008
V1059I.pdb_C	202	-5.92969	-8.23689	-10.6937
W154N.pdb_A	207	-5.55154	-6.66077	-23.9441
N1094C.pdb_C	221	-4.23484	-7.4858	-8.98573
A1053V.pdb_C	227	-3.87929	-6.329	-8.88596
Q151E.pdb_A	235	-3.88347	-5.85047	-25.1254
S1032E.pdb_C	249	-3.88478	-7.56925	-6.52408
N98V.pdb_A	261	-4.06306	-5.87966	-24.8493
F1086L.pdb_C	273	-5.52158	-7.88684	-6.46027
Q1095L.pdb_C	287	-5.64169	-7.41338	-7.42931
C113Q.pdb_A	304	-5.58047	-7.51681	-23.8926
I1024K.pdb_C	313	-3.61213	-5.96909	-7.49364
P132D.pdb_A	323	-3.61202	-6.07401	-24.0123
T1060Y.pdb_C	341	-0.696018	-6.66498	-8.3574
R1082Q.pdb_C	353	-0.605214	-6.62082	-7.74543
M36I.pdb_A	359	-0.516894	-3.06178	-24.4465
R62L.pdb_A	368	-0.899196	-3.1427	-27.238
H1030V.pdb_C	374	-0.893115	-6.47654	-7.03174
H1080I.pdb_C	383	-1.63085	-6.72049	-6.19543
F1056G.pdb_C	389	-1.63067	-6.22893	-7.29854
Y87R.pdb_A	396	-1.63096	-4.00583	-25.0467
I1080D.pdb_C	405	-1.6726	-6.41055	-6.71568
S66G.pdb_A	421	0.726892	0.16629	-25.2648
Q48T.pdb_A	439	0.728795	0.166791	-24.1009
M1037R.pdb_C	450	-0.746183	-5.23189	-5.03374
C1094I.pdb_C	457	-0.492461	-5.01537	-6.71709
T14F.pdb_A	473	-2.04629	-1.48567	-24.9497
W25G.pdb_A	480	-0.729004	-0.663562	-25.8008
G25H.pdb_A	488	-0.984615	-0.599165	-24.4335
F1036A.pdb_C	495	-1.09741	-3.06254	-6.24403
L1086H.pdb_C	502	-1.05709	-4.15393	-6.21716
V1024A.pdb_C	508	-1.01354	-4.04863	-6.01422
D37C.pdb_A	514	-0.988256	-0.554589	-24.6138
A29R.pdb_A	528	-1.07415	-0.534033	-25.3457
V1030N.pdb_C	536	-1.16873	-0.383948	-7.45596
E31R.pdb_A	553	0.139263	0.714349	-24.4901
M52V.pdb_A	566	-0.0945438	0.545234	-24.8673
F137H.pdb_A	579	-1.02355	0.593723	-24.2776
Q117C.pdb_A	590	-1.03335	0.913145	-25.383
G1056H.pdb_C	596	-0.715024	-4.11662	-8.22295
C1033W.pdb_C	605	-1.44212	-4.12634	-7.79476
D1080E.pdb_C	611	-1.4613	-4.02861	-6.96572
C39L.pdb_A	621	-1.05319	0.0459043	-26.2488
L39R.pdb_A	628	-1.06916	0.0474526	-24.9207
W51Q.pdb_A	637	-1.07263	0.0395623	-25.9044
R1093V.pdb_C	645	-1.20416	-3.12726	-7.3929
L38W.pdb_A	653	-1.31608	0.127531	-26.1288
C141A.pdb_A	660	-0.986483	0.128542	-27.5574
R29F.pdb_A	670	-0.930116	0.220971	-24.1905
V1090L.pdb_C	676	-1.16884	-4.22591	-6.41209
V60L.pdb_A	685	-1.21318	0.209154	-26.1102
T150I.pdb_A	690	-1.21947	0.263281	-29.2529
R22W.pdb_A	702	-1.8659	0.115394	-24.0458
A1036Q.pdb_C	716	-1.98683	-4.55504	-6.59328
I150L.pdb_A	723	-1.98846	-0.0171926	-25.9561
A99H.pdb_A	739	-1.97174	0.0355306	-25.4785
F1042I.pdb_C	754	-1.95937	-4.55678	-5.90456
W1066M.pdb_C	760	-2.25329	-4.04415	-6.67436
V67I.pdb_A	766	-2.11991	0.151716	-25.6226
W127H.pdb_A	773	-2.17609	0.151017	-26.0634
W1054K.pdb_C	780	-1.0889	-1.90523	-7.70526
F141S.pdb_A	787	-1.02687	0.320216	-24.1456
L78D.pdb_A	802	-1.03888	0.104269	-25.7444
G48A.pdb_A	820	-0.604492	0.211251	-24.6138
M91H.pdb_A	826	-0.612136	-0.0429113	-24.8015
S156Y.pdb_A	831	-0.498566	1.48779	-25.3435
W59A.pdb_A	838	-0.640417	1.54944	-23.9814
T1058R.pdb_C	843	-0.629207	-1.32638	-9.2453
F36Y.pdb_A	855	-0.4897	1.51727	-24.0115
Q1036F.pdb_C	868	-0.541245	-3.45251	-8.06353
N125L.pdb_A	882	-0.286208	1.29836	-24.6808
H145A.pdb_A	892	-1.53247	1.17234	-24.2607
C9I.pdb_A	903	-2.29399	1.3506	-27.1723
Y68I.pdb_A	913	-2.29719	-0.546532	-27.2521
A25P.pdb_A	920	-3.00309	-0.740572	-25.3936
A48P.pdb_A	928	-2.99413	-0.763848	-27.3593
A145M.pdb_A	933	-3.051	-0.794025	-26.5715
R71C.pdb_A	943	-3.02342	-0.792824	-24.9084
Y82F.pdb_A	954	-4.11714	-0.700195	-24.1945
A1082D.pdb_C	969	-4.37543	-0.93628	-9.02842
Q51D.pdb_A	986	-4.41643	1.16464	-24.4683
V1092Q.pdb_C	993	-3.63639	-1.17813	-6.95226
M1077N.pdb_C	1000	-3.31497	-0.423787	-8.36246
