name	count	evolved_interaction	ancestral_interaction	stability
E63I.pdb_A	1	-10.484	-10.4496	-27.7283
N1086L.pdb_C	8	-10.8231	-10.8233	-9.74631
D1082Q.pdb_C	18	-9.76465	-10.0988	-11.4229
K146I.pdb_A	29	-9.7636	-10.1315	-24.7628
K1027L.pdb_C	48	-9.4491	-3.27002	-11.15
C54Q.pdb_A	60	-9.60348	-10.299	-24.1338
T91K.pdb_A	74	-6.10886	-7.73017	-24.9809
Y87D.pdb_A	88	-6.11338	-7.72868	-24.1528
D102Q.pdb_A	95	-6.04645	-7.77935	-24.2595
Q10T.pdb_A	104	-6.06948	-7.83658	-25.1577
A79I.pdb_A	112	-6.07744	-7.8441	-24.4911
L1048V.pdb_C	122	-6.16064	-8.2646	-6.28572
K147M.pdb_A	151	-6.23239	-7.77031	-25.0274
D37R.pdb_A	159	-5.70253	-7.81357	-26.665
I146R.pdb_A	167	-5.70027	-7.82301	-26.648
E1090A.pdb_C	175	-5.03538	-5.2978	-6.95367
C100V.pdb_A	182	-5.32172	-7.51276	-25.1938
Y38F.pdb_A	188	-4.14116	-6.82107	-26.1701
V1028M.pdb_C	193	-3.92672	-5.0568	-9.28724
S95A.pdb_A	202	-3.91264	-6.80408	-26.3945
Y115R.pdb_A	208	-4.23933	-6.81002	-27.3356
C5L.pdb_A	222	-4.30104	-6.6644	-27.0016
R17F.pdb_A	228	-0.0110161	-1.74565	-25.1453
M1072A.pdb_C	236	-0.0913072	-4.16652	-6.70707
T18A.pdb_A	248	-0.0346893	-2.06705	-24.6861
A1090V.pdb_C	256	-0.736007	-4.91587	-8.28992
L131Q.pdb_A	264	-2.04951	-7.73965	-25.6511
A1072N.pdb_C	276	-3.79955	-5.73147	-8.52109
W1094Q.pdb_C	288	-3.96533	-6.21606	-8.9108
K119I.pdb_A	302	-3.93248	-7.76493	-24.7742
K27F.pdb_A	308	-4.53914	-8.13151	-30.2148
V1048P.pdb_C	316	-5.24919	-3.26894	-6.69771
D49P.pdb_A	322	-5.21286	-8.33363	-30.8009
T63L.pdb_A	329	-5.1903	-8.01613	-25.5111
L1027K.pdb_C	335	-5.23509	-5.2564	-6.4271
R115M.pdb_A	343	-5.18793	-7.75141	-27.5749
E1079Y.pdb_C	349	-5.1735	-5.21899	-6.7295
K87D.pdb_A	365	-5.86922	-7.96239	-24.834
E33Y.pdb_A	374	-4.50931	-8.53014	-24.9458
L1051W.pdb_C	380	-4.50254	-4.34524	-6.93467
L109M.pdb_A	398	-4.50317	-8.40225	-24.8424
K1088I.pdb_C	407	-6.03083	-5.2824	-7.09085
M64N.pdb_A	419	-6.24412	-7.44561	-24.6548
T1046L.pdb_C	424	-6.00246	-5.18988	-11.216
P1062D.pdb_C	439	-5.68387	-4.83466	-10.3038
N126E.pdb_A	444	-6.28629	-7.53345	-26.0241
S35D.pdb_A	455	-4.71832	-5.57327	-27.0769
S1061M.pdb_C	463	-4.412	-3.84178	-12.7339
K144A.pdb_A	473	-4.33697	-5.54657	-23.9466
L1086Y.pdb_C	485	-3.99587	-3.53128	-9.64305
I128E.pdb_A	493	-3.99959	-5.52343	-26.4558
A43S.pdb_A	501	-3.99581	-5.53452	-24.4112
K104W.pdb_A	512	-3.86151	-5.50365	-24.3763
K40M.pdb_A	517	-4.10329	-5.51543	-25.1268
K154H.pdb_A	522	-3.98116	-5.54744	-24.7657
C70N.pdb_A	539	-1.99458	-5.24823	-24.9241
F38M.pdb_A	549	-0.940457	-5.01011	-24.7348
M1030H.pdb_C	562	-0.854489	-3.70617	-8.75335
H1023P.pdb_C	570	-1.49916	-4.01125	-7.49431
S1051L.pdb_C	580	-1.50361	-4.00851	-8.6033
P143I.pdb_A	592	-2.71164	-4.65024	-24.6802
V1048P.pdb_C	615	-3.12794	-3.26894	-6.69771
A74R.pdb_A	626	-4.11745	-5.04014	-24.3252
E141W.pdb_A	636	-3.61915	-4.68217	-23.8813
F98M.pdb_A	649	-3.61572	-4.67782	-24.955
V76T.pdb_A	659	-3.39363	-5.08009	-23.6096
K110P.pdb_A	668	-3.39391	-5.02475	-26.1386
I1039F.pdb_C	676	-3.41526	0.323357	-8.39405
W104R.pdb_A	688	-4.70486	-5.0574	-22.8771
F124L.pdb_A	697	-4.70375	-5.19816	-22.4058
I59E.pdb_A	703	-4.14197	-4.87095	-24.0523
P1061K.pdb_C	709	-4.10938	-2.10445	-8.33022
L150M.pdb_A	719	-3.40294	-3.97228	-23.4192
A1092W.pdb_C	746	-3.41687	-2.382	-7.79153
V116F.pdb_A	757	-3.26399	-3.49103	-22.8191
E29Q.pdb_A	770	-4.22153	-3.43816	-24.8358
D1063F.pdb_C	776	-4.16284	-2.29329	-13.2212
M1055G.pdb_C	784	-4.17255	-2.2919	-10.4341
L1027F.pdb_C	795	-4.07239	-2.01035	-7.02234
I22T.pdb_A	805	-3.01687	-2.63402	-23.1031
N132Y.pdb_A	812	-3.08746	-2.53184	-22.5654
I112C.pdb_A	827	-2.26993	-2.55195	-22.2408
R139N.pdb_A	833	-2.27183	-2.70547	-23.4189
E12D.pdb_A	848	-2.63865	-2.79292	-22.9846
M1028V.pdb_C	863	-2.38694	-2.11171	-6.16891
M77L.pdb_A	871	-2.4126	-2.82839	-22.0923
E79R.pdb_A	883	-2.57809	-2.76376	-23.3852
M1084W.pdb_C	888	-1.48163	-3.05621	-7.69702
V82D.pdb_A	904	-0.676896	-3.17338	-22.5317
L1051I.pdb_C	913	-1.13125	-2.4718	-7.82106
C94N.pdb_A	918	-1.17515	-3.3338	-23.252
K1023V.pdb_C	926	-1.38931	-3.48115	-7.27122
V1039I.pdb_C	937	-0.994758	-4.56895	-6.3908
M153C.pdb_A	945	-0.979689	-0.927402	-24.0476
L35T.pdb_A	955	-1.0042	-0.923991	-23.6947
C1043E.pdb_C	973	-1.0081	-4.56639	-6.17445
F40Y.pdb_A	980	-0.949775	-0.960349	-23.7495
R15K.pdb_A	997	-0.896225	-0.89488	-23.3599
