name	count	evolved_interaction	ancestral_interaction	stability
S3M.pdb_A	1	-10.4946	-10.5224	-25.9006
D1087Y.pdb_C	8	-8.27806	-7.20751	-10.7242
E1079V.pdb_C	20	-10.9305	-7.84755	-11.3056
E1084N.pdb_C	26	-9.72651	-6.6637	-9.96065
R1064T.pdb_C	34	-9.66642	-6.4076	-8.53519
S138Q.pdb_A	43	-9.52654	-10.1569	-25.1704
V148C.pdb_A	53	-9.35267	-10.092	-24.0031
S4G.pdb_A	63	-9.39135	-10.0162	-26.0093
E11C.pdb_A	70	-8.87146	-10.2285	-24.3648
M45L.pdb_A	80	-8.88526	-10.2878	-25.4109
K18Q.pdb_A	89	-8.80302	-9.89967	-24.5041
Y1087K.pdb_C	95	-7.38576	-6.89768	-7.86681
W1092A.pdb_C	102	-6.44745	-5.89659	-6.23165
P105Q.pdb_A	112	-6.41977	-9.86966	-24.1397
K74D.pdb_A	129	-6.41861	-9.87064	-23.2983
N1086K.pdb_C	146	-5.95665	-5.45393	-6.61341
G4D.pdb_A	152	-5.91049	-9.88714	-23.7157
F1074W.pdb_C	158	-5.94155	-5.33276	-6.35086
C150A.pdb_A	165	-4.17865	-7.01697	-25.6146
G44N.pdb_A	173	-4.13926	-6.8325	-24.7519
S145L.pdb_A	181	-4.07644	-6.69129	-26.3427
L120C.pdb_A	187	-4.47454	-6.64291	-25.6141
Q18A.pdb_A	195	-2.202	-2.70072	-23.9918
L145I.pdb_A	202	-4.81237	-4.10664	-24.3958
A150Y.pdb_A	208	-4.87994	-4.11003	-24.4271
Q42A.pdb_A	215	-4.84215	-4.04094	-24.7801
T1064D.pdb_C	223	-4.76804	-5.09306	-8.63157
M1083W.pdb_C	228	-2.37162	-5.06867	-7.2796
I3Q.pdb_A	247	-2.74266	-2.901	-26.3696
I1073D.pdb_C	263	-4.44643	-4.56729	-8.34854
L1081H.pdb_C	275	-4.59718	-5.56714	-5.88908
T61I.pdb_A	293	-4.5955	-5.06231	-26.5678
C11I.pdb_A	305	-4.9355	-4.79796	-26.6681
D1030N.pdb_C	311	-4.7766	-5.14775	-5.78725
S1043R.pdb_C	323	-4.80264	-5.09071	-8.53535
A1039G.pdb_C	332	-5.32958	-5.4746	-7.19203
K98I.pdb_A	342	-5.13323	-4.80385	-26.7482
I11R.pdb_A	351	-5.21057	-5.20446	-27.5995
Q138S.pdb_A	361	-5.22568	-3.86725	-25.4629
I1079M.pdb_C	368	-2.95351	-5.36615	-9.37594
W142P.pdb_A	377	-3.30833	-3.07559	-26.2176
I1047Y.pdb_C	383	-3.11435	-4.43838	-10.686
E32A.pdb_A	390	-2.78351	-1.47212	-24.0484
P142H.pdb_A	402	-2.74573	-2.72877	-25.6534
N1057F.pdb_C	416	-1.32582	-2.38125	-6.36919
S1095E.pdb_C	431	-1.12811	1.56298	-6.615
I14Y.pdb_A	439	-1.1936	-1.43984	-25.9295
I107M.pdb_A	450	-1.1947	-1.44091	-25.7696
W32K.pdb_A	458	-1.23463	-2.92189	-25.7041
I1061V.pdb_C	475	-0.0490327	-1.15097	-4.40521
Q70A.pdb_A	482	-0.0602767	-2.56027	-27.3412
D4W.pdb_A	494	-0.0453919	-2.56915	-25.3346
L1061H.pdb_C	506	0.121754	-1.46681	-6.21389
C1040A.pdb_C	513	0.12175	-1.46931	-7.1294
M1060H.pdb_C	518	0.00674187	-1.21722	-4.92639
C1068T.pdb_C	524	0.304941	-1.0033	-5.1638
E143L.pdb_A	533	0.242875	-2.40583	-25.2186
A6L.pdb_A	540	0.331549	-2.41144	-26.4846
N1047S.pdb_C	561	0.317566	-0.83282	-5.93007
V62M.pdb_A	568	-0.42363	-2.52115	-26.8622
Y22T.pdb_A	580	1.50603	0.315246	-24.8727
I61Y.pdb_A	586	1.43066	0.256855	-26.0537
S19R.pdb_A	598	1.11565	2.0724	-23.7761
K71E.pdb_A	603	1.22744	2.14493	-23.4138
A154R.pdb_A	608	1.20991	2.13193	-23.267
F67P.pdb_A	616	1.15659	2.13193	-24.0085
H1081P.pdb_C	626	0.885182	-0.825572	-4.77673
Q127C.pdb_A	642	0.919827	2.34518	-22.6829
C152T.pdb_A	652	0.486316	2.34518	-23.0423
G1032K.pdb_C	657	0.646895	-1.52772	-7.40609
D1090N.pdb_C	668	0.883522	-0.336187	-7.70964
K1084Q.pdb_C	685	-0.275087	0.333903	-6.0053
L1041P.pdb_C	694	-0.126181	-0.280482	-6.38121
H1025C.pdb_C	705	-0.144473	-2.26563	-6.04736
N1059A.pdb_C	713	-0.222912	2.08621	-7.18014
L1045F.pdb_C	725	3.01363	5.17186	-7.59512
K1032Y.pdb_C	733	2.99375	5.4079	-7.96385
Q78M.pdb_A	739	2.99033	-0.386702	-23.8133
Y91M.pdb_A	747	2.99515	-0.771792	-24.3074
T152I.pdb_A	762	3.00374	-0.773771	-24.0866
G102W.pdb_A	775	3.25927	-0.937403	-24.3905
R1087K.pdb_C	785	2.08549	5.9611	-7.93712
I124P.pdb_A	795	1.62946	-0.829166	-23.9263
L39W.pdb_A	807	1.23364	-0.829069	-23.7744
N126I.pdb_A	816	1.23218	-0.796476	-24.7175
A1059Q.pdb_C	823	1.17135	2.18009	-7.46076
S156N.pdb_A	830	1.20854	-1.10323	-24.0804
M49K.pdb_A	838	0.511277	-1.07407	-24.3876
K117H.pdb_A	858	-1.12855	-1.49636	-23.8186
H150I.pdb_A	867	-1.16518	-1.43257	-23.8885
E1061D.pdb_C	879	0.525928	1.1681	-7.78974
C5N.pdb_A	885	0.37709	1.98523	-24.569
W100K.pdb_A	911	-0.353925	1.96164	-24.5307
I1035M.pdb_C	922	-0.410534	1.23832	-7.86339
D1061K.pdb_C	929	-0.701243	0.79043	-7.90503
E19N.pdb_A	944	-0.966638	1.38339	-24.293
A118E.pdb_A	954	-0.96779	1.33568	-24.4529
N40D.pdb_A	963	-1.00463	1.2348	-25.2797
P105K.pdb_A	970	-0.980894	1.40168	-24.4935
A1085G.pdb_C	979	-1.68688	-0.311761	-6.32811
E1082C.pdb_C	995	-1.88093	0.0790475	-6.62788
