name	count	evolved_interaction	ancestral_interaction	stability
Q117K.pdb_A	1	-10.5151	-10.5422	-27.5585
L97M.pdb_A	6	-9.58017	-10.6947	-24.9258
L6P.pdb_A	16	-9.93164	-10.7417	-25.1806
P1044H.pdb_C	23	-9.61579	-9.36426	-7.26598
Q1073V.pdb_C	35	-10.5744	-9.62776	-6.78175
L1066Q.pdb_C	55	-10.8829	-9.78666	-6.20597
G93W.pdb_A	68	-11.0342	-11.8568	-25.817
Q7Y.pdb_A	77	-10.5427	-10.9481	-25.9026
E1090L.pdb_C	85	-9.12468	-9.04955	-6.99208
E1034S.pdb_C	90	-6.64004	-9.33078	-6.10342
L109V.pdb_A	98	-6.73361	-7.03795	-23.7815
K31C.pdb_A	106	-6.89245	-7.0353	-23.6822
T1077V.pdb_C	114	-5.28471	-6.8835	-7.48371
Y82K.pdb_A	121	-5.69085	-6.26095	-24.9213
I1084H.pdb_C	130	-4.71221	-6.19923	-7.38188
Y140T.pdb_A	139	-1.13048	-1.3567	-27.3368
S156M.pdb_A	147	-0.972912	-1.24917	-26.0234
E99H.pdb_A	156	-1.22848	-1.46871	-26.8929
E1079K.pdb_C	164	-1.20268	-6.22036	-5.85975
C1061T.pdb_C	169	-2.05407	-6.51558	-5.50852
E30H.pdb_A	178	-2.95315	-2.50891	-24.5883
S136Q.pdb_A	196	-2.86966	-2.46888	-26.3078
L150W.pdb_A	209	-3.0605	-2.59703	-24.6214
K40M.pdb_A	216	-2.57873	-2.85543	-26.5871
Q11A.pdb_A	224	-3.65452	-4.37608	-24.8339
L1095P.pdb_C	240	-3.38201	-6.67402	-7.59683
A106K.pdb_A	256	-3.43243	-3.92521	-25.0104
W93N.pdb_A	263	-3.61625	-3.75334	-23.9209
H99E.pdb_A	274	-3.76197	-3.77781	-24.46
I54K.pdb_A	285	-3.50267	-3.76017	-24.2473
Q79H.pdb_A	301	-3.50285	-3.70923	-23.9671
S1062V.pdb_C	308	-3.61492	-6.51059	-6.11648
Y64F.pdb_A	332	-3.6359	-3.68596	-24.6416
Y144H.pdb_A	350	-3.63598	-3.33644	-24.1048
L1048M.pdb_C	365	-3.64817	-6.47876	-7.38714
K1054V.pdb_C	374	-3.64922	-6.48846	-6.79581
E114N.pdb_A	384	-3.68607	-2.92341	-24.7693
S20R.pdb_A	394	-4.61381	-5.94672	-24.5688
V1062N.pdb_C	420	-4.5467	-5.83356	-5.76181
S1038L.pdb_C	434	-4.52434	-5.85685	-6.99406
Q136I.pdb_A	446	-4.44425	-5.84534	-25.2965
R20G.pdb_A	452	-2.60493	-1.58273	-24.7647
K141R.pdb_A	460	-3.92149	-1.72203	-26.0937
K117F.pdb_A	472	-3.95475	-0.752405	-24.7924
G20Q.pdb_A	486	-4.11563	-0.76115	-25.3916
K147Q.pdb_A	498	-4.00459	-0.882706	-25.5779
K1040R.pdb_C	511	-4.86123	-1.96878	-6.41502
Y1033K.pdb_C	522	-4.95125	-2.0834	-6.85169
M1048L.pdb_C	534	-4.95126	-2.08342	-6.8745
E143K.pdb_A	539	-4.64425	-1.41182	-26.5911
V29L.pdb_A	546	-4.67533	-1.51912	-25.4029
M1066L.pdb_C	558	-4.69877	-2.15256	-6.99836
Q1076E.pdb_C	565	-4.73788	-2.27109	-6.13806
G92T.pdb_A	570	-3.19004	-0.558043	-28.3608
T10E.pdb_A	588	-3.30807	0.114344	-27.1841
A1036S.pdb_C	596	-3.29879	-1.84992	-6.61357
F1067Y.pdb_C	606	-3.70855	-0.601246	-7.07684
Y67L.pdb_A	616	-3.85781	-1.29727	-29.3349
K63I.pdb_A	622	-3.88609	-1.29509	-27.4098
N138E.pdb_A	629	-4.16302	-1.29343	-28.144
P125R.pdb_A	636	-4.22396	-1.30065	-28.2745
N93M.pdb_A	648	-4.31445	-1.57387	-25.3851
S1075N.pdb_C	657	-4.26548	-1.07445	-6.56033
R125Q.pdb_A	664	-2.41808	-1.64833	-25.6745
T89N.pdb_A	672	-2.40379	-1.5716	-26.8656
N1068G.pdb_C	681	-2.51736	-2.64393	-5.85202
V33H.pdb_A	691	-2.66924	-1.56462	-26.3402
G1068K.pdb_C	704	-2.98846	2.12994	-5.9335
N1075W.pdb_C	721	0.299328	2.14233	-6.38718
L1090M.pdb_C	729	0.142907	2.0791	-5.76294
D74L.pdb_A	741	0.202128	2.5885	-24.5825
E1074W.pdb_C	753	0.156038	2.24124	-8.9764
N89F.pdb_A	762	0.192215	2.58991	-25.5129
W91L.pdb_A	770	0.234335	2.36265	-25.5602
T108D.pdb_A	784	0.194877	2.60216	-29.9185
V1042R.pdb_C	790	0.200222	-2.38051	-6.16598
R110L.pdb_A	801	2.01837	2.94086	-24.9056
M1090Q.pdb_C	808	0.21559	-4.45942	-4.68523
W126M.pdb_A	817	0.146841	1.926	-27.2659
A117R.pdb_A	825	0.0621226	1.98107	-26.9048
N140T.pdb_A	834	0.193533	2.02309	-24.0951
R1093G.pdb_C	850	0.0316664	-4.2849	-5.96001
W41H.pdb_A	859	-0.0287274	1.70041	-23.9188
W134M.pdb_A	869	-0.085348	1.75276	-25.1516
P78W.pdb_A	881	0.585377	1.70401	-24.4748
A20S.pdb_A	887	0.234043	1.69658	-24.2668
G65Y.pdb_A	898	0.768782	1.78643	-25.896
R1073M.pdb_C	907	0.850862	-2.7364	-5.52408
E1039C.pdb_C	922	0.00132683	-0.852021	-4.92746
I1092M.pdb_C	936	-0.471776	-1.24314	-6.06449
A46I.pdb_A	941	-0.474912	0.941828	-25.947
E1047W.pdb_C	952	-0.474932	-1.24279	-8.32383
R1040M.pdb_C	973	-0.305513	-1.27277	-6.46594
T140A.pdb_A	986	-1.64739	1.01411	-26.145
F89E.pdb_A	995	-1.87939	0.791279	-24.1795
