name	count	evolved_interaction	ancestral_interaction	stability
M1083I.pdb_C	1	-9.84023	-9.91604	-10.3606
E1050K.pdb_C	7	-9.90269	-9.79547	-11.1072
L119T.pdb_A	13	-6.25991	-10.6916	-24.5188
A142R.pdb_A	23	-6.27504	-10.6773	-24.9051
S1077M.pdb_C	28	-2.42188	-6.00303	-7.09857
Y129C.pdb_A	38	-3.24197	-6.29155	-23.2992
C5P.pdb_A	48	-3.92221	-4.03548	-24.8309
V1074C.pdb_C	57	-3.93572	-4.04966	-7.40062
C145A.pdb_A	65	-4.22586	-2.24705	-26.8236
V17G.pdb_A	73	-3.00216	-2.26494	-25.5223
D1061H.pdb_C	78	-3.0702	-4.26979	-7.5953
P88Q.pdb_A	83	-3.65896	-4.8784	-24.1808
S1029M.pdb_C	94	-5.32849	-4.29865	-8.83663
G88I.pdb_A	103	-4.94949	-2.92338	-24.1303
D37E.pdb_A	109	-4.95128	-2.7373	-24.1342
R142A.pdb_A	118	-4.69919	-2.46202	-24.142
D1075C.pdb_C	126	-4.69664	-4.09603	-7.13945
Q10A.pdb_A	136	-4.72096	-2.46248	-26.2115
Y80A.pdb_A	144	-4.65996	-2.42622	-23.7817
W103H.pdb_A	152	-4.62969	-2.44689	-24.2319
D119V.pdb_A	160	-3.58528	-2.39932	-24.6708
Y68F.pdb_A	171	-3.55141	-2.41352	-24.4197
E1094K.pdb_C	182	-5.06493	-5.60861	-7.43034
D121Q.pdb_A	191	-3.29084	-0.628596	-25.227
L57A.pdb_A	199	-3.30532	-0.577564	-23.8265
A106L.pdb_A	209	-4.70088	-0.949267	-23.9584
A79H.pdb_A	221	-4.48459	-0.679608	-23.5201
K153S.pdb_A	230	-4.44547	-0.624976	-28.1242
V1084N.pdb_C	238	-3.84636	-5.17008	-6.53219
K146V.pdb_A	246	-3.72008	-0.347612	-24.4297
C92Q.pdb_A	261	-3.72155	-0.338663	-25.4752
Q67M.pdb_A	269	-3.71583	-0.346865	-26.7185
C74E.pdb_A	280	-3.94138	-0.212969	-23.92
K1064E.pdb_C	293	-3.90124	-4.25975	-6.31388
G1057K.pdb_C	305	-4.14158	-4.30966	-5.71034
E99S.pdb_A	316	-4.65451	-0.463459	-23.9521
R118G.pdb_A	327	-4.47827	-0.667439	-23.8077
V104L.pdb_A	346	-4.47819	-0.668909	-23.5835
K22D.pdb_A	359	-3.27284	1.09361	-27.4073
D1080R.pdb_C	366	-3.22834	-6.91769	-9.2561
V1070D.pdb_C	371	-3.71256	-6.68019	-8.58123
K1057S.pdb_C	376	-3.71894	-6.67672	-6.61345
F1058L.pdb_C	386	-3.71795	-6.68674	-7.21544
S1062A.pdb_C	395	-3.18177	-6.56278	-7.45153
H103K.pdb_A	407	-3.06284	0.410005	-23.8437
V32K.pdb_A	420	-3.07219	0.42622	-24.7842
Y1084L.pdb_C	430	-4.52347	-6.30124	-6.17596
A152I.pdb_A	450	-4.10136	1.05394	-24.0697
R126M.pdb_A	475	-5.80325	-0.584052	-23.7071
H15F.pdb_A	493	-5.80429	-0.515031	-23.6058
L6K.pdb_A	507	-4.24676	-0.493559	-23.3836
Y146F.pdb_A	515	-4.30844	-0.602201	-25.6728
E74T.pdb_A	526	-4.22651	-0.393239	-23.5317
E1039I.pdb_C	540	-4.2226	-5.31446	-8.96311
S7M.pdb_A	547	-5.0032	-0.374519	-23.8714
F1042W.pdb_C	559	-5.81702	-3.47321	-6.67853
I25F.pdb_A	566	-7.14063	-3.69492	-23.6718
N98F.pdb_A	575	-8.09043	-3.679	-24.1845
R112M.pdb_A	582	-7.25367	-2.6451	-25.8814
P72I.pdb_A	596	-7.98923	-2.30582	-26.3054
S27Y.pdb_A	605	-7.35701	-1.81011	-23.6721
W1042I.pdb_C	612	-7.39207	-4.35869	-11.0106
E125Y.pdb_A	629	-8.09547	-1.79022	-24.4309
H3F.pdb_A	639	-8.14923	-2.36399	-24.0201
D100C.pdb_A	654	-7.52797	-2.60658	-23.8109
F3N.pdb_A	662	-6.46696	-2.50555	-24.2103
W32Y.pdb_A	672	-6.56587	-2.52706	-25.2664
M1075P.pdb_C	681	-7.5668	-2.85371	-8.94624
R139S.pdb_A	686	-7.62034	-2.94878	-25.119
S89F.pdb_A	693	-6.99281	-3.00945	-25.1655
M133V.pdb_A	700	-5.50739	-2.35766	-24.5911
V22E.pdb_A	709	-4.38075	-0.518862	-25.6246
M121P.pdb_A	719	-4.51631	-0.495556	-23.7187
V1090W.pdb_C	733	-1.03873	-1.32887	-6.75708
Y1094R.pdb_C	749	-5.28522	-1.75466	-8.87998
M149Y.pdb_A	763	-5.28525	-0.805986	-24.0056
S107I.pdb_A	781	-4.54291	-1.19418	-26.5382
P132V.pdb_A	789	-5.00856	-1.18192	-28.7035
S95P.pdb_A	795	-3.60858	-1.47768	-33.0415
A10I.pdb_A	800	-3.52268	-0.766192	-30.618
P121G.pdb_A	806	-2.26113	-0.660634	-26.8586
V138M.pdb_A	812	-2.24734	-0.571101	-25.9269
S1046C.pdb_C	824	-3.56947	-3.00236	-8.89077
S114Y.pdb_A	829	-3.56767	-0.880499	-24.3052
G118C.pdb_A	840	-3.55436	-0.823061	-25.077
Y1076W.pdb_C	853	-3.574	-2.98939	-6.6285
P103W.pdb_A	862	-3.54014	-0.708968	-26.1016
F32R.pdb_A	868	-4.09251	-0.383449	-25.5723
M7G.pdb_A	876	-3.8534	-0.412166	-25.1583
I1042S.pdb_C	892	-3.59713	-2.70793	-6.51823
H75V.pdb_A	908	-3.59198	-1.80931	-26.4722
K13M.pdb_A	913	-3.65863	0.0163926	-28.1524
S17K.pdb_A	924	-3.73435	-2.28215	-24.6757
Q103T.pdb_A	935	-4.24173	-2.28408	-23.9417
K17Q.pdb_A	942	-4.91118	-0.625781	-24.0174
L19G.pdb_A	948	-4.9453	-0.855059	-27.3275
G132F.pdb_A	958	-5.04823	-0.862363	-26.9367
W57L.pdb_A	967	-4.25256	-0.423364	-24.7323
S1051C.pdb_C	988	-2.63925	-2.51202	-6.64861
