name	count	evolved_interaction	ancestral_interaction	stability
I1039W.pdb_C	2	-10.4973	-10.5116	-6.79661
L119I.pdb_A	11	-10.3548	-10.5145	-24.9019
K1058A.pdb_C	18	-10.4608	-10.393	-5.99504
H101Q.pdb_A	30	-8.82528	-9.946	-25.8705
R139G.pdb_A	36	-8.87311	-10.0163	-26.1979
K139H.pdb_A	44	-8.86248	-9.99905	-26.4748
L150N.pdb_A	52	-8.86002	-9.99929	-24.2251
G34K.pdb_A	62	-8.94978	-10.1205	-24.8612
Y3T.pdb_A	70	-6.55113	-7.37318	-25.6094
S70T.pdb_A	78	-7.36821	-7.79086	-26.1854
D37K.pdb_A	83	-7.49454	-7.95492	-25.3228
E100F.pdb_A	88	-7.40475	-7.95896	-24.1692
E61W.pdb_A	99	-5.09543	-6.13556	-25.0687
L1066C.pdb_C	117	-5.12598	-9.13024	-7.15444
D121F.pdb_A	127	-2.92572	-5.98112	-26.6655
R1093E.pdb_C	134	-2.63971	-6.64669	-6.5782
S136F.pdb_A	146	-2.60383	-6.06734	-25.5794
A106S.pdb_A	154	-2.60062	-6.06576	-25.3737
L76V.pdb_A	161	-2.68713	-6.06697	-24.7294
A126D.pdb_A	166	-2.68468	-6.09903	-25.4085
D1080K.pdb_C	176	-2.39479	-6.47896	-6.22228
I1071V.pdb_C	190	-2.24016	-6.67377	-6.24278
R22F.pdb_A	203	-3.24843	-7.01358	-27.8933
E1090T.pdb_C	211	-2.66582	-4.56496	-6.15917
Q111G.pdb_A	218	-2.68155	-7.19432	-23.9174
C1066W.pdb_C	230	-3.42951	-4.67011	-6.42975
S143V.pdb_A	240	-3.51615	-6.5446	-25.8852
W134I.pdb_A	248	-3.52136	-6.54505	-23.7858
Q1076R.pdb_C	263	-3.50268	-4.72139	-6.25332
G111D.pdb_A	275	-2.81123	-6.75509	-27.7959
R8W.pdb_A	284	-2.7375	-6.71748	-24.8777
F20N.pdb_A	300	-1.54147	-5.29683	-24.8149
L71T.pdb_A	309	-1.58052	-5.31884	-25.8302
P59V.pdb_A	315	-1.58279	-5.31985	-25.525
D126L.pdb_A	321	-1.69131	-5.31322	-24.7643
W121C.pdb_A	334	-1.70598	-5.23897	-24.9347
Q7E.pdb_A	340	-1.74063	-5.55179	-24.4688
W122A.pdb_A	359	-1.82666	-5.55514	-27.5174
I92Q.pdb_A	370	-2.51612	-6.08659	-25.3266
I100Y.pdb_A	380	-2.48161	-6.44058	-25.0946
N1070K.pdb_C	394	-2.16167	-3.28452	-6.77103
K1070L.pdb_C	408	-2.06318	-1.55155	-6.96458
N1050M.pdb_C	423	-2.04337	-1.55155	-7.77326
H138K.pdb_A	432	-2.10462	-6.37056	-25.9508
N66G.pdb_A	441	-1.19805	-5.03738	-24.7836
V1071K.pdb_C	456	-1.38226	-3.10607	-6.64495
M95Y.pdb_A	465	-1.29606	6.06323	-25.7249
D111L.pdb_A	475	-1.35722	-5.52431	-24.8219
N1085V.pdb_C	487	-1.37467	-3.62981	-7.32972
N1086L.pdb_C	494	-1.41881	-4.10642	-8.0265
V143L.pdb_A	501	-1.43435	-4.92594	-24.8516
E7F.pdb_A	510	-2.2671	-3.52999	-24.8159
L18W.pdb_A	521	-0.0532343	-2.01619	-25.2742
K34S.pdb_A	531	1.1213	-1.58928	-24.1972
N149T.pdb_A	541	1.42221	-1.585	-23.6916
W37K.pdb_A	547	1.40527	-1.58541	-25.3263
N3T.pdb_A	558	1.80136	-0.723454	-24.9263
N99V.pdb_A	578	1.80136	-0.723612	-25.5192
K89L.pdb_A	596	1.80097	-0.716148	-24.1804
T1066F.pdb_C	607	2.35416	-0.996698	-9.67349
T1077R.pdb_C	613	1.31863	0.0531641	-9.44996
P1044A.pdb_C	619	1.36481	0.0522037	-6.0795
F91I.pdb_A	631	1.36906	-0.00325872	-25.0291
E1059M.pdb_C	648	1.61222	-1.27487	-6.53038
F1023N.pdb_C	672	1.66262	-1.38371	-6.09469
C74L.pdb_A	683	1.66272	-0.00805078	-26.6654
W118I.pdb_A	696	1.15937	0.627907	-24.5506
M1060W.pdb_C	714	1.15953	-1.3837	-6.0705
Q108K.pdb_A	724	1.15964	0.589978	-25.3607
A1087N.pdb_C	736	1.87739	-1.65046	-6.56903
Q109F.pdb_A	751	1.58493	2.91018	-26.4057
Y91Q.pdb_A	760	1.56256	2.91018	-26.3017
C5L.pdb_A	768	1.54385	2.89389	-26.476
F64M.pdb_A	777	-0.489522	4.06646	-25.8623
Q153I.pdb_A	789	-0.498172	4.106	-26.5391
F101C.pdb_A	795	-1.5694	4.05121	-27.5019
Y1047H.pdb_C	806	-1.57337	-0.212967	-6.49527
E127L.pdb_A	814	-1.54228	4.36589	-31.2449
N52Q.pdb_A	822	-1.54625	4.36597	-25.3217
I1074Q.pdb_C	835	-1.52228	-2.18585	-6.87672
K108S.pdb_A	848	-1.53696	4.02181	-25.3964
Q14N.pdb_A	857	-2.25432	4.03367	-25.365
I84V.pdb_A	869	-2.54017	4.14669	-25.383
C1094A.pdb_C	879	-2.52383	-2.6129	-6.76657
H1062P.pdb_C	889	-2.53938	-2.63372	-6.85729
N1080D.pdb_C	894	-2.68107	-3.09781	-7.87349
G1057H.pdb_C	903	-0.954572	-3.09781	-6.67983
C116F.pdb_A	915	-0.869957	5.96542	-25.2987
Y15F.pdb_A	928	-0.788041	6.06323	-25.115
A122R.pdb_A	959	-0.95756	5.3147	-24.9853
L89R.pdb_A	973	-0.959556	5.31613	-24.8037
K1023R.pdb_C	988	-0.956247	-0.327112	-5.6747
