name	count	identity	interface_identity	non_interface_identity	evolved_interaction	ancestral_interaction	stability
K1058N_C	1	0.986301369863	1.0	0.980392156863	-10.4704	-10.3519	-7.00315
S122I_A	7	0.987012987013	1.0	0.985185185185	-10.4135	-10.406	-24.4834
K147F_A	13	0.961038961039	1.0	0.955555555556	-10.6348	-10.6121	-26.5165
S70N_A	20	0.928571428571	0.947368421053	0.925925925926	-11.0012	-11.1317	-23.2205
R104Q_A	26	0.902597402597	0.947368421053	0.896296296296	-11.1829	-11.2351	-20.7248
N1025E_C	31	0.890410958904	0.954545454545	0.862745098039	-11.0695	-10.0614	-2.92337
A1091C_C	42	0.876712328767	0.909090909091	0.862745098039	-11.2569	-10.0504	-3.66332
V99R_A	52	0.857142857143	0.894736842105	0.851851851852	-11.3144	-10.4774	-1.54354
V133T_A	59	0.850649350649	0.894736842105	0.844444444444	-11.1045	-10.2793	-0.229773
R102H_A	70	0.831168831169	0.894736842105	0.822222222222	-11.1173	-11.2299	-1.68462
P155L_A	86	0.818181818182	0.894736842105	0.807407407407	-11.3833	-11.2495	-5.64446
Q109H_A	94	0.798701298701	0.894736842105	0.785185185185	-11.22	-11.241	-3.01865
H102P_A	99	0.779220779221	0.842105263158	0.77037037037	-11.2845	-11.2865	-1.99545
K141P_A	108	0.75974025974	0.842105263158	0.748148148148	-11.1937	-11.2865	-1.60144
E1059Q_C	117	0.753424657534	0.909090909091	0.686274509804	-11.2545	-10.1291	-1.42243
E1094G_C	127	0.712328767123	0.863636363636	0.647058823529	-10.5654	-9.57406	-2.80584
G15T_A	140	0.733766233766	0.842105263158	0.718518518519	-10.7628	-11.242	-3.42262
H109I_A	147	0.714285714286	0.736842105263	0.711111111111	-10.7154	-11.5157	-2.31243
M1085Y_C	155	0.671232876712	0.863636363636	0.588235294118	-10.5034	-9.08393	-1.73208
Q104F_A	161	0.688311688312	0.736842105263	0.681481481481	-10.4379	-11.4924	-1.70068
C5N_A	170	0.662337662338	0.736842105263	0.651851851852	-10.5037	-11.5539	-1.39367
T15Q_A	182	0.668831168831	0.736842105263	0.659259259259	-10.678	-11.5194	-4.79975
D1043C_C	189	0.657534246575	0.863636363636	0.56862745098	-10.6768	-9.1436	-2.22636
S138C_A	196	0.642857142857	0.736842105263	0.62962962963	-10.5934	-11.5204	-3.0021
K1038D_C	205	0.602739726027	0.818181818182	0.509803921569	-10.4837	-8.99026	-1.71058
T1058D_C	222	0.58904109589	0.818181818182	0.490196078431	-10.5625	-9.09951	-0.939729
N1074F_C	229	0.58904109589	0.818181818182	0.490196078431	-10.5479	-9.1086	-2.10997
Y1073V_C	246	0.58904109589	0.818181818182	0.490196078431	-10.5406	-9.03431	-2.2062
H71K_A	256	0.603896103896	0.736842105263	0.585185185185	-10.5129	-11.4013	-2.94296
C61I_A	281	0.61038961039	0.736842105263	0.592592592593	-10.4814	-10.8276	-3.15582
H1036Y_C	304	0.58904109589	0.818181818182	0.490196078431	-11.2274	-9.93762	-4.58718
I122A_A	310	0.603896103896	0.789473684211	0.577777777778	-10.9251	-10.9036	-3.70662
L120M_A	317	0.590909090909	0.8125	0.565217391304	-10.9077	-10.8831	-2.3482
K71E_A	325	0.571428571429	0.8125	0.54347826087	-10.9044	-10.9201	-2.61714
K40Y_A	337	0.558441558442	0.8125	0.528985507246	-10.8775	-10.8836	-3.17812
C138Y_A	342	0.551948051948	0.75	0.528985507246	-10.5424	-11.2559	-3.90453
A1070N_C	349	0.493150684932	0.681818181818	0.411764705882	-10.6015	-9.6948	-4.19419
R1085W_C	358	0.493150684932	0.681818181818	0.411764705882	-10.6275	-9.6285	-5.07919
P1044G_C	368	0.465753424658	0.681818181818	0.372549019608	-10.428	-9.55762	-3.80515
Q1056M_C	374	0.452054794521	0.681818181818	0.352941176471	-10.5506	-9.53359	-4.25769
I1088E_C	389	0.424657534247	0.636363636364	0.333333333333	-10.6431	-8.18122	-1.8472
A1053V_C	408	0.41095890411	0.636363636364	0.313725490196	-10.6953	-8.1712	-1.83982
G1044Q_C	417	0.397260273973	0.590909090909	0.313725490196	-11.1787	-8.79327	-4.28477
I107G_A	426	0.506493506494	0.6875	0.485507246377	-11.3346	-11.025	-2.47017
Y40M_A	433	0.506493506494	0.6875	0.485507246377	-11.3125	-11.0465	-3.7288
A1061E_C	453	0.356164383562	0.545454545455	0.274509803922	-10.6481	-7.98685	-3.86623
N1082H_C	462	0.356164383562	0.545454545455	0.274509803922	-10.6046	-7.96568	-3.58457
P1040T_C	480	0.356164383562	0.545454545455	0.274509803922	-10.5227	-7.8811	-1.33588
Q1033K_C	497	0.356164383562	0.545454545455	0.274509803922	-10.5387	-7.88223	-1.87674
A125W_A	504	0.474025974026	0.6875	0.449275362319	-10.805	-12.4128	-3.68725
S95W_A	512	0.467532467532	0.6875	0.442028985507	-10.8038	-12.4126	-5.36229
M1034A_C	524	0.356164383562	0.545454545455	0.274509803922	-10.7985	-7.86765	-1.03713
G1074D_C	546	0.356164383562	0.545454545455	0.274509803922	-10.7985	-7.86763	-2.29106
E143M_A	558	0.448051948052	0.6875	0.420289855072	-10.7984	-12.7105	-6.466
V1073M_C	564	0.342465753425	0.545454545455	0.254901960784	-10.7579	-7.88347	-2.67618
W125Y_A	571	0.435064935065	0.6875	0.405797101449	-10.8093	-12.3149	-5.64734
K19C_A	580	0.428571428571	0.6875	0.398550724638	-10.7289	-12.0036	-5.17878
Y1067Q_C	587	0.315068493151	0.521739130435	0.22	-11.5898	-7.89234	-1.0197
M1073D_C	595	0.301369863014	0.521739130435	0.2	-11.6599	-7.94757	-1.9391
N124Y_A	607	0.415584415584	0.6875	0.384057971014	-11.5684	-12.0028	-6.33584
K1033Y_C	614	0.287671232877	0.521739130435	0.18	-11.5427	-8.03552	-1.0243
C104V_A	625	0.409090909091	0.6875	0.376811594203	-11.5561	-12.3772	-2.80792
S151F_A	635	0.409090909091	0.6875	0.376811594203	-11.5758	-12.4577	-4.3405
E10C_A	644	0.396103896104	0.6875	0.36231884058	-11.6759	-12.5106	-3.32623
H122F_A	651	0.38961038961	0.6875	0.355072463768	-11.7081	-12.4278	-2.98391
K27M_A	657	0.383116883117	0.625	0.355072463768	-11.5201	-12.3138	-4.19856
I109P_A	667	0.37012987013	0.5625	0.347826086957	-13.1534	-13.8965	-4.28587
K6I_A	674	0.37012987013	0.529411764706	0.350364963504	-13.1646	-13.8946	-3.88456
R33K_A	685	0.363636363636	0.529411764706	0.343065693431	-13.1668	-13.8272	-2.72661
W100R_A	708	0.363636363636	0.529411764706	0.343065693431	-13.0198	-13.8229	-2.49881
T11K_A	718	0.363636363636	0.529411764706	0.343065693431	-12.9182	-13.7068	-5.32131
S1050V_C	724	0.287671232877	0.478260869565	0.2	-12.6846	-7.89246	-1.58479
H20S_A	730	0.337662337662	0.411764705882	0.328467153285	-11.1497	-12.6788	-7.24197
F29L_A	739	0.337662337662	0.411764705882	0.328467153285	-11.2272	-12.377	-8.92023
S89F_A	746	0.331168831169	0.411764705882	0.321167883212	-11.3961	-12.3698	-5.98315
W131Y_A	755	0.331168831169	0.411764705882	0.321167883212	-11.4002	-12.4615	-2.8202
M1070H_C	765	0.287671232877	0.478260869565	0.2	-11.2464	-8.49189	-1.48659
L85S_A	778	0.324675324675	0.411764705882	0.313868613139	-11.1162	-12.6232	-4.96426
A43N_A	783	0.311688311688	0.294117647059	0.313868613139	-12.3863	-14.6409	-3.82961
T1025K_C	790	0.287671232877	0.478260869565	0.2	-12.8634	-8.84334	-2.59813
G71D_A	797	0.311688311688	0.294117647059	0.313868613139	-12.8601	-14.5882	-3.91044
E147D_A	802	0.311688311688	0.294117647059	0.313868613139	-12.8612	-14.6237	-4.50678
F1041W_C	807	0.287671232877	0.478260869565	0.2	-11.3321	-8.03769	-2.91092
Q74R_A	816	0.298701298701	0.294117647059	0.299270072993	-11.3291	-14.5908	-2.31841
K76N_A	824	0.285714285714	0.294117647059	0.284671532847	-11.2877	-14.6189	-1.27916
R1055L_C	852	0.27397260274	0.478260869565	0.18	-10.8779	-8.01756	-1.4127
H1044R_C	861	0.27397260274	0.478260869565	0.18	-11.1156	-8.03019	-1.24056
T10A_A	872	0.285714285714	0.294117647059	0.284671532847	-10.9845	-14.0565	-1.30317
H54G_A	885	0.285714285714	0.294117647059	0.284671532847	-11.3018	-14.0886	-2.1122
E107V_A	899	0.285714285714	0.294117647059	0.284671532847	-11.3048	-14.0901	-3.40136
P111W_A	912	0.279220779221	0.294117647059	0.277372262774	-11.3035	-14.2202	-1.13754
C1062D_C	922	0.260273972603	0.478260869565	0.16	-11.2895	-8.22062	-1.76105
D49K_A	927	0.279220779221	0.294117647059	0.277372262774	-11.6068	-14.3826	-4.16794
P65C_A	932	0.266233766234	0.333333333333	0.257352941176	-10.8841	-14.8073	-0.705274
N1075L_C	945	0.232876712329	0.434782608696	0.14	-10.8842	-5.9719	-1.43945
V1077W_C	961	0.232876712329	0.434782608696	0.14	-10.8784	-5.9796	-2.03241
N93S_A	973	0.25974025974	0.333333333333	0.25	-10.8797	-14.7216	-1.51941
I29K_A	985	0.25974025974	0.333333333333	0.25	-10.5378	-14.726	-1.03111
V1053C_C	1000	0.232876712329	0.434782608696	0.14	-10.6124	-5.95952	-2.18913
