name	count	identity	evolved_interaction	ancestral_interaction	stability
A152E_A	1	0.993506493506	-10.4436	-10.5199	-22.3832
Q1073N_C	7	0.986301369863	-10.4359	-10.4895	-8.46652
R139D_A	14	0.954545454545	-10.3865	-10.452	-9.67673
C5I_A	23	0.935064935065	-10.5306	-10.4461	-9.65376
C93G_A	30	0.909090909091	-10.5757	-10.4195	-9.41453
W109K_A	39	0.896103896104	-10.6926	-10.5281	-4.30149
T1077N_C	45	0.849315068493	-10.4113	-10.6198	-1.54367
R1046E_C	63	0.821917808219	-10.3959	-10.58	-1.49811
K48M_A	80	0.844155844156	-10.3426	-10.245	-0.974053
T61W_A	90	0.818181818182	-11.2373	-11.0384	-3.23456
S35I_A	95	0.798701298701	-10.898	-11.1004	-2.59553
Q111W_A	104	0.785714285714	-10.9206	-11.1007	-0.734614
E11Y_A	112	0.75974025974	-10.8201	-11.1306	-1.94509
D1047W_C	124	0.767123287671	-10.8331	-10.2153	-3.93053
Q117M_A	139	0.74025974026	-11.3278	-11.638	-2.84118
D37T_A	144	0.714285714286	-11.344	-11.6708	-1.03091
I1070W_C	159	0.684931506849	-11.7052	-9.8833	-6.02012
K30W_A	174	0.701298701299	-11.222	-10.7416	-2.36015
L1081Y_C	181	0.657534246575	-11.0853	-10.4661	-2.99822
L6M_A	190	0.681818181818	-12.7682	-10.8733	-1.85871
G1031A_C	197	0.616438356164	-12.8395	-10.7633	-2.76717
D1068G_C	206	0.602739726027	-10.6731	-8.40044	-2.37638
Q154F_A	212	0.655844155844	-10.5431	-10.5981	-0.885758
K153L_A	224	0.649350649351	-10.5223	-10.7668	-1.87704
Y68L_A	232	0.636363636364	-10.6288	-11.2515	-1.31076
Q93E_A	240	0.62987012987	-10.4964	-11.2426	-3.19843
S1041V_C	256	0.547945205479	-10.5473	-8.45325	-2.23635
E131P_A	261	0.61038961039	-10.48	-10.8831	-1.74756
N112F_A	276	0.603896103896	-10.5138	-10.5275	-4.9259
Q142K_A	296	0.577922077922	-10.3425	-10.6476	-2.43753
P107Q_A	312	0.571428571429	-10.4777	-10.596	-1.97934
P1023S_C	319	0.493150684932	-10.464	-8.44437	-0.872165
K1053A_C	334	0.506849315068	-10.4468	-8.51528	-3.98942
L1070M_C	341	0.493150684932	-10.4544	-8.44985	-2.34869
Q51T_A	349	0.545454545455	-10.4447	-10.5669	-6.45053
V72R_A	356	0.525974025974	-10.5105	-10.2366	-4.48574
F137W_A	364	0.506493506494	-10.5162	-10.249	-2.88671
C113I_A	374	0.506493506494	-10.5139	-10.152	-4.66276
I114H_A	383	0.5	-10.5294	-10.1736	-3.90005
V126P_A	394	0.493506493506	-10.5741	-9.93261	-1.56061
R1038K_C	418	0.493150684932	-10.5613	-8.42263	-1.15519
I4F_A	437	0.474025974026	-10.5635	-9.92364	-2.02847
N102E_A	447	0.467532467532	-10.5387	-9.91159	-2.40837
N10A_A	458	0.467532467532	-10.6217	-10.2229	-2.84855
Q49I_A	477	0.467532467532	-10.6123	-10.1341	-1.42194
T1054M_C	489	0.465753424658	-11.0214	-8.74886	-2.1394
Q101F_A	497	0.448051948052	-10.9996	-10.0849	-3.82435
N103W_A	504	0.454545454545	-11.05	-10.0563	-1.93767
G43A_A	518	0.461038961039	-10.9605	-10.2441	-3.33246
A54W_A	526	0.441558441558	-11.0399	-10.0779	-2.93639
S70F_A	532	0.435064935065	-11.0784	-10.0906	-7.60181
D105W_A	537	0.428571428571	-11.1566	-10.0954	-7.34364
Y1040T_C	542	0.452054794521	-10.6835	-8.71332	-2.23484
T102W_A	552	0.409090909091	-10.6587	-10.3961	-3.89683
L18M_A	560	0.402597402597	-12.1629	-9.86013	-2.20976
S1052H_C	567	0.452054794521	-12.3548	-9.43397	-2.51384
M31H_A	574	0.402597402597	-12.0629	-8.07702	-1.72762
G1035H_C	593	0.452054794521	-11.3528	-8.8277	-3.05545
E1090Q_C	599	0.41095890411	-11.3426	-7.09163	-2.66304
D46M_A	618	0.396103896104	-11.7923	-7.75864	-3.34775
I1051H_C	628	0.383561643836	-12.4516	-7.95476	-4.45836
D130F_A	643	0.38961038961	-12.737	-8.12522	-1.82844
W27H_A	651	0.376623376623	-11.9507	-8.26468	-0.614456
T1095W_C	663	0.369863013699	-12.2863	-7.96551	-3.19189
R104S_A	674	0.37012987013	-12.3072	-8.27145	-1.80679
V75Y_A	686	0.357142857143	-12.3109	-8.31032	-1.825
R1092I_C	694	0.356164383562	-10.9915	-7.54099	-1.6846
V1035R_C	705	0.356164383562	-11.2468	-7.59642	-1.27155
N57Q_A	713	0.344155844156	-11.9973	-7.97861	-5.87957
Y82F_A	718	0.318181818182	-12.8303	-6.57272	-1.62356
D1075G_C	726	0.342465753425	-11.9433	-8.11562	-2.17695
Y1067F_C	733	0.328767123288	-12.0204	-8.06267	-1.94061
D118M_A	741	0.318181818182	-11.8486	-5.23139	-5.08911
K1044V_C	747	0.301369863014	-12.3352	-9.27088	-1.66803
R146V_A	752	0.311688311688	-12.2657	-7.058	-4.94239
I1042E_C	761	0.287671232877	-12.3649	-9.1049	-1.09652
S1032N_C	773	0.260273972603	-10.628	-7.58024	-1.69437
Q142E_A	782	0.305194805195	-10.6064	-7.12678	-3.81979
N91E_A	793	0.298701298701	-10.6559	-7.09671	-1.85541
P35R_A	811	0.292207792208	-10.6374	-7.14007	-2.0492
E7Q_A	828	0.292207792208	-10.6567	-7.08937	-2.87951
C1079R_C	834	0.27397260274	-10.4726	-7.15938	-2.05219
I71H_A	846	0.285714285714	-10.4871	-6.89675	-2.32303
W1095M_C	853	0.27397260274	-10.6978	-7.42206	-1.91067
V1044M_C	862	0.27397260274	-10.7839	-7.47113	-3.35039
Y1073E_C	869	0.27397260274	-10.8506	-7.62376	-4.19819
F1036H_C	885	0.27397260274	-10.9302	-7.37856	-2.48373
K1062L_C	893	0.260273972603	-10.4469	-7.35543	-4.56887
K147R_A	898	0.253246753247	-10.4463	-7.49733	-0.468856
R88M_A	914	0.253246753247	-10.4757	-7.54766	-1.87201
L1085E_C	921	0.260273972603	-11.2831	-8.10954	-5.29561
L1047A_C	926	0.246575342466	-10.6628	-7.67345	-3.87262
T109C_A	934	0.246753246753	-12.3567	-7.16792	-2.56871
G3E_A	943	0.24025974026	-12.0646	-4.76482	-2.61642
F112T_A	951	0.24025974026	-12.6889	-4.11019	-2.53739
H26G_A	956	0.24025974026	-12.8186	-3.97476	-0.865882
V116I_A	967	0.233766233766	-12.5981	-3.97087	-1.34236
N1042K_C	975	0.232876712329	-12.5821	-6.45961	-2.86842
K1058L_C	984	0.219178082192	-12.0317	-6.43079	-2.07744
F1033S_C	994	0.232876712329	-11.0486	-5.45294	-4.18556
