name	count	identity	interface_identity	non_interface_identity	evolved_interaction	ancestral_interaction	stability
V57Y_A	1	0.993506493506	1.0	0.992592592593	-10.7012	-10.59	-26.4716
Y1067F_C	6	0.958904109589	0.909090909091	0.980392156863	-11.142	-10.9924	-11.5519
V140K_A	11	0.954545454545	0.947368421053	0.955555555556	-11.3689	-10.6962	-13.8513
A54Y_A	17	0.928571428571	0.947368421053	0.925925925926	-11.2509	-10.5932	-4.94166
I1024V_C	31	0.931506849315	0.909090909091	0.941176470588	-11.2756	-10.887	-5.92313
H1095R_C	38	0.917808219178	0.909090909091	0.921568627451	-11.5585	-11.0082	-3.0473
K141Y_A	46	0.87012987013	0.857142857143	0.872180451128	-11.4345	-10.5419	-1.67957
K1093M_C	58	0.86301369863	0.863636363636	0.862745098039	-11.4343	-10.8718	-2.80463
K1054T_C	65	0.821917808219	0.818181818182	0.823529411765	-11.7911	-11.2955	-1.0521
A152C_A	74	0.831168831169	0.857142857143	0.827067669173	-11.4034	-10.5506	-1.3339
T108K_A	86	0.805194805195	0.857142857143	0.796992481203	-11.4206	-10.5361	-1.96519
R1047N_C	102	0.780821917808	0.818181818182	0.764705882353	-11.3269	-10.8285	-1.59244
S3H_A	115	0.772727272727	0.809523809524	0.766917293233	-12.7085	-11.4192	-2.96535
E63M_A	131	0.75974025974	0.809523809524	0.751879699248	-12.8192	-11.6247	-2.99244
S1046N_C	141	0.712328767123	0.782608695652	0.68	-12.8183	-10.5708	-1.50578
K140F_A	149	0.727272727273	0.761904761905	0.721804511278	-10.8664	-10.0002	-2.09031
Y153R_A	162	0.720779220779	0.761904761905	0.714285714286	-10.7947	-10.0251	-1.04805
L150F_A	178	0.707792207792	0.761904761905	0.699248120301	-10.6312	-9.94831	-1.87238
R44Q_A	188	0.701298701299	0.714285714286	0.699248120301	-10.5533	-9.83901	-2.4906
K71R_A	207	0.694805194805	0.714285714286	0.691729323308	-10.4554	-10.1427	-1.87761
Q151K_A	214	0.681818181818	0.714285714286	0.676691729323	-10.4572	-10.1432	-3.06204
Q52I_A	221	0.668831168831	0.714285714286	0.661654135338	-10.4587	-10.1732	-4.00312
Q123T_A	233	0.662337662338	0.714285714286	0.654135338346	-10.4776	-10.1763	-5.70103
S138T_A	239	0.642857142857	0.666666666667	0.639097744361	-10.5676	-10.2667	-5.55958
Q1076G_C	249	0.602739726027	0.739130434783	0.54	-10.5912	-10.1197	-5.84552
G1057S_C	258	0.58904109589	0.739130434783	0.52	-10.4576	-10.1197	-2.9431
T61F_A	268	0.603896103896	0.571428571429	0.609022556391	-10.3927	-9.66108	-2.62236
N1029M_C	279	0.561643835616	0.739130434783	0.48	-11.9317	-11.7373	-6.1061
M63I_A	286	0.584415584416	0.571428571429	0.586466165414	-12.5515	-10.2117	-2.15018
Q10T_A	292	0.564935064935	0.5	0.574626865672	-11.7788	-8.65685	-1.40791
D1082N_C	299	0.520547945205	0.695652173913	0.44	-11.3479	-11.5021	-7.20512
G142Y_A	306	0.551948051948	0.5	0.559701492537	-11.3091	-8.43759	-2.08955
D1061R_C	313	0.493150684932	0.695652173913	0.4	-10.8268	-10.7338	-7.07793
A30W_A	319	0.538961038961	0.5	0.544776119403	-10.5692	-8.42804	-2.7077
R1055W_C	326	0.465753424658	0.695652173913	0.36	-10.5316	-10.7503	-1.99146
H1023R_C	334	0.452054794521	0.695652173913	0.34	-10.5131	-10.7653	-1.76261
F81W_A	340	0.506493506494	0.55	0.5	-10.5327	-8.41907	-3.29702
D89C_A	348	0.506493506494	0.55	0.5	-10.4391	-8.41926	-1.60751
A33K_A	363	0.506493506494	0.55	0.5	-10.4765	-8.16512	-3.17055
Q1056I_C	373	0.438356164384	0.695652173913	0.32	-10.4416	-10.2434	-2.11168
S29F_A	381	0.493506493506	0.55	0.485074626866	-10.4737	-8.36536	-3.3294
E4F_A	391	0.487012987013	0.55	0.477611940299	-10.476	-8.15302	-2.43666
T10Q_A	415	0.480519480519	0.55	0.470149253731	-10.422	-8.38875	-3.67475
Y98N_A	421	0.487012987013	0.55	0.477611940299	-10.4422	-8.35182	-4.65767
E42W_A	431	0.461038961039	0.5	0.455223880597	-11.7064	-9.55872	-3.58724
I107L_A	440	0.454545454545	0.5	0.44776119403	-11.449	-9.62512	-5.32195
A32L_A	451	0.441558441558	0.5	0.432835820896	-11.3824	-9.80438	-2.5955
L97G_A	460	0.435064935065	0.5	0.425373134328	-11.2792	-9.8497	-7.8826
K1079D_C	467	0.397260273973	0.590909090909	0.313725490196	-11.3047	-10.2291	-2.22025
H1042F_C	477	0.397260273973	0.590909090909	0.313725490196	-10.7317	-10.198	-2.74616
C44M_A	490	0.409090909091	0.45	0.402985074627	-10.7831	-9.45112	-3.37131
Q19H_A	497	0.396103896104	0.4	0.39552238806	-11.1249	-10.0044	-1.88984
S127F_A	515	0.38961038961	0.428571428571	0.383458646617	-11.0983	-9.28208	-3.27256
E11T_A	522	0.38961038961	0.428571428571	0.383458646617	-11.1215	-9.56706	-3.16163
A1071K_C	530	0.369863013699	0.590909090909	0.274509803922	-11.1554	-10.1036	-2.86633
H37F_A	537	0.38961038961	0.428571428571	0.383458646617	-10.9216	-9.57395	-5.05901
L94R_A	547	0.363636363636	0.428571428571	0.353383458647	-11.0401	-9.53341	-3.1207
F21Y_A	555	0.357142857143	0.428571428571	0.345864661654	-11.0062	-9.57918	-1.46215
P6S_A	567	0.363636363636	0.428571428571	0.353383458647	-11.0329	-9.75945	-1.78541
A95K_A	593	0.363636363636	0.428571428571	0.353383458647	-10.9042	-9.72718	-2.47817
K1080S_C	599	0.356164383562	0.636363636364	0.235294117647	-10.9253	-10.9167	-3.65515
D1046N_C	606	0.356164383562	0.636363636364	0.235294117647	-10.905	-10.8642	-3.82019
E32W_A	613	0.37012987013	0.428571428571	0.360902255639	-10.9092	-9.62139	-1.84564
W1082D_C	626	0.342465753425	0.636363636364	0.21568627451	-11.3963	-11.5954	-3.38213
L101W_A	640	0.37012987013	0.4	0.365671641791	-10.9587	-9.82897	-1.6819
V117I_A	653	0.37012987013	0.4	0.365671641791	-11.0351	-9.72381	-2.04712
K136S_A	664	0.376623376623	0.4	0.373134328358	-11.9237	-10.8248	-1.6866
F63K_A	677	0.376623376623	0.4	0.373134328358	-12.4253	-10.6777	-2.14031
H19L_A	691	0.363636363636	0.4	0.358208955224	-12.0222	-10.9185	-1.45
K1044W_C	698	0.342465753425	0.636363636364	0.21568627451	-11.9957	-12.2924	-1.98608
Q110H_A	708	0.363636363636	0.4	0.358208955224	-11.7032	-11.858	-2.11195
D102F_A	714	0.357142857143	0.4	0.350746268657	-11.7666	-11.6302	-1.18514
Q121W_A	724	0.357142857143	0.4	0.350746268657	-11.8947	-11.6344	-1.22
F154C_A	733	0.357142857143	0.4	0.350746268657	-11.8277	-11.2938	-0.920018
N40S_A	744	0.357142857143	0.4	0.350746268657	-11.8162	-11.2285	-1.28126
D106M_A	759	0.350649350649	0.4	0.34328358209	-11.6509	-11.2346	-0.955875
A1077P_C	770	0.315068493151	0.565217391304	0.2	-11.4689	-10.2488	-1.02891
M84C_A	784	0.344155844156	0.4	0.338129496403	-10.9655	-10.6395	-1.35324
F127M_A	807	0.350649350649	0.4	0.345323741007	-11.0525	-10.6858	-0.958974
D1074P_C	816	0.315068493151	0.565217391304	0.2	-10.9404	-9.99504	-3.29947
C152S_A	824	0.350649350649	0.4	0.345323741007	-10.941	-10.6223	-3.22834
I92L_A	833	0.344155844156	0.4	0.338129496403	-11.1309	-10.6263	-1.01155
L30I_A	846	0.344155844156	0.4	0.338129496403	-11.163	-10.6284	-0.995064
N1042W_C	854	0.315068493151	0.565217391304	0.2	-11.163	-9.8343	-1.41673
N1036I_C	890	0.301369863014	0.565217391304	0.18	-10.9058	-9.76374	-3.68657
P1037W_C	903	0.287671232877	0.565217391304	0.16	-10.7512	-9.50729	-7.1084
P1074C_C	911	0.287671232877	0.565217391304	0.16	-10.545	-9.46571	-2.68654
G108L_A	921	0.344155844156	0.4	0.338129496403	-10.5242	-10.4727	-1.80332
E1040P_C	930	0.287671232877	0.565217391304	0.16	-10.7654	-9.4754	-3.16783
W32Q_A	943	0.337662337662	0.4	0.330935251799	-10.6867	-10.5043	-0.885401
Y1060P_C	951	0.287671232877	0.565217391304	0.16	-11.0555	-8.84619	-2.6692
N1046S_C	960	0.287671232877	0.565217391304	0.16	-10.7808	-8.84623	-2.57391
L131A_A	968	0.344155844156	0.466666666667	0.330935251799	-10.6638	-10.5563	-2.59187
K1047C_C	979	0.287671232877	0.545454545455	0.176470588235	-10.6896	-8.64089	-1.5719
P1077F_C	995	0.287671232877	0.545454545455	0.176470588235	-10.8754	-8.76121	-1.62464
