name	count	identity	evolved_interaction	ancestral_interaction	stability
E1059S_C	1	0.986301369863	-10.4906	-10.376	-7.79475
R153T_A	7	0.980519480519	-10.4515	-10.4756	-23.1967
L1063Y_C	13	0.958904109589	-10.4484	-10.38	-10.1445
D145Y_A	20	0.928571428571	-10.4486	-10.511	-10.2602
Q1073E_C	26	0.904109589041	-10.5613	-9.75365	-8.97252
V1028F_C	33	0.876712328767	-10.6919	-9.81894	-8.63021
F1028S_C	38	0.86301369863	-10.7899	-10.6344	-2.71361
W1081H_C	44	0.849315068493	-10.7955	-10.6327	-2.16517
D1075Q_C	50	0.835616438356	-10.6473	-10.6324	-2.07103
Y58H_A	60	0.831168831169	-10.5102	-10.5205	-7.11868
N66A_A	68	0.805194805195	-10.4956	-10.5116	-2.40349
L1066V_C	75	0.780821917808	-10.6488	-10.9961	-3.96996
G58Q_A	88	0.779220779221	-11.1933	-11.1434	-8.21115
E54T_A	93	0.772727272727	-11.1959	-11.2346	-10.4367
E1094H_C	98	0.767123287671	-11.2601	-11.0682	-3.51264
S1062G_C	104	0.72602739726	-11.2298	-11.0221	-3.72754
R67D_A	109	0.733766233766	-11.2041	-10.9932	-5.97663
K48I_A	115	0.714285714286	-11.5496	-11.1391	-6.93061
K62L_A	123	0.714285714286	-11.5886	-11.0581	-10.7635
L1026I_C	128	0.684931506849	-11.4655	-10.7565	-1.6953
E11V_A	134	0.694805194805	-11.5018	-10.9935	-7.89161
D33E_A	141	0.694805194805	-10.6882	-11.0532	-7.23112
R8A_A	149	0.675324675325	-10.7045	-10.9756	-7.60192
N98L_A	155	0.662337662338	-10.7047	-11.0165	-5.72052
Q39M_A	160	0.649350649351	-10.6114	-10.9088	-6.37404
I78S_A	167	0.62987012987	-10.572	-11.136	-2.93307
L135T_A	175	0.616883116883	-10.5868	-11.1214	-1.52459
V1034L_C	188	0.671232876712	-10.6092	-10.0966	-2.61963
W141F_A	195	0.597402597403	-10.6092	-11.1139	-2.44979
Y15F_A	202	0.590909090909	-11.0407	-11.6456	-4.98532
S77D_A	209	0.584415584416	-11.1186	-11.6134	-3.75999
Q147S_A	216	0.571428571429	-11.1202	-11.6439	-1.86271
F102H_A	224	0.564935064935	-11.1083	-11.6404	-3.23295
C31D_A	231	0.558441558442	-11.1271	-11.6587	-5.30678
V153R_A	237	0.558441558442	-10.9383	-11.3815	-9.65858
K1071T_C	248	0.671232876712	-11.3377	-9.89802	-0.942118
P84C_A	255	0.519480519481	-11.6069	-11.9933	-2.99165
D77C_A	264	0.512987012987	-11.6668	-12.0994	-1.30318
S1073K_C	271	0.643835616438	-11.7293	-9.95565	-3.41259
I96V_A	280	0.493506493506	-11.8275	-12.1911	-2.02393
D1085F_C	289	0.616438356164	-11.126	-9.32131	-2.36132
I32L_A	298	0.474025974026	-12.5959	-12.2523	-0.97261
L1034R_C	307	0.602739726027	-11.5111	-9.15575	-3.10991
G1085H_C	322	0.602739726027	-11.3925	-10.0803	-2.40147
R1046E_C	330	0.58904109589	-11.3741	-10.0662	-4.59507
C135N_A	336	0.474025974026	-11.5412	-12.3527	-2.39177
R71V_A	341	0.474025974026	-10.5679	-11.5904	-2.68196
S89N_A	347	0.467532467532	-10.6818	-11.3587	-2.73883
I119L_A	355	0.474025974026	-10.8603	-11.4482	-3.15525
F1065Y_C	366	0.561643835616	-11.1201	-9.30542	-3.88786
G105N_A	373	0.461038961039	-11.1308	-11.4611	-1.25468
H116F_A	386	0.461038961039	-11.0751	-11.4596	-2.97224
W142Y_A	391	0.461038961039	-11.9033	-11.8536	-2.38573
R153N_A	401	0.461038961039	-12.2556	-11.6371	-2.02103
S4C_A	408	0.474025974026	-11.9563	-11.897	-2.8199
H111S_A	419	0.474025974026	-12.0187	-11.5517	-3.22135
T1071K_C	426	0.493150684932	-12.2612	-10.1003	-4.66239
E100K_A	434	0.454545454545	-12.256	-11.5682	-2.06509
Q117N_A	450	0.448051948052	-12.2133	-11.6344	-4.7465
N135S_A	458	0.428571428571	-11.8828	-11.4552	-4.47854
L105V_A	467	0.422077922078	-11.886	-11.5128	-2.95487
M57I_A	477	0.428571428571	-12.2446	-11.1406	-1.55731
V96F_A	491	0.422077922078	-12.2232	-11.0247	-1.95935
K27C_A	506	0.415584415584	-11.7242	-10.9582	-2.96238
F10E_A	517	0.409090909091	-11.3457	-10.5238	-1.3622
V104N_A	529	0.396103896104	-11.3336	-10.0468	-1.90409
K108Q_A	545	0.38961038961	-11.3466	-10.3627	-1.54772
L38Q_A	555	0.383116883117	-11.3739	-10.529	-3.01166
I1035F_C	565	0.465753424658	-11.3529	-9.59099	-1.89827
K1092T_C	574	0.465753424658	-10.4604	-8.79591	-2.62024
E124K_A	586	0.37012987013	-10.4986	-9.99942	-2.98993
N101G_A	600	0.350649350649	-10.5014	-9.94567	-2.03887
F116M_A	612	0.350649350649	-10.501	-9.93744	-2.34896
T56M_A	638	0.344155844156	-10.4729	-9.91878	-6.83843
K100M_A	644	0.350649350649	-10.8315	-10.3729	-3.46865
Q60D_A	657	0.350649350649	-10.7653	-10.7638	-2.85821
Q1086S_C	667	0.465753424658	-10.4167	-8.53398	-1.30008
P128N_A	675	0.324675324675	-10.3804	-10.0239	-0.815366
H1081G_C	687	0.452054794521	-12.3139	-10.8421	-1.64732
F35A_A	696	0.311688311688	-11.0606	-10.0657	-1.87987
Q118A_A	706	0.311688311688	-11.0926	-10.0041	-1.04206
K1058Q_C	715	0.383561643836	-10.8995	-9.5539	-1.11219
R41T_A	738	0.305194805195	-10.4224	-9.53405	-1.72026
V71M_A	755	0.298701298701	-10.4526	-9.51093	-1.06016
V27M_A	771	0.292207792208	-10.742	-9.54368	-1.25864
V108M_A	785	0.292207792208	-10.6873	-9.51337	-4.11546
N126F_A	798	0.272727272727	-10.739	-9.64441	-3.97492
K1024L_C	806	0.369863013699	-11.4061	-10.2453	-2.92459
R1079F_C	815	0.369863013699	-11.1078	-10.2112	-2.32326
K1071M_C	827	0.356164383562	-11.3324	-10.4005	-3.6721
V1042M_C	837	0.342465753425	-11.3702	-10.4779	-4.55665
Q1058D_C	848	0.315068493151	-10.6547	-9.894	-2.79694
N1039M_C	855	0.315068493151	-10.6592	-9.88855	-3.86222
F1046E_C	862	0.301369863014	-10.5824	-9.74017	-1.47645
H1041T_C	872	0.301369863014	-10.9505	-9.8691	-2.06015
E12I_A	879	0.253246753247	-13.5781	-9.88098	-0.737859
T78Y_A	894	0.253246753247	-13.6154	-9.67355	-2.63608
D1058A_C	902	0.301369863014	-11.9698	-11.7313	-2.83694
F125L_A	917	0.24025974026	-12.3183	-8.81794	-2.46129
L32M_A	924	0.24025974026	-12.3304	-8.80017	-2.37473
M147D_A	929	0.24025974026	-11.0257	-8.80896	-1.19883
W1092M_C	940	0.27397260274	-10.7635	-10.2651	-1.68291
T1063Q_C	945	0.27397260274	-11.097	-10.158	-1.92451
S117A_A	951	0.24025974026	-11.1063	-9.12528	-5.56183
R14Y_A	958	0.233766233766	-11.0516	-8.63154	-3.10536
A1047D_C	968	0.27397260274	-11.299	-10.4069	-4.04701
L1032K_C	976	0.260273972603	-11.3818	-10.4077	-3.83233
M27F_A	989	0.233766233766	-10.6136	-8.46451	-2.34659
E8A_A	999	0.246753246753	-10.6715	-8.91195	-1.10863
