name	count	identity	evolved_interaction	ancestral_interaction	stability
A32Y_A	1	0.993506493506	-10.4716	-10.5017	-27.1948
G1057P_C	8	0.986301369863	-10.4747	-10.3636	-1.4562
G50V_A	17	0.948051948052	-10.4277	-10.4919	-12.9951
Q130G_A	25	0.928571428571	-10.4481	-10.4928	-13.4776
S89G_A	31	0.902597402597	-10.4341	-10.4889	-3.93658
N126S_A	38	0.88961038961	-10.431	-10.4888	-4.95241
K48I_A	55	0.857142857143	-10.4131	-10.4716	-1.67601
Y87I_A	61	0.837662337662	-10.4031	-10.4567	-2.72112
S95P_A	76	0.805194805195	-10.3262	-10.3785	-3.44387
E12W_A	86	0.785714285714	-10.4465	-10.4952	-2.98162
D99A_A	95	0.779220779221	-10.3898	-10.4492	-2.91551
T1043F_C	104	0.86301369863	-10.3732	-10.2986	-3.1846
K40Y_A	113	0.766233766234	-10.5473	-10.5215	-2.64349
G96H_A	122	0.766233766234	-10.5695	-10.5253	-2.38586
G130M_A	131	0.75974025974	-10.5613	-10.5464	-3.4614
Q101G_A	142	0.746753246753	-10.4715	-10.5471	-2.47403
K141Y_A	154	0.727272727273	-10.4739	-10.558	-2.23136
N1054E_C	162	0.72602739726	-10.4739	-10.3687	-2.6051
P1057V_C	171	0.72602739726	-10.4739	-10.3687	-4.48571
Q1077C_C	183	0.72602739726	-10.4724	-10.3672	-4.76517
N35Q_A	195	0.688311688312	-10.4887	-10.3733	-2.12347
S70P_A	211	0.675324675325	-10.6327	-10.5504	-1.63533
Q1095F_C	222	0.698630136986	-10.6189	-10.5466	-1.06394
F122V_A	232	0.62987012987	-10.6187	-10.3564	-1.48584
E124L_A	246	0.61038961039	-10.4876	-10.4472	-3.23191
C81T_A	261	0.603896103896	-10.4464	-10.4478	-2.17197
N1086Y_C	269	0.630136986301	-10.7432	-10.8565	-1.82684
E42F_A	274	0.597402597403	-10.77	-10.5039	-3.97367
Q140I_A	282	0.590909090909	-10.7927	-10.4596	-1.59833
I3M_A	289	0.577922077922	-10.7891	-10.4008	-2.3019
H137V_A	301	0.571428571429	-10.7993	-10.4075	-2.62451
V137Q_A	309	0.571428571429	-10.9294	-10.5499	-5.87542
P128Y_A	314	0.558441558442	-10.9145	-10.559	-2.34353
H1092F_C	324	0.58904109589	-10.7711	-10.5155	-2.24378
L149K_A	333	0.538961038961	-10.746	-10.5101	-4.96552
P65G_A	338	0.525974025974	-10.7208	-10.5037	-1.59982
V81I_A	347	0.512987012987	-10.8452	-10.4594	-1.3838
I36K_A	354	0.506493506494	-11.4622	-10.8827	-1.83371
L150I_A	368	0.5	-11.5077	-10.8832	-2.13897
I52F_A	378	0.493506493506	-10.9538	-10.3829	-1.30737
I121Y_A	388	0.487012987013	-10.9621	-10.3867	-3.41526
D146T_A	396	0.474025974026	-10.7991	-10.3056	-1.62617
H1023R_C	407	0.534246575342	-11.9979	-12.0338	-3.53366
T1041C_C	412	0.520547945205	-11.1214	-11.2092	-5.97485
F1059T_C	418	0.493150684932	-11.1321	-11.0537	-4.19135
K89S_A	430	0.454545454545	-11.1375	-10.6416	-3.04439
R145D_A	435	0.454545454545	-11.1273	-10.6432	-3.65257
M1056T_C	441	0.493150684932	-11.0587	-11.1404	-1.27712
R7I_A	451	0.454545454545	-11.0787	-10.685	-1.51941
P21F_A	456	0.448051948052	-11.5431	-10.6396	-3.82647
K1071R_C	470	0.506849315068	-11.7147	-10.9485	-2.38022
D19A_A	476	0.422077922078	-10.9041	-9.99263	-2.00727
R1093M_C	485	0.479452054795	-10.6707	-9.3461	-0.778916
C54W_A	499	0.422077922078	-10.8932	-9.24486	-2.68915
R135T_A	506	0.415584415584	-10.856	-9.22991	-4.46359
Y121L_A	512	0.409090909091	-12.3198	-10.0025	-1.47694
T82M_A	523	0.415584415584	-12.1239	-10.0997	-4.06404
N130H_A	529	0.409090909091	-12.0972	-10.1704	-1.2844
C72A_A	535	0.409090909091	-11.8027	-10.1965	-3.13249
Q37I_A	544	0.402597402597	-11.7958	-9.52734	-1.87679
G6L_A	557	0.402597402597	-11.8045	-9.37004	-3.5428
I79D_A	567	0.402597402597	-11.813	-9.89701	-4.59351
L1026V_C	575	0.452054794521	-11.5529	-9.10712	-1.57867
R1061Q_C	581	0.438356164384	-11.5168	-9.56396	-2.14071
F52N_A	588	0.38961038961	-13.0321	-9.82517	-1.33019
T66K_A	603	0.38961038961	-13.0679	-9.69597	-4.81522
F1036M_C	609	0.41095890411	-12.8875	-8.12743	-1.52575
Y1067L_C	625	0.383561643836	-11.8476	-8.08124	-1.43492
V1026Y_C	632	0.383561643836	-11.5137	-7.77485	-1.24989
I35L_A	641	0.376623376623	-11.3326	-9.26058	-3.73887
I98A_A	648	0.37012987013	-11.3334	-9.75801	-0.793409
Q1061F_C	658	0.383561643836	-11.3334	-7.71063	-1.22705
Y1026Q_C	676	0.383561643836	-11.3735	-7.97306	-0.731956
F15Y_A	688	0.37012987013	-11.363	-9.2103	-3.0758
L51S_A	694	0.37012987013	-11.359	-9.56242	-3.63355
R1064M_C	712	0.369863013699	-10.9093	-7.51837	-1.42026
K149I_A	724	0.363636363636	-10.9425	-9.77265	-1.90244
Y1044L_C	731	0.369863013699	-11.2124	-7.51807	-1.57699
N1025P_C	736	0.356164383562	-11.0176	-7.04033	-0.971207
L1044I_C	742	0.356164383562	-10.9298	-7.18558	-1.60204
E1079I_C	753	0.342465753425	-10.9546	-7.10306	-2.33663
T108G_A	762	0.337662337662	-10.9455	-9.89227	-6.22314
I58L_A	771	0.331168831169	-11.2232	-10.1712	-1.75864
V18A_A	782	0.324675324675	-10.8218	-10.2819	-1.59694
I128Y_A	791	0.318181818182	-10.8353	-10.4078	-2.99785
N154A_A	803	0.324675324675	-10.5044	-10.2449	-1.7937
D118K_A	811	0.311688311688	-10.4735	-10.2319	-3.1081
G83S_A	833	0.318181818182	-10.4767	-10.3099	-2.54809
F136Y_A	844	0.318181818182	-10.3736	-10.3077	-0.815724
H81K_A	860	0.311688311688	-10.3769	-10.3075	-1.41024
F126N_A	870	0.318181818182	-10.6909	-10.3573	-2.06432
P1025M_C	882	0.342465753425	-10.6451	-7.33731	-2.38233
H44W_A	887	0.324675324675	-10.7734	-10.6512	-8.16219
T46I_A	894	0.331168831169	-10.647	-10.2577	-5.86742
A1030E_C	902	0.315068493151	-10.8828	-7.18604	-1.39625
F1061D_C	917	0.328767123288	-10.7602	-7.18207	-1.36582
I1075E_C	923	0.328767123288	-11.3836	-7.18207	-1.18199
D33V_A	940	0.305194805195	-11.3723	-10.4134	-2.4976
S1058A_C	959	0.315068493151	-11.3571	-7.16526	-2.5382
F1073V_C	970	0.315068493151	-11.1694	-7.17919	-4.10407
R1023Q_C	975	0.315068493151	-11.1281	-7.17338	-5.17013
Y128D_A	984	0.285714285714	-11.089	-10.1429	-3.19628
C156K_A	991	0.285714285714	-10.8823	-9.78711	-2.05949
