name	count	identity	interface_identity	non_interface_identity	evolved_interaction	ancestral_interaction	stability
T91R_A	1	0.993506493506	1.0	0.992592592593	-10.4894	-10.5188	-26.5231
K110R_A	6	0.961038961039	1.0	0.955555555556	-10.53	-10.5066	-26.9449
N126V_A	11	0.935064935065	1.0	0.925925925926	-10.6356	-10.5046	-22.0835
L4G_A	17	0.915584415584	0.947368421053	0.911111111111	-10.6309	-10.4639	-19.2713
L149A_A	22	0.896103896104	0.894736842105	0.896296296296	-10.4763	-10.3125	-13.4273
A24G_A	28	0.87012987013	0.842105263158	0.874074074074	-11.4774	-11.3421	-13.1156
A142V_A	33	0.837662337662	0.789473684211	0.844444444444	-11.3041	-10.2753	-9.25518
Q1095D_C	38	0.917808219178	0.869565217391	0.94	-11.0143	-8.40146	-7.65423
H1023I_C	46	0.86301369863	0.826086956522	0.88	-10.7063	-8.15393	-4.49359
R1093A_C	54	0.835616438356	0.826086956522	0.84	-10.4387	-8.04369	-1.51229
P59V_A	62	0.785714285714	0.705882352941	0.795620437956	-10.9452	-10.1524	-3.69108
T112D_A	69	0.779220779221	0.705882352941	0.788321167883	-11.2555	-10.4293	0.224697
P8F_A	79	0.75974025974	0.705882352941	0.766423357664	-11.2543	-11.4337	-1.86295
S1073I_C	91	0.808219178082	0.826086956522	0.8	-10.6112	-8.51643	-4.60766
D1061Y_C	106	0.753424657534	0.739130434783	0.76	-11.0102	-8.37475	-3.7803
H1038V_C	115	0.72602739726	0.739130434783	0.72	-10.8983	-8.40704	-1.87136
D100A_A	122	0.701298701299	0.647058823529	0.70802919708	-10.8774	-10.7351	-1.527
V29I_A	128	0.688311688312	0.647058823529	0.693430656934	-10.9167	-10.7549	-2.43707
T1043R_C	133	0.684931506849	0.695652173913	0.68	-11.1821	-9.28436	-3.05042
F137K_A	143	0.655844155844	0.647058823529	0.656934306569	-10.832	-10.6973	-1.25932
F33K_A	148	0.642857142857	0.588235294118	0.649635036496	-10.8387	-10.6687	-1.49663
E42H_A	159	0.62987012987	0.588235294118	0.63503649635	-10.8151	-10.7156	-1.75759
P125Q_A	165	0.616883116883	0.529411764706	0.627737226277	-10.9031	-10.7304	-1.2716
V116L_A	177	0.61038961039	0.529411764706	0.620437956204	-10.8434	-10.6968	-3.86707
A69R_A	182	0.597402597403	0.529411764706	0.605839416058	-10.8484	-10.7889	-5.746
S122Y_A	194	0.577922077922	0.529411764706	0.583941605839	-10.8397	-10.8568	-3.08518
S52Y_A	208	0.564935064935	0.529411764706	0.569343065693	-10.8419	-10.7655	-5.65727
F109N_A	217	0.551948051948	0.529411764706	0.554744525547	-10.8215	-10.7473	-4.53565
S136A_A	229	0.538961038961	0.529411764706	0.540145985401	-10.9217	-10.829	-1.17014
N140F_A	240	0.519480519481	0.529411764706	0.518248175182	-10.9099	-10.8588	-3.80966
E155H_A	253	0.506493506494	0.529411764706	0.503649635036	-11.0582	-11.4487	-7.30638
A156H_A	261	0.5	0.529411764706	0.496350364964	-11.5981	-11.4254	-4.01655
E63N_A	267	0.493506493506	0.529411764706	0.489051094891	-12.2838	-11.6388	-0.388591
S130K_A	277	0.480519480519	0.529411764706	0.474452554745	-12.1314	-11.4839	-1.79022
I1086F_C	283	0.58904109589	0.652173913043	0.56	-12.6493	-9.83304	-6.78393
F10Y_A	288	0.480519480519	0.529411764706	0.474452554745	-11.6653	-11.5838	-3.69074
R1055E_C	296	0.520547945205	0.521739130435	0.52	-11.5059	-8.77048	-4.99913
P1084E_C	304	0.520547945205	0.565217391304	0.5	-12.5809	-8.91523	-4.23153
L119F_A	310	0.467532467532	0.588235294118	0.452554744526	-12.0934	-10.7291	-2.68774
R76F_A	316	0.461038961039	0.588235294118	0.445255474453	-11.9847	-10.5607	-4.59513
K1063I_C	323	0.479452054795	0.590909090909	0.43137254902	-10.8893	-8.06439	-3.979
F1086W_C	329	0.479452054795	0.590909090909	0.43137254902	-10.925	-8.05724	-4.04258
F76A_A	340	0.441558441558	0.588235294118	0.423357664234	-10.9347	-9.18242	-1.21296
K1054S_C	349	0.452054794521	0.590909090909	0.392156862745	-10.9418	-8.07353	-1.55102
A136K_A	355	0.428571428571	0.529411764706	0.416058394161	-10.8723	-8.92489	-1.25934
M70E_A	366	0.428571428571	0.529411764706	0.416058394161	-10.9182	-8.86096	-1.19418
P153W_A	373	0.422077922078	0.529411764706	0.408759124088	-10.9849	-8.83215	-3.48797
I1039L_C	382	0.424657534247	0.590909090909	0.352941176471	-11.2242	-7.96263	-0.810607
V44F_A	399	0.422077922078	0.529411764706	0.408759124088	-11.6008	-8.79472	-1.81941
Q125M_A	405	0.415584415584	0.533333333333	0.402877697842	-11.4967	-8.82421	-2.25718
V1038C_C	412	0.397260273973	0.590909090909	0.313725490196	-12.1944	-9.63558	-3.50495
R1071W_C	428	0.383561643836	0.590909090909	0.294117647059	-12.3047	-9.64797	-4.82921
K146W_A	444	0.409090909091	0.473684210526	0.4	-10.576	-9.1844	-1.32682
F88G_A	461	0.409090909091	0.473684210526	0.4	-10.6057	-9.21533	-1.26727
E49Y_A	473	0.402597402597	0.473684210526	0.392592592593	-10.6226	-9.36665	-1.68059
M38F_A	488	0.402597402597	0.473684210526	0.392592592593	-10.6432	-9.37198	-3.2541
H7M_A	495	0.402597402597	0.473684210526	0.392592592593	-10.5238	-9.37629	-1.53314
T35A_A	502	0.38961038961	0.473684210526	0.377777777778	-10.5237	-9.36519	-1.93855
Q66V_A	509	0.383116883117	0.473684210526	0.37037037037	-10.5295	-9.04013	-1.23051
Y81M_A	516	0.37012987013	0.473684210526	0.355555555556	-10.6577	-9.13716	-0.994867
K1023C_C	525	0.315068493151	0.545454545455	0.21568627451	-10.6628	-10.1179	-2.11479
H150F_A	535	0.363636363636	0.473684210526	0.348148148148	-10.659	-9.05897	-1.19927
M1033I_C	540	0.328767123288	0.545454545455	0.235294117647	-10.6475	-10.1116	-2.54981
N1074M_C	564	0.315068493151	0.545454545455	0.21568627451	-10.6441	-10.137	-4.19531
D144Q_A	573	0.37012987013	0.473684210526	0.355555555556	-10.6443	-9.41637	-0.0346587
R57W_A	583	0.37012987013	0.473684210526	0.355555555556	-10.7062	-9.42091	-5.1026
E95G_A	591	0.37012987013	0.473684210526	0.355555555556	-10.7218	-9.41124	-1.41943
L107R_A	598	0.37012987013	0.473684210526	0.355555555556	-10.7434	-9.41055	-3.06012
G4K_A	605	0.363636363636	0.473684210526	0.348148148148	-10.7272	-9.4682	-1.75492
D1095H_C	620	0.315068493151	0.545454545455	0.21568627451	-10.8606	-10.6152	-4.25688
C1058H_C	629	0.315068493151	0.545454545455	0.21568627451	-11.3171	-11.4592	-3.33081
W145A_A	638	0.363636363636	0.45	0.350746268657	-11.1	-9.54663	-1.19678
W53R_A	643	0.357142857143	0.45	0.34328358209	-10.9346	-9.64882	-4.20489
L1026V_C	648	0.301369863014	0.545454545455	0.196078431373	-10.8679	-11.1119	-4.50671
C92D_A	657	0.350649350649	0.45	0.335820895522	-10.8673	-9.01513	-1.57412
W16F_A	662	0.337662337662	0.4	0.328358208955	-11.3128	-9.53941	-3.58104
A76L_A	670	0.337662337662	0.4	0.328358208955	-10.8494	-9.75658	-3.74856
F16I_A	676	0.337662337662	0.4	0.328358208955	-11.1155	-10.0723	-3.68717
V1028S_C	682	0.260273972603	0.454545454545	0.176470588235	-11.2367	-10.043	-2.07249
L76M_A	689	0.344155844156	0.4	0.335820895522	-11.2083	-9.85621	-3.36761
D150N_A	697	0.344155844156	0.4	0.335820895522	-11.2088	-10.1038	-4.32344
V1032S_C	708	0.27397260274	0.5	0.176470588235	-11.2668	-9.94276	-1.21969
R104D_A	717	0.337662337662	0.4	0.328358208955	-11.2407	-9.80029	-2.76831
M125L_A	724	0.331168831169	0.4	0.320895522388	-11.2238	-10.0457	-2.4732
P78E_A	730	0.318181818182	0.4	0.305970149254	-11.2221	-10.0437	-1.34794
A61Q_A	745	0.318181818182	0.4375	0.304347826087	-10.9248	-11.0418	-3.74448
L1085N_C	752	0.287671232877	0.478260869565	0.2	-10.8607	-9.14213	-2.50667
F1046C_C	771	0.27397260274	0.434782608696	0.2	-10.7665	-9.05895	-1.45985
K8L_A	779	0.298701298701	0.4375	0.282608695652	-10.897	-10.9378	-2.004
I60M_A	805	0.292207792208	0.4375	0.275362318841	-10.903	-10.9208	-3.05807
N150Q_A	821	0.292207792208	0.4375	0.275362318841	-10.7764	-10.9385	-2.47928
W19N_A	835	0.292207792208	0.4375	0.275362318841	-10.4691	-10.4855	-0.936958
E124N_A	848	0.298701298701	0.4375	0.282608695652	-10.448	-10.7136	-1.26838
V141S_A	860	0.298701298701	0.4375	0.282608695652	-10.4496	-10.7	-2.93851
N19K_A	869	0.292207792208	0.4375	0.275362318841	-10.4134	-10.5847	-3.12193
P128A_A	877	0.285714285714	0.4375	0.268115942029	-10.4709	-10.5837	-1.88732
A1075I_C	884	0.260273972603	0.434782608696	0.18	-10.5023	-9.62373	-2.30403
Y1053E_C	897	0.260273972603	0.434782608696	0.18	-10.4772	-9.56681	-1.71969
P1061H_C	910	0.260273972603	0.434782608696	0.18	-10.4487	-9.37066	-0.890367
K1036I_C	916	0.260273972603	0.434782608696	0.18	-10.7174	-9.54494	-1.2348
F1023G_C	926	0.260273972603	0.434782608696	0.18	-10.7262	-9.55186	-1.65541
M1063K_C	933	0.260273972603	0.434782608696	0.18	-10.714	-9.58612	-1.85546
T3W_A	942	0.272727272727	0.4375	0.253623188406	-10.7049	-10.9305	-1.59059
K153F_A	960	0.266233766234	0.4375	0.246376811594	-10.9156	-11.0771	-3.0075
Q126H_A	968	0.25974025974	0.4375	0.239130434783	-10.9161	-11.0764	-1.78172
L9W_A	979	0.253246753247	0.4375	0.231884057971	-10.8273	-11.1181	-1.42718
F7I_A	990	0.266233766234	0.4375	0.246376811594	-10.7596	-11.1366	-2.18388
M50A_A	999	0.253246753247	0.375	0.239130434783	-10.6791	-11.5974	-2.07829
