name	count	identity	interface_identity	non_interface_identity	evolved_interaction	ancestral_interaction	stability
T108A_A	1	0.993506493506	1.0	0.992592592593	-10.5197	-10.5222	-25.1155
E1050K_C	8	0.972602739726	1.0	0.960784313725	-10.5409	-10.3714	-9.99687
W1094H_C	13	0.972602739726	1.0	0.960784313725	-10.6293	-10.3939	-9.27023
C93E_A	18	0.915584415584	0.894736842105	0.918518518519	-10.7599	-10.8751	-16.2201
S127M_A	24	0.896103896104	0.894736842105	0.896296296296	-10.5772	-10.8796	-17.744
D19C_A	29	0.87012987013	0.842105263158	0.874074074074	-11.0226	-11.0659	-20.3765
R135K_A	35	0.850649350649	0.842105263158	0.851851851852	-10.6326	-10.6853	-15.5485
P1036T_C	43	0.86301369863	0.954545454545	0.823529411765	-10.7146	-10.1351	-1.1852
K76P_A	50	0.811688311688	0.842105263158	0.807407407407	-10.7037	-10.5077	-8.62627
C19G_A	56	0.792207792208	0.842105263158	0.785185185185	-11.5787	-10.7246	-5.49777
N66H_A	65	0.766233766234	0.842105263158	0.755555555556	-11.7353	-10.2627	-1.48243
S3Y_A	75	0.746753246753	0.842105263158	0.733333333333	-12.2313	-10.2687	-1.3744
K1033Y_C	83	0.794520547945	0.863636363636	0.764705882353	-11.1365	-10.1567	-4.38583
K147I_A	91	0.727272727273	0.823529411765	0.715328467153	-11.1328	-10.4877	-2.46419
N1086H_C	97	0.753424657534	0.772727272727	0.745098039216	-10.7639	-10.0332	-1.76981
G44Y_A	108	0.694805194805	0.705882352941	0.693430656934	-10.855	-11.68	-6.00145
K1050T_C	114	0.753424657534	0.782608695652	0.74	-10.9927	-10.0161	-0.937179
Q154L_A	121	0.662337662338	0.705882352941	0.656934306569	-10.8813	-11.2825	-3.46637
W143P_A	128	0.649350649351	0.705882352941	0.642335766423	-11.0404	-11.4048	-4.88765
Q130M_A	140	0.62987012987	0.705882352941	0.620437956204	-10.9153	-11.2351	-3.73571
M36W_A	155	0.623376623377	0.705882352941	0.613138686131	-11.166	-11.3362	-1.02466
L29Y_A	165	0.623376623377	0.705882352941	0.613138686131	-11.1972	-11.3423	-1.64553
K1033D_C	175	0.657534246575	0.739130434783	0.62	-10.8863	-9.48708	-0.442508
M11N_A	197	0.616883116883	0.6875	0.608695652174	-10.9123	-11.3579	-1.69724
N119S_A	208	0.603896103896	0.6875	0.594202898551	-10.9085	-11.353	-0.937399
K1058Y_C	228	0.630136986301	0.739130434783	0.58	-10.8836	-9.45027	-0.265097
K48F_A	236	0.590909090909	0.6875	0.579710144928	-10.857	-11.3085	-2.31868
F4H_A	251	0.590909090909	0.705882352941	0.576642335766	-10.3793	-10.8236	-1.98306
M86A_A	258	0.577922077922	0.705882352941	0.56204379562	-10.373	-10.823	-1.97257
V112N_A	266	0.551948051948	0.705882352941	0.532846715328	-10.3749	-10.8083	-1.70254
K139V_A	271	0.545454545455	0.705882352941	0.525547445255	-11.4624	-11.3292	-3.62335
R1044H_C	285	0.58904109589	0.739130434783	0.52	-11.5247	-9.73537	-1.03613
S148T_A	296	0.525974025974	0.705882352941	0.503649635036	-11.5204	-11.388	-2.83679
C1047F_C	312	0.58904109589	0.739130434783	0.52	-11.5288	-9.73537	-1.52086
K1041V_C	324	0.547945205479	0.739130434783	0.46	-11.6543	-10.0765	-1.55996
P89C_A	346	0.506493506494	0.647058823529	0.489051094891	-10.9451	-10.5269	-1.2803
W36M_A	356	0.506493506494	0.647058823529	0.489051094891	-11.032	-10.5946	-1.74383
N52I_A	367	0.493506493506	0.647058823529	0.474452554745	-11.0083	-10.6155	-1.91607
C89T_A	377	0.487012987013	0.625	0.471014492754	-10.8971	-10.5072	-1.79037
E46F_A	382	0.487012987013	0.625	0.471014492754	-10.9466	-10.7816	-1.55579
G126K_A	403	0.493506493506	0.625	0.478260869565	-10.7011	-10.786	-5.62134
M1060Q_C	416	0.438356164384	0.652173913043	0.34	-10.5828	-8.50951	-2.36927
N11S_A	428	0.487012987013	0.625	0.471014492754	-10.5704	-10.8583	-1.08344
Y108N_A	452	0.487012987013	0.625	0.471014492754	-10.5983	-10.8298	-1.41481
A139V_A	477	0.487012987013	0.625	0.471014492754	-10.5299	-10.7349	-0.938308
Q151H_A	491	0.474025974026	0.625	0.45652173913	-10.5449	-10.753	-0.859755
I145Q_A	501	0.467532467532	0.625	0.449275362319	-10.5724	-10.7664	-1.19515
Y1058V_C	508	0.41095890411	0.652173913043	0.3	-10.5713	-8.46635	-2.86427
W121H_A	518	0.454545454545	0.588235294118	0.43795620438	-10.5385	-7.81936	-1.63968
H52G_A	532	0.454545454545	0.588235294118	0.43795620438	-10.5329	-7.81621	-1.02052
M1084V_C	540	0.383561643836	0.608695652174	0.28	-11.3867	-7.57151	-2.1239
S1029A_C	548	0.369863013699	0.565217391304	0.28	-11.3283	-7.57917	-2.3713
D1082E_C	555	0.356164383562	0.521739130435	0.28	-11.3623	-7.89203	-3.07112
V1058Q_C	563	0.356164383562	0.521739130435	0.28	-10.6018	-7.81175	-6.65732
H1034A_C	571	0.356164383562	0.521739130435	0.28	-10.6776	-7.8681	-4.78327
W126N_A	583	0.435064935065	0.526315789474	0.422222222222	-10.5295	-8.23245	-1.17199
A129M_A	597	0.415584415584	0.526315789474	0.4	-10.7035	-8.48551	-1.51973
N85I_A	611	0.38961038961	0.526315789474	0.37037037037	-10.6983	-8.45107	-1.49518
A100C_A	619	0.396103896104	0.526315789474	0.377777777778	-10.6108	-8.3749	-4.52263
R127L_A	624	0.38961038961	0.526315789474	0.37037037037	-10.6085	-8.47659	-3.46543
N126F_A	630	0.37012987013	0.526315789474	0.348148148148	-10.5793	-8.36424	-4.5489
M1085W_C	638	0.342465753425	0.521739130435	0.26	-11.253	-6.20652	-1.51738
E78H_A	652	0.363636363636	0.526315789474	0.340740740741	-11.2514	-8.39156	-1.17252
M1038T_C	667	0.342465753425	0.521739130435	0.26	-11.2543	-6.24686	-3.14042
Q1059W_C	675	0.342465753425	0.521739130435	0.26	-11.2673	-6.23427	-3.18003
W18L_A	685	0.37012987013	0.526315789474	0.348148148148	-11.3007	-9.28211	-3.02646
Q109C_A	691	0.363636363636	0.526315789474	0.340740740741	-11.2219	-9.37167	-2.64801
C115N_A	700	0.363636363636	0.526315789474	0.340740740741	-11.2408	-9.37167	-3.26885
F8L_A	709	0.363636363636	0.526315789474	0.340740740741	-11.2497	-9.37385	-2.34178
I136Y_A	720	0.363636363636	0.526315789474	0.340740740741	-11.3697	-9.37048	-2.73737
W1085L_C	726	0.342465753425	0.478260869565	0.28	-11.2809	-6.15008	-4.2109
S1025V_C	735	0.342465753425	0.478260869565	0.28	-11.1032	-5.84677	-5.51451
N31K_A	743	0.363636363636	0.526315789474	0.340740740741	-11.1274	-12.4406	-1.77115
E42V_A	752	0.357142857143	0.526315789474	0.333333333333	-11.1783	-12.4869	0.0412373
V1057R_C	761	0.328767123288	0.478260869565	0.26	-11.1864	-5.53657	-9.1047
S1075G_C	766	0.328767123288	0.478260869565	0.26	-11.3038	-5.5268	-7.61512
L1063E_C	777	0.315068493151	0.478260869565	0.24	-11.2542	-5.4844	-3.53326
V50T_A	786	0.337662337662	0.444444444444	0.323529411765	-11.1035	-9.07197	-5.93738
F1045V_C	792	0.315068493151	0.478260869565	0.24	-11.0594	-5.51555	-3.18553
V1045L_C	800	0.315068493151	0.478260869565	0.24	-11.0158	-6.32458	-5.36554
S32M_A	805	0.331168831169	0.473684210526	0.311111111111	-11.0303	-9.46121	-3.60673
P65N_A	813	0.324675324675	0.473684210526	0.303703703704	-11.0296	-9.4583	-2.87416
K153W_A	824	0.318181818182	0.473684210526	0.296296296296	-11.0107	-8.97291	-1.15492
M12Y_A	832	0.318181818182	0.473684210526	0.296296296296	-10.9896	-9.06522	-2.33371
P123T_A	844	0.305194805195	0.473684210526	0.281481481481	-10.7998	-9.1169	-1.07988
F1068M_C	857	0.315068493151	0.478260869565	0.24	-10.8815	-7.18673	-1.88121
T50M_A	864	0.311688311688	0.473684210526	0.288888888889	-10.908	-9.72659	-3.65027
H61N_A	872	0.311688311688	0.473684210526	0.288888888889	-10.92	-9.68584	-3.75799
Q101M_A	877	0.305194805195	0.473684210526	0.281481481481	-10.878	-9.21563	-4.51452
N148W_A	884	0.298701298701	0.473684210526	0.274074074074	-10.9068	-9.54985	-4.52795
L86V_A	889	0.305194805195	0.473684210526	0.281481481481	-11.0003	-9.68921	-3.92824
V1072K_C	895	0.315068493151	0.478260869565	0.24	-10.9096	-6.54273	-1.5439
F91I_A	904	0.292207792208	0.473684210526	0.266666666667	-11.0646	-9.44297	-0.987062
D58Y_A	921	0.298701298701	0.473684210526	0.274074074074	-11.0737	-9.31945	-4.22159
M1049K_C	934	0.301369863014	0.478260869565	0.22	-11.0422	-6.71079	-1.19883
N61K_A	953	0.279220779221	0.473684210526	0.251851851852	-11.0481	-9.28722	-2.24113
Y1086W_C	972	0.301369863014	0.478260869565	0.22	-10.931	-6.67695	-1.39899
Q149H_A	988	0.279220779221	0.473684210526	0.251851851852	-10.8311	-9.16208	-1.57995
