name	count	identity	interface_identity	non_interface_identity	evolved_interaction	ancestral_interaction	stability
P128M_A	1	0.993506493506	1.0	0.992592592593	-10.4946	-10.5197	-26.0284
K1041N_C	9	0.972602739726	1.0	0.960784313725	-10.7012	-10.5405	-3.86464
I1089V_C	14	0.945205479452	0.954545454545	0.941176470588	-10.9654	-10.9557	-6.51124
G55H_A	19	0.928571428571	0.894736842105	0.933333333333	-10.9868	-10.5331	-18.5628
Q7G_A	24	0.902597402597	0.842105263158	0.911111111111	-11.4179	-10.6167	-17.6999
H20F_A	29	0.883116883117	0.714285714286	0.90977443609	-11.3051	-10.3458	-16.1221
G23R_A	34	0.857142857143	0.666666666667	0.887218045113	-12.0039	-11.1056	-10.2734
P21E_A	40	0.837662337662	0.619047619048	0.872180451128	-12.0484	-11.1937	-6.99691
D37Y_A	49	0.824675324675	0.619047619048	0.857142857143	-12.144	-11.192	-5.65495
K14F_A	62	0.798701298701	0.571428571429	0.834586466165	-11.7751	-10.7223	-1.98253
R142V_A	72	0.779220779221	0.52380952381	0.81954887218	-11.4762	-10.8865	-1.47118
F1036P_C	94	0.849315068493	0.869565217391	0.84	-11.1212	-10.9321	-0.966057
R49F_A	108	0.766233766234	0.52380952381	0.804511278195	-11.2857	-10.7185	-3.0961
K141I_A	122	0.746753246753	0.52380952381	0.781954887218	-11.3644	-10.7214	-1.6028
R1064A_C	132	0.808219178082	0.869565217391	0.78	-10.8716	-10.6407	-1.73942
K1027T_C	139	0.767123287671	0.826086956522	0.74	-10.6666	-10.601	-0.900128
N98S_A	145	0.727272727273	0.571428571429	0.751879699248	-10.6766	-10.3214	-8.37182
W32I_A	154	0.707792207792	0.571428571429	0.729323308271	-10.4925	-10.0435	-1.83549
T1027A_C	162	0.753424657534	0.826086956522	0.72	-10.498	-10.7113	-0.882479
F12M_A	176	0.681818181818	0.578947368421	0.696296296296	-10.6408	-10.0732	-3.64781
M70Y_A	185	0.668831168831	0.578947368421	0.681481481481	-10.6408	-10.0736	-3.04928
C59P_A	198	0.655844155844	0.578947368421	0.666666666667	-10.7493	-10.412	-4.35378
R74V_A	207	0.655844155844	0.578947368421	0.666666666667	-10.7507	-10.4088	-1.51802
H95I_A	221	0.655844155844	0.55	0.671641791045	-11.0139	-9.89656	-0.99191
R8M_A	238	0.636363636364	0.555555555556	0.647058823529	-11.1873	-9.97268	-2.38891
N65G_A	249	0.636363636364	0.555555555556	0.647058823529	-11.1592	-9.89395	-1.24361
C52P_A	260	0.62987012987	0.555555555556	0.639705882353	-11.2001	-9.89015	-2.45625
I71F_A	268	0.62987012987	0.555555555556	0.639705882353	-11.0118	-9.8902	-2.20436
S127H_A	279	0.603896103896	0.555555555556	0.610294117647	-11.1104	-9.73711	-2.07968
N1025W_C	285	0.630136986301	0.739130434783	0.58	-10.9421	-10.4759	-4.1634
N124Y_A	296	0.584415584416	0.555555555556	0.588235294118	-11.7468	-9.85982	-3.01925
L40W_A	304	0.577922077922	0.555555555556	0.580882352941	-11.6624	-9.73841	-2.27662
S3W_A	317	0.564935064935	0.578947368421	0.562962962963	-11.7701	-9.74772	-0.807053
M1059K_C	327	0.58904109589	0.652173913043	0.56	-11.7871	-9.05115	-1.52036
P88M_A	335	0.545454545455	0.578947368421	0.540740740741	-11.7327	-9.76717	-3.12403
G44E_A	342	0.532467532468	0.526315789474	0.533333333333	-11.892	-10.3665	-1.93669
D1068A_C	348	0.547945205479	0.583333333333	0.530612244898	-11.1234	-5.78427	-3.27129
E1079M_C	354	0.534246575342	0.583333333333	0.510204081633	-11.1183	-5.93422	-3.2787
D136M_A	361	0.506493506494	0.470588235294	0.510948905109	-10.8591	-8.11738	-2.44953
E1084Y_C	368	0.493150684932	0.541666666667	0.469387755102	-10.5872	-1.50609	-1.69918
I95C_A	374	0.506493506494	0.529411764706	0.503649635036	-10.6463	-8.09235	-2.30939
A26L_A	382	0.5	0.470588235294	0.503649635036	-10.5135	-7.89766	-1.68405
L26G_A	390	0.5	0.470588235294	0.503649635036	-10.6176	-7.88306	-1.32526
M1073G_C	398	0.452054794521	0.541666666667	0.408163265306	-10.5245	-1.34537	-1.57775
K30L_A	409	0.487012987013	0.470588235294	0.489051094891	-10.8108	-7.56866	-1.19646
V62K_A	419	0.467532467532	0.411764705882	0.474452554745	-11.1864	-7.5333	-1.87738
Q1056F_C	427	0.438356164384	0.565217391304	0.38	-11.1805	-1.28874	-1.47911
I141A_A	449	0.448051948052	0.352941176471	0.459854014599	-11.182	-8.26504	-0.466668
R104I_A	455	0.435064935065	0.352941176471	0.445255474453	-11.117	-8.22473	-3.62924
V113D_A	465	0.422077922078	0.352941176471	0.430656934307	-11.9298	-8.09705	-0.525937
H101S_A	477	0.415584415584	0.352941176471	0.423357664234	-11.7513	-8.24937	-2.46217
L1060F_C	485	0.424657534247	0.521739130435	0.38	-11.3549	-5.31627	-2.82331
L6E_A	496	0.38961038961	0.352941176471	0.394160583942	-11.0299	-8.00334	-2.33473
L1051V_C	503	0.41095890411	0.478260869565	0.38	-11.0291	-5.39007	-2.1275
E48Y_A	515	0.383116883117	0.352941176471	0.386861313869	-11.1489	-8.11581	-1.60701
N1095E_C	527	0.41095890411	0.478260869565	0.38	-11.3193	-4.95603	-2.12066
C95V_A	535	0.376623376623	0.352941176471	0.379562043796	-11.4503	-7.87497	-2.33924
V93D_A	544	0.376623376623	0.352941176471	0.379562043796	-11.4675	-7.7989	-2.42937
P105Y_A	556	0.37012987013	0.388888888889	0.367647058824	-11.1842	-7.62356	-3.90109
Y1062K_C	563	0.41095890411	0.478260869565	0.38	-10.8157	-3.05127	-3.15871
C49F_A	569	0.363636363636	0.444444444444	0.352941176471	-11.2149	-8.00985	-5.25781
Q1034H_C	574	0.41095890411	0.478260869565	0.38	-10.9043	-2.72712	-3.71932
Y144L_A	580	0.350649350649	0.444444444444	0.338235294118	-10.9768	-7.86307	-4.09614
F1056A_C	585	0.397260273973	0.434782608696	0.38	-10.9038	-3.56415	-1.52443
K137Y_A	598	0.350649350649	0.421052631579	0.340740740741	-10.8282	-6.72889	-1.47412
V74I_A	613	0.344155844156	0.421052631579	0.333333333333	-10.8977	-6.58822	-1.78398
S60G_A	621	0.344155844156	0.444444444444	0.330882352941	-11.0623	-6.76849	-1.94523
A1091Q_C	631	0.342465753425	0.391304347826	0.32	-10.7958	-3.62415	-1.98333
E102R_A	658	0.324675324675	0.444444444444	0.308823529412	-10.9468	-7.76718	-2.57153
E63G_A	667	0.318181818182	0.444444444444	0.301470588235	-10.912	-7.68452	-1.59739
Y37H_A	681	0.318181818182	0.444444444444	0.301470588235	-10.9566	-7.71941	-1.12076
A1027S_C	697	0.328767123288	0.409090909091	0.294117647059	-11.457	-3.41444	-1.35904
N13V_A	704	0.318181818182	0.4375	0.304347826087	-10.7386	-7.3875	-5.56422
I45V_A	710	0.311688311688	0.4375	0.297101449275	-10.7645	-7.38766	-2.53265
H139Y_A	718	0.311688311688	0.4375	0.297101449275	-10.766	-7.38677	-1.82385
H80N_A	726	0.311688311688	0.411764705882	0.299270072993	-11.3171	-7.54452	-1.81589
S32F_A	734	0.311688311688	0.411764705882	0.299270072993	-11.2741	-7.54451	-1.63358
Q1047S_C	739	0.328767123288	0.409090909091	0.294117647059	-11.6014	-6.71672	-0.182786
R102F_A	746	0.311688311688	0.411764705882	0.299270072993	-11.5605	-7.27154	-1.63032
D104T_A	767	0.311688311688	0.411764705882	0.299270072993	-11.7957	-7.62288	-1.74826
K146Q_A	776	0.298701298701	0.411764705882	0.284671532847	-11.6961	-7.43321	-2.52256
L38M_A	785	0.285714285714	0.411764705882	0.270072992701	-11.7587	-7.436	-1.98624
K1032V_C	794	0.315068493151	0.347826086957	0.3	-11.7228	-6.40395	-1.84812
E1031A_C	804	0.328767123288	0.347826086957	0.32	-11.262	-6.09014	-2.7613
A133L_A	813	0.272727272727	0.368421052632	0.259259259259	-11.6184	-7.43043	-2.1863
I35S_A	824	0.272727272727	0.368421052632	0.259259259259	-11.6767	-7.07006	-1.38816
R128S_A	837	0.272727272727	0.368421052632	0.259259259259	-12.4909	-7.28775	-0.675856
I33N_A	849	0.272727272727	0.368421052632	0.259259259259	-12.1864	-7.41893	-3.23757
F49D_A	859	0.272727272727	0.368421052632	0.259259259259	-12.0618	-7.65465	-2.11215
T15M_A	876	0.266233766234	0.368421052632	0.251851851852	-12.1406	-7.68367	-3.28865
F8V_A	882	0.25974025974	0.368421052632	0.244444444444	-12.0885	-7.38076	-1.46916
N103F_A	892	0.253246753247	0.388888888889	0.235294117647	-12.0692	-6.86424	-5.37109
R145S_A	900	0.253246753247	0.388888888889	0.235294117647	-12.0809	-6.92007	-1.9289
M3K_A	909	0.253246753247	0.35	0.238805970149	-11.8668	-6.89493	-1.5711
H40W_A	920	0.246753246753	0.368421052632	0.22962962963	-11.1022	-6.26285	-4.23328
F14I_A	928	0.246753246753	0.368421052632	0.22962962963	-11.2304	-7.28734	-1.13421
T72V_A	944	0.246753246753	0.368421052632	0.22962962963	-12.1643	-7.16105	-1.80021
C61N_A	949	0.246753246753	0.368421052632	0.22962962963	-12.3795	-7.36466	-1.48735
L148K_A	967	0.24025974026	0.368421052632	0.222222222222	-12.5102	-7.85747	-1.33986
K76M_A	981	0.227272727273	0.368421052632	0.207407407407	-12.5096	-8.07299	-2.73429
K148N_A	991	0.227272727273	0.368421052632	0.207407407407	-11.9818	-7.68857	-1.81709
