name	count	identity	evolved_interaction	ancestral_interaction	stability
A152H_A	1	0.993506493506	-10.4959	-10.5283	-22.5857
Y64T_A	8	0.980519480519	-10.5308	-10.5731	-19.758
I112V_A	15	0.954545454545	-11.6829	-11.5934	-15.1619
G50V_A	20	0.922077922078	-11.387	-11.3152	-3.31313
Q101T_A	27	0.909090909091	-11.0707	-11.2072	-7.10869
G115H_A	32	0.896103896104	-10.7908	-10.622	-5.86935
M1077W_C	38	0.876712328767	-10.7706	-9.80361	-3.77931
C5Q_A	46	0.857142857143	-10.7663	-10.5679	-0.155857
A26Q_A	59	0.850649350649	-10.4462	-11.0973	-2.48835
E1079R_C	73	0.835616438356	-10.6406	-10.0321	-1.90763
Q10E_A	89	0.811688311688	-10.929	-11.1279	-1.17539
D1080Q_C	102	0.780821917808	-10.9138	-9.88085	-2.71495
T64A_A	121	0.798701298701	-10.9533	-11.0927	-4.33967
A106V_A	126	0.785714285714	-10.941	-11.1105	-2.25075
I1074P_C	137	0.712328767123	-10.9294	-9.8621	-4.96068
L9R_A	143	0.746753246753	-10.8457	-10.9999	-2.41177
Q117A_A	153	0.720779220779	-10.9131	-11.0286	-3.38455
C97A_A	161	0.720779220779	-10.8217	-11.0235	-1.13387
V40Y_A	171	0.720779220779	-11.5982	-10.9115	-2.25714
V62Q_A	180	0.707792207792	-10.3754	-10.8476	-1.72168
R135N_A	197	0.694805194805	-10.6344	-11.1869	-1.21561
G30I_A	209	0.701298701299	-10.6506	-11.1408	-5.74329
Q5S_A	215	0.694805194805	-10.6621	-11.1383	-7.8567
F1036A_C	226	0.616438356164	-11.0436	-8.20186	-1.92497
K24Y_A	232	0.662337662338	-10.841	-11.1252	-5.45938
S1040C_C	245	0.602739726027	-10.6692	-8.24851	-1.80149
Q39M_A	252	0.642857142857	-10.5623	-11.33	-5.4469
P37A_A	260	0.636363636364	-10.6192	-11.3384	-3.96567
V84I_A	267	0.62987012987	-10.5869	-11.2986	-4.21982
G152C_A	278	0.623376623377	-10.6123	-11.4556	-3.02147
N1025T_C	287	0.575342465753	-10.6068	-8.26544	-4.32404
V57R_A	294	0.590909090909	-12.6838	-12.0276	-1.82747
Q26C_A	314	0.584415584416	-12.507	-11.5024	-2.6792
C1040W_C	335	0.561643835616	-12.7084	-9.04118	-2.79179
A32P_A	349	0.571428571429	-12.4527	-11.0375	-2.92278
A89M_A	355	0.571428571429	-12.4355	-11.6393	-2.98615
S127T_A	361	0.558441558442	-12.2315	-11.7195	-2.47892
L1042V_C	368	0.534246575342	-11.1264	-9.35504	-3.50718
Y155K_A	388	0.538961038961	-10.4543	-10.373	-1.23743
M1043F_C	397	0.534246575342	-11.395	-9.30207	-1.54473
A129H_A	412	0.512987012987	-10.721	-11.5186	-1.80759
C8E_A	426	0.506493506494	-11.4049	-11.3922	-3.4275
V148T_A	431	0.493506493506	-10.6904	-11.427	-2.02067
V1076W_C	453	0.506849315068	-10.7261	-9.10867	-1.7058
K71Q_A	465	0.474025974026	-10.7193	-10.7165	-2.69496
R115A_A	475	0.474025974026	-10.8632	-10.6849	-2.86615
W134Y_A	483	0.467532467532	-10.8648	-10.4263	-1.97545
A97S_A	497	0.467532467532	-10.7975	-10.4248	-3.26451
L1066V_C	512	0.438356164384	-10.7162	-9.15319	-1.23034
S1029A_C	584	0.424657534247	-10.9689	-10.0523	-1.60377
W1094Q_C	597	0.41095890411	-11.6596	-10.0715	-1.98816
K1041I_C	613	0.397260273973	-11.3605	-10.3838	-3.19645
M88T_A	627	0.422077922078	-12.0542	-10.7191	-1.1655
R1043E_C	657	0.383561643836	-11.1775	-9.50562	-1.74034
E143I_A	668	0.428571428571	-11.304	-10.5315	-2.37416
Q11H_A	677	0.422077922078	-11.2276	-11.0574	-3.45576
F40M_A	687	0.422077922078	-11.2209	-11.0568	-2.21527
H129L_A	696	0.415584415584	-11.169	-10.2027	-3.42325
P1074E_C	704	0.383561643836	-11.0513	-9.53757	-1.95077
P131M_A	712	0.402597402597	-11.0774	-10.0235	-2.17859
F1037Y_C	722	0.369863013699	-10.9815	-9.2915	-1.84574
Q1095C_C	728	0.342465753425	-10.8872	-8.87379	-1.69627
D130N_A	736	0.376623376623	-10.8616	-10.0738	-4.26927
E138L_A	748	0.376623376623	-10.8401	-10.049	-4.56013
N52H_A	763	0.376623376623	-10.8658	-10.4095	-2.45796
L39Q_A	775	0.383116883117	-10.8907	-10.0644	-2.60644
A1029D_C	793	0.342465753425	-10.7566	-8.55749	-1.60374
E1074T_C	810	0.342465753425	-10.7569	-8.56242	-0.8576
T61V_A	825	0.363636363636	-10.6551	-10.4119	-2.33848
A67M_A	847	0.363636363636	-10.665	-10.4075	-2.12984
L59M_A	859	0.357142857143	-10.7469	-10.4636	-1.39079
N1080R_C	867	0.315068493151	-10.9392	-8.52651	-1.92411
G119A_A	880	0.337662337662	-10.6684	-10.5203	-3.21851
E1032F_C	886	0.315068493151	-10.7273	-8.20306	-2.08083
P3W_A	893	0.324675324675	-10.6506	-10.1684	-2.80737
I1093L_C	898	0.315068493151	-10.7811	-8.30665	-1.01436
I107W_A	907	0.311688311688	-10.7524	-10.4319	-1.71275
Y1037R_C	940	0.301369863014	-10.7599	-7.99441	-2.46274
S97Q_A	947	0.311688311688	-10.7612	-10.1788	-2.54967
C70M_A	961	0.311688311688	-10.6166	-10.8564	-3.85586
P125N_A	970	0.305194805195	-10.691	-11.0905	-1.2195
L1093I_C	983	0.287671232877	-10.4766	-6.87036	-3.9108
K129I_A	988	0.298701298701	-10.4763	-10.5288	-1.21732
