name	count	identity	interface_identity	non_interface_identity	evolved_interaction	ancestral_interaction	stability
P128G_A	1	0.993506493506	1.0	0.992592592593	-10.4946	-10.5197	-24.7547
M1083D_C	9	0.986301369863	0.954545454545	1.0	-11.2566	-11.0638	-4.00889
A79P_A	15	0.941558441558	1.0	0.933333333333	-10.7859	-10.4908	-23.0412
D145H_A	22	0.909090909091	1.0	0.897058823529	-10.8978	-10.2941	-11.3654
L109C_A	31	0.876623376623	1.0	0.860294117647	-10.9574	-10.3469	-3.1415
A1051H_C	36	0.917808219178	0.863636363636	0.941176470588	-11.3406	-10.2299	-2.61593
Q1073Y_C	44	0.904109589041	0.863636363636	0.921568627451	-11.4672	-10.214	-2.71831
A148K_A	54	0.831168831169	1.0	0.807407407407	-12.2245	-9.55129	-2.56404
H1095M_C	60	0.86301369863	0.772727272727	0.901960784314	-11.2117	-8.09965	-1.95344
C10A_A	68	0.805194805195	1.0	0.779411764706	-11.4736	-11.2427	-3.22492
K18Q_A	74	0.798701298701	0.9375	0.782608695652	-10.9953	-9.56278	-4.29787
E49N_A	85	0.779220779221	0.9375	0.760869565217	-11.053	-9.49325	-2.03475
E99L_A	94	0.753246753247	0.9375	0.731884057971	-10.8789	-9.24337	-2.18037
N49F_A	100	0.74025974026	0.9375	0.717391304348	-10.8838	-9.21903	-1.45353
I1070S_C	109	0.767123287671	0.727272727273	0.78431372549	-10.719	-8.55062	-1.36413
P79Y_A	119	0.720779220779	0.9375	0.695652173913	-10.6683	-8.98988	-2.08301
F1075D_C	129	0.753424657534	0.727272727273	0.764705882353	-10.7701	-8.55053	-1.6098
L97R_A	138	0.694805194805	0.9375	0.666666666667	-10.8608	-9.12249	-3.87104
N124Y_A	144	0.688311688312	0.9375	0.659420289855	-10.9257	-9.2196	-4.65351
Q130R_A	150	0.675324675325	0.9375	0.644927536232	-10.9897	-9.65415	-4.31164
S1054I_C	157	0.671232876712	0.636363636364	0.686274509804	-10.8138	-8.41279	-5.1367
N1067V_C	168	0.643835616438	0.636363636364	0.647058823529	-10.899	-8.23051	-2.02198
R1046M_C	180	0.616438356164	0.590909090909	0.627450980392	-10.8585	-8.24675	-2.60274
A26L_A	188	0.62987012987	0.875	0.601449275362	-10.8392	-9.763	-4.70867
Y1073K_C	195	0.616438356164	0.590909090909	0.627450980392	-10.83	-8.06428	-2.08482
Y147N_A	203	0.62987012987	0.875	0.601449275362	-10.7682	-9.73484	-3.32575
D1070L_C	213	0.602739726027	0.590909090909	0.607843137255	-10.7478	-8.66343	-3.27864
S138G_A	222	0.623376623377	0.9375	0.586956521739	-11.2825	-9.94371	-1.41443
E42C_A	227	0.616883116883	0.9375	0.579710144928	-11.1934	-9.96564	-1.06096
C42E_A	235	0.623376623377	0.9375	0.586956521739	-11.7399	-9.91396	-3.09254
P132R_A	241	0.616883116883	0.941176470588	0.576642335766	-11.7158	-9.91517	-1.42501
S53L_A	251	0.597402597403	0.941176470588	0.554744525547	-11.715	-9.91427	-2.86046
K1073A_C	257	0.534246575342	0.545454545455	0.529411764706	-11.6076	-8.43721	-1.48994
A54R_A	262	0.571428571429	0.941176470588	0.525547445255	-11.5875	-9.91174	-3.46376
N1075V_C	270	0.520547945205	0.545454545455	0.509803921569	-11.7064	-9.15364	-0.806124
M98L_A	281	0.538961038961	0.882352941176	0.496350364964	-11.0581	-9.54924	-2.8263
R29K_A	291	0.545454545455	0.882352941176	0.503649635036	-10.7195	-9.37619	-4.47767
L94M_A	297	0.525974025974	0.823529411765	0.489051094891	-11.0038	-9.69668	-1.44295
M94R_A	306	0.525974025974	0.823529411765	0.489051094891	-11.3426	-9.64449	-2.49518
T150R_A	316	0.519480519481	0.823529411765	0.481751824818	-11.3442	-10.1145	-1.19511
C68T_A	325	0.512987012987	0.823529411765	0.474452554745	-10.4199	-9.90243	-0.593198
P133A_A	334	0.525974025974	0.823529411765	0.489051094891	-10.3576	-9.92822	-1.32158
C1058Q_C	342	0.479452054795	0.5	0.470588235294	-10.3687	-7.51362	-2.04254
W118D_A	351	0.512987012987	0.764705882353	0.481751824818	-10.5963	-10.1064	-1.64449
Q61S_A	359	0.506493506494	0.764705882353	0.474452554745	-10.6068	-10.1073	-1.02826
C120P_A	373	0.5	0.764705882353	0.467153284672	-10.573	-10.217	-1.96119
Q1036C_C	379	0.424657534247	0.5	0.392156862745	-10.7862	-7.97531	-2.24435
L132N_A	388	0.487012987013	0.75	0.45652173913	-10.9183	-10.0616	-2.3455
C1036N_C	405	0.41095890411	0.5	0.372549019608	-10.9452	-8.0622	-1.57674
H1086W_C	420	0.41095890411	0.5	0.372549019608	-10.9139	-8.03658	-2.95283
R54E_A	429	0.474025974026	0.75	0.442028985507	-10.8971	-10.0829	-1.82265
C1095I_C	435	0.369863013699	0.5	0.313725490196	-10.779	-7.88741	-2.48447
S89H_A	444	0.461038961039	0.764705882353	0.423357664234	-10.8546	-10.1418	-1.48999
Q151S_A	460	0.448051948052	0.764705882353	0.408759124088	-10.4943	-10.0564	-2.79031
K141M_A	470	0.428571428571	0.764705882353	0.386861313869	-10.467	-9.96453	-0.627125
Q1058W_C	487	0.356164383562	0.5	0.294117647059	-10.63	-7.89507	-1.82524
Q117R_A	492	0.422077922078	0.764705882353	0.379562043796	-10.6704	-10.3713	-2.66178
A125Q_A	500	0.422077922078	0.764705882353	0.379562043796	-10.7547	-10.384	-4.16453
P78D_A	505	0.415584415584	0.764705882353	0.372262773723	-10.7675	-10.422	-2.87709
Q1034K_C	515	0.356164383562	0.5	0.294117647059	-10.7225	-8.10426	-4.18285
R117L_A	525	0.402597402597	0.764705882353	0.357664233577	-10.7764	-10.1178	-1.28326
Q1065H_C	531	0.356164383562	0.5	0.294117647059	-10.7633	-8.08388	-3.1696
M78R_A	538	0.383116883117	0.764705882353	0.335766423358	-10.7469	-10.1167	-1.79983
I148T_A	544	0.383116883117	0.764705882353	0.335766423358	-10.7367	-10.1127	-4.03804
S1033I_C	550	0.342465753425	0.5	0.274509803922	-10.9712	-7.85451	-2.21571
R99F_A	559	0.38961038961	0.764705882353	0.343065693431	-10.9677	-10.2875	-3.1292
Q125M_A	568	0.383116883117	0.764705882353	0.335766423358	-10.9484	-10.1903	-1.44043
G67A_A	580	0.38961038961	0.764705882353	0.343065693431	-11.1911	-10.1874	-3.74017
R1064P_C	587	0.315068493151	0.454545454545	0.254901960784	-10.9365	-6.99211	-2.69958
V1075P_C	593	0.315068493151	0.454545454545	0.254901960784	-10.7444	-6.96923	-2.99629
K128L_A	601	0.37012987013	0.647058823529	0.335766423358	-10.8191	-9.79182	-2.33199
G124C_A	614	0.363636363636	0.6875	0.326086956522	-10.8352	-9.56812	-2.0861
F77M_A	627	0.350649350649	0.6875	0.311594202899	-10.8341	-9.5433	-3.82672
Y92Q_A	637	0.350649350649	0.6875	0.311594202899	-10.834	-9.54337	-3.64753
K31A_A	643	0.337662337662	0.6875	0.297101449275	-10.8123	-9.39574	-1.50461
S79T_A	648	0.337662337662	0.6875	0.297101449275	-10.8138	-9.57624	-5.51402
R152C_A	655	0.344155844156	0.6875	0.304347826087	-10.7218	-9.37408	-5.07765
D1032E_C	660	0.301369863014	0.454545454545	0.235294117647	-10.9169	-7.86075	-2.75073
E11Q_A	672	0.337662337662	0.6875	0.297101449275	-11.0548	-9.80125	-3.83612
V126S_A	679	0.331168831169	0.6875	0.289855072464	-11.0572	-9.79717	-0.732554
M48P_A	698	0.331168831169	0.6875	0.289855072464	-11.0612	-9.80209	-1.5126
F106W_A	706	0.318181818182	0.625	0.282608695652	-11.0417	-9.34595	-2.7404
L1035V_C	715	0.301369863014	0.454545454545	0.235294117647	-10.8634	-8.15801	-0.472401
M1030E_C	725	0.301369863014	0.454545454545	0.235294117647	-10.9948	-8.30929	-1.28461
A38E_A	733	0.305194805195	0.5625	0.275362318841	-10.7843	-9.04814	-1.50885
N59L_A	743	0.305194805195	0.5625	0.275362318841	-10.6044	-9.21756	-2.65669
Q1051M_C	754	0.287671232877	0.409090909091	0.235294117647	-10.5956	-9.80233	-1.34124
D71F_A	763	0.298701298701	0.578947368421	0.259259259259	-10.5045	-9.23061	-3.09588
D104W_A	771	0.298701298701	0.578947368421	0.259259259259	-10.5721	-9.34763	-2.64058
H26Q_A	778	0.305194805195	0.578947368421	0.266666666667	-10.6175	-9.38549	-0.541718
M21Q_A	786	0.298701298701	0.578947368421	0.259259259259	-10.6217	-9.25557	-0.412346
E12Q_A	811	0.292207792208	0.529411764706	0.262773722628	-10.7926	-8.73351	-0.78936
G1042M_C	828	0.301369863014	0.454545454545	0.235294117647	-10.8048	-9.64608	-2.49977
G108R_A	839	0.285714285714	0.529411764706	0.255474452555	-10.8045	-8.84208	-0.842028
Q7M_A	852	0.279220779221	0.529411764706	0.248175182482	-10.7786	-8.82259	-1.24975
V1056E_C	858	0.287671232877	0.454545454545	0.21568627451	-11.0885	-9.72515	-2.4213
M1054V_C	865	0.27397260274	0.454545454545	0.196078431373	-11.0327	-9.72622	-1.22971
S19R_A	880	0.272727272727	0.529411764706	0.240875912409	-10.5061	-9.76545	-0.463061
F1050V_C	889	0.27397260274	0.454545454545	0.196078431373	-10.4752	-9.89149	-0.907574
F57Q_A	901	0.272727272727	0.529411764706	0.240875912409	-10.6508	-9.75323	-1.32159
G33F_A	918	0.272727272727	0.529411764706	0.240875912409	-11.5935	-9.92886	-1.63894
D1083C_C	928	0.260273972603	0.409090909091	0.196078431373	-10.9829	-6.59709	-2.05644
S1065T_C	939	0.260273972603	0.409090909091	0.196078431373	-10.9742	-6.58875	-1.60189
L1045A_C	945	0.246575342466	0.409090909091	0.176470588235	-11.032	-6.24587	-1.5294
G122E_A	955	0.25974025974	0.5	0.231884057971	-10.9891	-9.7336	-3.30465
E129L_A	964	0.253246753247	0.470588235294	0.226277372263	-11.12	-9.70694	-1.90144
M64F_A	975	0.253246753247	0.470588235294	0.226277372263	-11.122	-9.57556	-0.853905
Q101M_A	984	0.246753246753	0.470588235294	0.21897810219	-11.1921	-9.61386	-3.16411
M66Q_A	996	0.246753246753	0.470588235294	0.21897810219	-11.2404	-9.60301	-2.69733
