name	count	identity	interface_identity	non_interface_identity	evolved_interaction	ancestral_interaction	stability
L109H_A	1	0.993506493506	1.0	0.992592592593	-10.5001	-10.5204	-25.3281
L150R_A	6	0.974025974026	1.0	0.97037037037	-10.5214	-10.5011	-19.3785
I1024G_C	12	0.917808219178	1.0	0.882352941176	-10.6012	-10.6929	-5.87117
Y1023T_C	18	0.876712328767	0.954545454545	0.843137254902	-10.7333	-10.7096	-1.064
E42S_A	24	0.935064935065	0.947368421053	0.933333333333	-10.8556	-10.6848	-5.91239
E1061P_C	29	0.86301369863	0.95652173913	0.82	-12.0232	-10.7767	-1.73742
E1090W_C	34	0.835616438356	0.857142857143	0.826923076923	-11.5873	-6.16866	-2.4445
P69C_A	40	0.87012987013	0.842105263158	0.874074074074	-11.6672	-11.7269	-6.15721
Y68Q_A	46	0.850649350649	0.842105263158	0.851851851852	-11.6661	-11.7143	-1.4418
E49A_A	53	0.837662337662	0.842105263158	0.837037037037	-12.1572	-11.8613	-2.15307
P1044W_C	63	0.780821917808	0.857142857143	0.75	-11.9807	-6.88449	-1.22849
S122Y_A	75	0.811688311688	0.842105263158	0.807407407407	-11.9806	-11.8585	-2.26244
E1079W_C	80	0.739726027397	0.857142857143	0.692307692308	-11.898	-6.84578	-0.961599
V1028M_C	87	0.72602739726	0.857142857143	0.673076923077	-11.9137	-6.79325	-1.97248
Y122V_A	98	0.772727272727	0.842105263158	0.762962962963	-11.8841	-12.1051	-1.71457
S89Q_A	108	0.75974025974	0.789473684211	0.755555555556	-11.1261	-11.2632	-0.812524
A1043T_C	115	0.698630136986	0.809523809524	0.653846153846	-11.1132	-7.09732	-2.23998
E1050L_C	122	0.684931506849	0.809523809524	0.634615384615	-10.6515	-6.93179	-3.00358
S42P_A	131	0.720779220779	0.684210526316	0.725925925926	-10.3686	-12.1992	-2.43534
E118M_A	139	0.714285714286	0.625	0.724637681159	-10.4468	-12.1978	-2.52893
N52E_A	156	0.707792207792	0.625	0.717391304348	-10.4555	-12.0599	-1.02782
Y124N_A	165	0.707792207792	0.625	0.717391304348	-10.5198	-12.0081	-1.09837
G131P_A	177	0.694805194805	0.625	0.702898550725	-10.7821	-12.0093	-3.4668
L1086N_C	184	0.616438356164	0.809523809524	0.538461538462	-11.5944	-6.30211	-1.68506
C80H_A	196	0.675324675325	0.625	0.68115942029	-11.4505	-12.5878	-1.18311
K71D_A	218	0.649350649351	0.625	0.652173913043	-11.4404	-12.5975	-2.3205
W67K_A	228	0.649350649351	0.625	0.652173913043	-11.9792	-12.6272	-2.5642
K14D_A	236	0.636363636364	0.5625	0.644927536232	-10.5468	-11.5266	-4.23018
C33F_A	245	0.616883116883	0.5625	0.623188405797	-10.6348	-11.4425	-6.72557
Q7A_A	254	0.61038961039	0.5625	0.615942028986	-10.6667	-11.4608	-2.64447
G1075I_C	266	0.575342465753	0.761904761905	0.5	-10.668	-6.70406	-2.91665
V122W_A	278	0.590909090909	0.5625	0.594202898551	-10.6661	-11.4678	-2.41095
T91V_A	287	0.564935064935	0.5625	0.565217391304	-10.6126	-11.3942	-1.70279
S102D_A	299	0.558441558442	0.5625	0.557971014493	-10.7231	-11.1854	-1.57302
C1076L_C	315	0.561643835616	0.761904761905	0.480769230769	-10.7171	-6.8745	-1.32625
V150W_A	332	0.551948051948	0.5625	0.550724637681	-10.7063	-11.2047	-1.28623
A54R_A	341	0.532467532468	0.5625	0.528985507246	-10.7439	-11.2297	-2.92634
R71Q_A	354	0.519480519481	0.5625	0.514492753623	-10.7441	-11.1287	-0.933087
S1032H_C	366	0.520547945205	0.714285714286	0.442307692308	-10.6463	-6.61001	-1.4258
K139V_A	377	0.5	0.5625	0.492753623188	-10.632	-11.1396	-0.915271
Y1077C_C	384	0.493150684932	0.666666666667	0.423076923077	-10.6362	-6.52097	-4.82615
K1071C_C	390	0.493150684932	0.666666666667	0.423076923077	-10.5985	-6.4455	-2.44511
C69M_A	404	0.5	0.5625	0.492753623188	-10.8265	-11.393	-2.38093
Q101N_A	410	0.5	0.5625	0.492753623188	-10.8725	-11.4374	-0.997081
K32I_A	428	0.5	0.5625	0.492753623188	-11.208	-11.8857	-0.734317
P78I_A	439	0.487012987013	0.5625	0.478260869565	-11.2145	-12.0921	-0.727096
N1075I_C	450	0.465753424658	0.666666666667	0.384615384615	-11.2094	-5.81114	-1.34011
M138C_A	460	0.474025974026	0.5625	0.463768115942	-10.5496	-11.9762	-1.74892
N101I_A	467	0.467532467532	0.5625	0.45652173913	-10.5879	-12.0527	-7.22148
R1093E_C	473	0.452054794521	0.619047619048	0.384615384615	-11.1029	-5.06872	-2.91353
S119L_A	479	0.448051948052	0.5625	0.434782608696	-11.4759	-12.5316	-4.70618
K71G_A	486	0.435064935065	0.5625	0.420289855072	-10.9693	-12.5368	-4.59922
H114Q_A	492	0.428571428571	0.5625	0.413043478261	-10.9406	-12.5601	-4.85421
L98I_A	500	0.428571428571	0.5625	0.413043478261	-10.765	-12.5552	-1.4334
V132F_A	509	0.428571428571	0.5625	0.413043478261	-10.7417	-12.5581	-1.60241
G70I_A	518	0.422077922078	0.5625	0.405797101449	-10.7355	-12.6359	-2.96031
W134Y_A	527	0.409090909091	0.5625	0.391304347826	-10.7417	-12.6387	-2.86494
Y155W_A	540	0.402597402597	0.5625	0.384057971014	-10.8962	-12.6084	-3.28513
N1046C_C	548	0.438356164384	0.619047619048	0.365384615385	-10.8811	-3.7092	-2.51143
C151G_A	560	0.383116883117	0.5625	0.36231884058	-11.0089	-11.7449	-2.15141
E12Q_A	567	0.37012987013	0.5625	0.347826086957	-11.1311	-11.5376	-1.11879
G151H_A	575	0.37012987013	0.5625	0.347826086957	-10.5465	-11.0785	-3.7301
A43M_A	589	0.363636363636	0.5	0.347826086957	-10.524	-11.0343	-0.386225
H93F_A	600	0.363636363636	0.5	0.347826086957	-10.524	-11.0315	-1.85484
Q111P_A	607	0.344155844156	0.5	0.326086956522	-10.4607	-10.1084	-2.13267
Q1050V_C	624	0.383561643836	0.571428571429	0.307692307692	-10.6106	-2.35454	-2.20017
I98K_A	631	0.337662337662	0.5	0.31884057971	-10.823	-10.6367	-1.00245
F1061Y_C	644	0.383561643836	0.571428571429	0.307692307692	-10.8396	-2.42663	-2.11064
P141K_A	650	0.337662337662	0.5	0.31884057971	-10.8176	-10.3436	-1.86297
T95W_A	657	0.337662337662	0.5	0.31884057971	-10.7793	-10.1289	-1.36073
C128G_A	668	0.344155844156	0.5	0.326086956522	-10.7379	-10.0539	-2.08533
Q39Y_A	682	0.344155844156	0.5	0.326086956522	-10.7322	-10.0051	-2.84529
R104G_A	691	0.337662337662	0.5	0.31884057971	-10.7307	-10.0925	-0.804394
I151M_A	708	0.337662337662	0.5	0.31884057971	-10.7311	-9.97108	-2.49428
Q130A_A	715	0.331168831169	0.5	0.311594202899	-10.7311	-9.89362	-1.62977
I70N_A	724	0.324675324675	0.5	0.304347826087	-10.7279	-10.3497	-1.76611
W7H_A	731	0.337662337662	0.5	0.31884057971	-10.7215	-10.1535	-2.18544
H46I_A	740	0.331168831169	0.5	0.311594202899	-10.666	-10.8835	-1.80461
V78I_A	752	0.331168831169	0.5	0.311594202899	-10.6391	-10.7889	-2.02716
L42I_A	760	0.337662337662	0.5	0.31884057971	-10.7215	-10.9482	-2.5159
T63F_A	770	0.337662337662	0.5	0.31884057971	-10.7395	-11.3593	-1.67021
F1033M_C	787	0.356164383562	0.571428571429	0.269230769231	-10.4595	-2.46699	-3.13461
K1046Y_C	793	0.356164383562	0.571428571429	0.269230769231	-10.4436	-2.47204	-3.6756
H10T_A	804	0.324675324675	0.470588235294	0.306569343066	-10.4659	-11.4118	-1.94383
I143M_A	821	0.324675324675	0.470588235294	0.306569343066	-10.4314	-11.5202	-0.582298
G104F_A	831	0.331168831169	0.470588235294	0.313868613139	-10.4502	-11.5362	-2.45391
C57N_A	839	0.331168831169	0.470588235294	0.313868613139	-10.6407	-11.9227	-5.03209
K1040D_C	848	0.328767123288	0.52380952381	0.25	-10.8806	-2.71172	-3.27076
M69R_A	860	0.324675324675	0.470588235294	0.306569343066	-11.1159	-11.4816	-1.95988
R1081W_C	869	0.342465753425	0.571428571429	0.25	-11.1039	-3.18999	-4.35356
P132F_A	876	0.305194805195	0.470588235294	0.284671532847	-11.1077	-11.3006	-0.562743
K134R_A	882	0.298701298701	0.470588235294	0.277372262774	-11.1044	-11.2839	-0.55124
A145F_A	888	0.298701298701	0.470588235294	0.277372262774	-11.1037	-11.3366	-1.62372
Q147E_A	899	0.298701298701	0.470588235294	0.277372262774	-10.8504	-10.7754	-0.25659
I100M_A	904	0.298701298701	0.470588235294	0.277372262774	-10.7052	-10.7754	-1.43675
H32A_A	913	0.305194805195	0.470588235294	0.284671532847	-10.6942	-10.9959	-1.50276
I143Q_A	926	0.298701298701	0.470588235294	0.277372262774	-10.6942	-11.0614	-1.43722
R132Y_A	946	0.298701298701	0.470588235294	0.277372262774	-10.6785	-11.0091	-0.478872
W1081C_C	956	0.315068493151	0.52380952381	0.230769230769	-10.6314	-2.98879	-1.29347
M1093Q_C	974	0.315068493151	0.52380952381	0.230769230769	-10.5114	-2.83195	-2.22
T1056Y_C	984	0.315068493151	0.52380952381	0.230769230769	-10.5484	-2.8319	-2.53804
F155M_A	995	0.305194805195	0.470588235294	0.284671532847	-10.5487	-10.8324	-0.619239
