name	count	identity	evolved_interaction	ancestral_interaction	stability
P72R_A	1	0.993506493506	-10.488	-10.5183	-23.2434
S89L_A	6	0.974025974026	-11.4224	-10.7245	-19.4199
W16I_A	11	0.941558441558	-11.2298	-10.5491	-12.0823
D1036L_C	17	0.958904109589	-11.4923	-11.1049	-10.0798
E143F_A	24	0.902597402597	-11.2714	-10.3415	-3.40255
A1074G_C	30	0.904109589041	-11.2973	-11.3891	-3.60953
Q154H_A	38	0.863636363636	-10.8304	-10.4922	-1.23394
T91Y_A	52	0.844155844156	-11.1691	-10.479	-2.5792
N52L_A	58	0.824675324675	-10.9547	-10.0027	-4.15947
N1086D_C	63	0.808219178082	-11.0933	-9.06245	-1.96177
V1034K_C	69	0.794520547945	-11.2636	-9.20799	-4.39929
N66K_A	76	0.779220779221	-11.9721	-9.37192	-1.72966
Q117K_A	86	0.75974025974	-12.1053	-9.69	-0.896622
F1086W_C	97	0.753424657534	-11.6304	-10.9294	-1.75946
K48A_A	104	0.74025974026	-12.0172	-9.6747	-1.75826
E131Y_A	112	0.733766233766	-11.9881	-9.7084	-1.0958
A142Q_A	120	0.714285714286	-11.9559	-9.66812	-3.2077
Y6T_A	127	0.694805194805	-11.444	-9.37342	-1.96296
E12I_A	134	0.681818181818	-10.9639	-9.82403	-1.63381
I1040A_C	141	0.684931506849	-10.6095	-9.76917	-2.74958
E67A_A	147	0.655844155844	-10.6196	-9.73479	-0.939127
N108G_A	155	0.649350649351	-10.6545	-9.44445	-1.43594
P75L_A	166	0.62987012987	-10.6681	-9.47496	-8.10379
S70Q_A	176	0.61038961039	-10.6822	-9.47152	-6.13866
A129M_A	181	0.584415584416	-10.823	-10.2761	-5.60424
G1057K_C	191	0.602739726027	-10.8664	-9.81328	-1.7395
Q1095Y_C	202	0.58904109589	-10.6817	-9.72601	-2.17274
R126N_A	210	0.551948051948	-10.6792	-9.83246	-3.55747
Y58M_A	221	0.545454545455	-10.6792	-9.83456	-3.0665
Q111E_A	244	0.525974025974	-11.0983	-9.11863	-3.37824
Y74M_A	250	0.519480519481	-11.1938	-10.1322	-2.07509
I1039Y_C	256	0.534246575342	-11.0472	-9.25775	-1.79223
R72P_A	266	0.512987012987	-11.0394	-10.1567	-6.90712
L1074N_C	272	0.534246575342	-11.3411	-9.65612	-2.49729
A67C_A	280	0.5	-12.2161	-10.2231	-3.27598
Y91L_A	288	0.487012987013	-12.1367	-9.97877	-1.51779
R133F_A	305	0.480519480519	-12.1322	-10.0812	-1.74844
H101F_A	324	0.474025974026	-12.1446	-10.0815	-4.30526
V29F_A	329	0.461038961039	-12.0698	-10.3842	-2.34701
G4Y_A	335	0.461038961039	-12.096	-10.3795	-1.63126
E63Y_A	346	0.461038961039	-11.9857	-9.96449	-4.34777
I12S_A	352	0.461038961039	-12.1306	-10.3603	-1.18134
R1093H_C	360	0.465753424658	-12.1083	-10.6036	-1.04471
N66L_A	380	0.441558441558	-12.2111	-10.6195	-2.82702
V122A_A	389	0.441558441558	-12.5179	-10.775	-2.92573
N1074C_C	399	0.479452054795	-12.97	-10.1749	-2.75481
Y131E_A	412	0.448051948052	-10.5696	-10.7408	-1.59554
S35R_A	418	0.448051948052	-10.5747	-10.7357	-1.27161
Y128L_A	437	0.428571428571	-10.5605	-10.4322	-1.80288
S95K_A	450	0.422077922078	-10.6498	-10.4551	-2.36727
K1046I_C	458	0.424657534247	-10.5676	-7.85274	-3.2156
V62M_A	467	0.402597402597	-10.497	-10.4361	-4.41689
M1083C_C	476	0.397260273973	-10.5147	-8.30581	-1.78661
V15N_A	490	0.38961038961	-11.6669	-12.1606	-2.75902
D1030M_C	497	0.383561643836	-11.6667	-7.12409	-1.95251
D102W_A	506	0.376623376623	-11.4117	-11.4405	-0.486849
H57K_A	517	0.376623376623	-11.3423	-11.4461	-2.44817
Q137H_A	527	0.376623376623	-11.3003	-10.008	-3.35065
K147F_A	532	0.37012987013	-11.3011	-10.5207	-8.28087
T6V_A	540	0.363636363636	-11.3124	-9.81182	-3.813
K76A_A	545	0.350649350649	-11.3128	-9.88194	-4.08411
A48Y_A	550	0.344155844156	-11.2778	-9.86232	-2.94214
D19E_A	557	0.337662337662	-11.1091	-9.62234	-2.19036
C131T_A	564	0.331168831169	-10.9907	-9.60869	-0.486344
K1041F_C	570	0.328767123288	-11.1794	-7.31591	-4.47969
V7F_A	581	0.337662337662	-12.0007	-10.056	-1.78524
R1047V_C	594	0.287671232877	-11.8375	-8.50008	-2.9549
Q1093P_C	605	0.287671232877	-11.727	-8.43687	-3.53977
F1071K_C	614	0.287671232877	-11.3151	-8.57959	-1.68795
D1085M_C	621	0.27397260274	-11.0219	-8.6314	-2.39228
T149Q_A	631	0.337662337662	-11.164	-9.98174	-2.97828
W61L_A	640	0.331168831169	-11.168	-9.62361	-1.22432
G1033W_C	652	0.287671232877	-11.2681	-8.73403	-2.38765
V11W_A	662	0.337662337662	-10.987	-9.81805	-2.91134
G1025V_C	671	0.27397260274	-10.7699	-8.56442	-4.4122
A1047C_C	677	0.27397260274	-11.0327	-8.55507	-5.74961
K117L_A	683	0.318181818182	-11.2466	-8.92301	-2.24594
C3G_A	690	0.318181818182	-11.0845	-8.77207	-3.54755
C29T_A	706	0.318181818182	-11.0797	-9.74093	-3.34636
P1078M_C	712	0.246575342466	-10.7463	-8.71407	-2.95308
F96P_A	719	0.318181818182	-10.7933	-9.71155	-3.87868
W1086A_C	728	0.260273972603	-10.9252	-8.12088	-4.0904
L104D_A	736	0.318181818182	-12.2372	-9.31883	-2.27191
H1080P_C	742	0.260273972603	-12.2215	-9.52581	-1.5046
Y154W_A	755	0.318181818182	-12.2934	-9.20205	-0.792834
R1062F_C	768	0.260273972603	-12.4079	-9.71123	-1.97362
Y155F_A	775	0.311688311688	-10.8892	-10.4698	-2.51813
I123A_A	782	0.305194805195	-12.0305	-10.5037	-0.512295
Q1072T_C	793	0.232876712329	-11.4334	-8.31562	-0.944444
W1044A_C	804	0.232876712329	-11.4591	-7.96165	-0.881397
N1032D_C	817	0.232876712329	-11.4233	-7.8919	-0.458905
G146H_A	827	0.292207792208	-11.3657	-9.99474	-2.31416
G24T_A	840	0.285714285714	-10.9517	-8.48143	-3.48817
A1061C_C	845	0.232876712329	-11.1023	-7.86841	-2.76179
F101T_A	851	0.285714285714	-11.0521	-9.83875	-1.67805
M1034T_C	869	0.232876712329	-11.3549	-8.27842	-0.679344
T49K_A	883	0.285714285714	-10.8047	-9.80339	-1.30834
C18A_A	905	0.285714285714	-10.6792	-9.58499	-1.10706
V5T_A	923	0.285714285714	-10.6169	-9.82816	-1.35017
I107H_A	933	0.279220779221	-10.6164	-9.64267	-3.66226
L1074P_C	940	0.232876712329	-11.1689	-8.16407	-5.34798
T1073N_C	946	0.205479452055	-11.2287	-8.23941	-5.92246
R6M_A	957	0.25974025974	-11.2844	-9.35329	-0.472115
E153S_A	964	0.25974025974	-11.3372	-10.377	-1.85494
W91I_A	978	0.25974025974	-11.3533	-9.88678	0.564942
E1094T_C	994	0.178082191781	-11.5207	-8.46089	-1.18108
