name	count	identity	evolved_interaction	ancestral_interaction	stability
V57R_A	1	0.993506493506	-11.2103	-11.4538	-26.5293
V116H_A	6	0.961038961039	-11.4305	-11.4656	-19.4257
D118L_A	11	0.935064935065	-10.9072	-10.9409	-16.7784
C93I_A	17	0.909090909091	-10.9607	-10.9884	-11.2195
F1037E_C	22	0.972602739726	-10.888	-10.3492	-2.39109
E12Q_A	29	0.857142857143	-10.9914	-10.9626	-6.03497
E67W_A	36	0.831168831169	-11.7787	-11.7198	-4.66704
L101H_A	43	0.818181818182	-10.937	-11.0013	-6.17041
K1027W_C	49	0.917808219178	-10.9731	-9.76499	-4.12879
D59Y_A	55	0.805194805195	-11.0284	-10.8678	-9.59113
V29K_A	60	0.792207792208	-11.0928	-10.8866	-7.3312
S70W_A	71	0.766233766234	-11.1285	-10.8886	-1.74179
A54V_A	81	0.733766233766	-11.1926	-10.8131	-1.97061
K147G_A	89	0.714285714286	-11.0266	-10.2972	-1.38093
R1046N_C	96	0.821917808219	-11.0428	-9.37403	-2.47247
M1081K_C	103	0.794520547945	-10.9823	-9.37255	-2.27555
D121L_A	119	0.688311688312	-10.9197	-10.5037	-2.95226
Q130A_A	125	0.662337662338	-10.887	-10.6887	-3.4572
R106W_A	133	0.642857142857	-10.8413	-10.3511	-1.4055
R1064V_C	141	0.739726027397	-10.6655	-9.07205	-2.35575
C50K_A	147	0.62987012987	-10.6423	-10.3228	-1.09112
M1083L_C	153	0.712328767123	-10.7295	-9.25876	-3.54521
C96W_A	162	0.623376623377	-10.741	-10.091	-2.07017
T1042E_C	176	0.671232876712	-10.5451	-8.51535	-2.40318
R1047T_C	185	0.630136986301	-11.589	-8.14741	-2.92727
Q151A_A	191	0.590909090909	-11.6698	-10.1516	-0.931664
W29E_A	196	0.584415584416	-11.5495	-10.043	-1.04373
Y1038T_C	205	0.58904109589	-11.9423	-8.37723	-6.48362
I1070L_C	216	0.547945205479	-11.8672	-9.29433	-1.93304
D1080H_C	223	0.520547945205	-10.6749	-9.45134	-2.65523
V97S_A	234	0.577922077922	-10.6797	-9.50153	-3.02279
Q109M_A	242	0.558441558442	-10.6824	-9.47182	-2.47284
A32D_A	254	0.538961038961	-10.738	-9.46751	-1.06886
I1033W_C	261	0.493150684932	-10.7605	-9.07806	-3.39654
L118V_A	274	0.525974025974	-10.5486	-9.42861	-2.39305
H7M_A	281	0.525974025974	-10.5489	-9.34379	-5.92018
M124F_A	287	0.519480519481	-10.5455	-9.39523	-4.87052
S97I_A	295	0.519480519481	-10.5769	-9.42302	-2.96381
D32N_A	317	0.512987012987	-11.0146	-9.50304	-1.50627
E142W_A	330	0.512987012987	-11.2784	-10.5671	-1.2275
R150C_A	337	0.512987012987	-11.2245	-10.5047	-4.40679
M7H_A	346	0.512987012987	-11.1281	-10.4983	-2.90149
L121Y_A	355	0.506493506494	-11.1138	-10.4983	-1.53753
E99I_A	362	0.493506493506	-10.6882	-10.3295	-1.18419
C156Q_A	378	0.487012987013	-10.5148	-10.0207	-0.938521
H1080D_C	393	0.452054794521	-10.6027	-5.72988	-1.26131
A87N_A	408	0.474025974026	-10.6023	-10.1436	-1.75485
D149L_A	422	0.474025974026	-10.5337	-10.3466	-2.36299
G1030V_C	435	0.452054794521	-10.7081	-5.9467	-2.44185
I97M_A	441	0.467532467532	-11.1145	-10.3072	-2.70593
I99L_A	448	0.467532467532	-10.9793	-10.2672	-0.930253
N98I_A	455	0.461038961039	-10.8671	-10.2654	-3.08185
W96K_A	460	0.454545454545	-10.8656	-10.3034	-1.77466
L38G_A	467	0.441558441558	-10.8327	-10.0177	-3.83629
T1050F_C	474	0.424657534247	-10.9513	-5.85986	-3.51358
V54K_A	487	0.428571428571	-11.2143	-9.25508	-0.553221
E125Q_A	500	0.422077922078	-10.6657	-8.6766	-1.69281
P73M_A	507	0.422077922078	-10.7401	-8.68516	-0.0700937
H1040N_C	522	0.397260273973	-10.9419	-5.01604	-1.72832
Q19F_A	530	0.415584415584	-10.7879	-8.86674	-0.0962124
L49N_A	538	0.409090909091	-10.665	-8.83411	0.753856
K1032D_C	557	0.397260273973	-10.7481	-4.9531	-1.67849
A144N_A	579	0.402597402597	-10.6214	-8.96376	1.04126
Q1056K_C	588	0.383561643836	-10.6579	-4.87589	-1.57614
E63R_A	595	0.383116883117	-10.7539	-8.93556	0.682946
G1053A_C	601	0.383561643836	-10.6835	-4.96971	-5.28528
A129E_A	609	0.383116883117	-10.7149	-8.87272	0.286646
M1044E_C	614	0.383561643836	-10.9137	-5.23545	-3.58453
I92Y_A	624	0.37012987013	-10.92	-8.9283	0.454146
W4I_A	635	0.37012987013	-10.7711	-8.94985	1.04813
A145H_A	653	0.363636363636	-10.7494	-10.0102	-0.849672
A1025Q_C	660	0.356164383562	-11.0371	-5.1607	-5.40004
Y15K_A	669	0.37012987013	-11.1429	-7.74486	-2.3561
M1060E_C	682	0.342465753425	-11.1511	-5.19625	-3.59239
A66L_A	690	0.37012987013	-11.0748	-7.77199	-3.42452
R122E_A	701	0.37012987013	-11.1747	-7.34323	-0.94764
I4S_A	719	0.363636363636	-11.0433	-7.46049	-1.97704
K153M_A	729	0.350649350649	-10.9065	-7.3532	-2.17689
M33P_A	737	0.344155844156	-10.5575	-7.23709	-3.68235
D156W_A	746	0.344155844156	-10.6859	-5.37792	-2.37746
G105A_A	761	0.344155844156	-10.6879	-5.63297	-2.51936
G55M_A	776	0.344155844156	-10.9875	-6.28068	-1.86879
M1082T_C	788	0.315068493151	-10.8302	-5.18029	-1.21891
K96Y_A	797	0.350649350649	-10.8311	-6.24123	-2.54317
N87R_A	804	0.350649350649	-10.8298	-6.31	-4.48499
Y1058Q_C	817	0.315068493151	-10.8505	-5.06988	-3.19253
K1062C_C	822	0.315068493151	-10.7659	-4.91107	-2.26511
R101S_A	831	0.337662337662	-10.7656	-6.32142	-2.98533
Q128I_A	839	0.337662337662	-10.7666	-6.28038	-4.86598
Q1058E_C	855	0.315068493151	-10.901	-4.7473	-2.26056
V1076S_C	878	0.315068493151	-10.9116	-4.77196	-2.7439
N1095K_C	898	0.301369863014	-11.7267	-6.3189	-2.2088
K1024I_C	907	0.315068493151	-11.8869	-6.49121	-5.31038
L132N_A	912	0.337662337662	-11.9323	-6.19111	-1.91323
Y144W_A	918	0.337662337662	-11.8459	-6.09417	-1.74872
M130A_A	936	0.337662337662	-11.6421	-6.2771	-1.16205
R87L_A	945	0.337662337662	-11.6219	-6.28009	-1.62089
Y127L_A	954	0.344155844156	-11.6227	-6.27994	-1.60359
E1093P_C	967	0.342465753425	-11.5164	-5.44786	-3.44615
M153W_A	973	0.337662337662	-11.5769	-6.9982	-2.25353
C29W_A	983	0.331168831169	-11.521	-7.00981	-1.59458
Q1026M_C	996	0.301369863014	-11.5626	-5.44613	-5.0447
