name	count	identity	evolved_interaction	ancestral_interaction	stability
R1093M_C	1	0.986301369863	-10.4514	-10.3341	-8.72401
C5V_A	8	0.967532467532	-10.7298	-10.7901	-20.6322
L1048P_C	13	0.931506849315	-10.8657	-10.551	-4.00341
A133S_A	20	0.928571428571	-10.9118	-10.9757	-17.4936
A79F_A	25	0.896103896104	-10.8632	-11.009	-6.86846
L38K_A	30	0.883116883117	-10.6655	-10.9209	-5.04229
E1050L_C	38	0.890410958904	-10.6892	-10.2435	-4.30676
W98E_A	50	0.857142857143	-10.6455	-10.7146	-1.81801
V148M_A	59	0.831168831169	-10.7409	-10.8198	-2.66959
Q111N_A	64	0.805194805195	-10.9024	-11.119	-3.56742
S1062I_C	72	0.821917808219	-10.9473	-10.3399	-3.8053
P21H_A	79	0.766233766234	-10.5373	-10.6866	-2.17007
F79Y_A	90	0.746753246753	-10.5688	-12.1447	-2.22256
D102W_A	103	0.727272727273	-10.5723	-12.1387	-3.24029
K1054C_C	122	0.753424657534	-10.5845	-10.2302	-1.5309
K27G_A	127	0.701298701299	-10.5379	-11.3472	-3.03664
T120A_A	134	0.688311688312	-10.5307	-11.252	-4.0819
L1063I_C	140	0.712328767123	-10.5784	-9.74069	-1.35314
V1065K_C	152	0.712328767123	-10.487	-9.72015	-0.872523
E1079F_C	159	0.671232876712	-11.0433	-9.84747	-4.33659
E1094H_C	168	0.657534246575	-11.2188	-9.96103	-4.41439
R1077I_C	181	0.657534246575	-11.2939	-10.074	-1.60571
V57M_A	190	0.616883116883	-11.7009	-11.5119	-3.32122
K147V_A	197	0.61038961039	-11.4	-11.5119	-2.95188
M57T_A	206	0.603896103896	-11.1623	-11.2399	-2.01066
D126Y_A	220	0.603896103896	-10.9825	-11.1161	-4.94278
N111K_A	228	0.577922077922	-11.7371	-11.4337	-2.34812
C89A_A	234	0.571428571429	-11.7714	-11.3784	-1.52181
E81F_A	244	0.571428571429	-11.8287	-11.4292	-4.75656
E98C_A	254	0.551948051948	-11.8266	-11.4126	-8.6398
H144E_A	260	0.545454545455	-11.4446	-11.398	-6.08065
C1041R_C	272	0.534246575342	-11.0496	-9.36534	-3.57467
A89T_A	284	0.525974025974	-11.0179	-11.1165	-1.86828
L1064I_C	294	0.520547945205	-11.7557	-8.62931	-5.63573
Q10G_A	302	0.512987012987	-11.9446	-10.9308	-3.75261
Y1042L_C	311	0.493150684932	-11.9424	-8.08053	-3.29063
I112L_A	316	0.474025974026	-12.0425	-10.9178	-3.69984
Q136L_A	321	0.467532467532	-11.8115	-10.8196	-5.8732
I106W_A	327	0.461038961039	-11.821	-10.75	-4.09394
N128C_A	332	0.454545454545	-12.6283	-11.2788	-4.38984
F7A_A	340	0.435064935065	-12.425	-11.0512	-1.82568
R1048L_C	349	0.452054794521	-12.408	-7.92823	-6.65692
L112H_A	356	0.428571428571	-12.8317	-11.5166	-1.18232
F22M_A	365	0.422077922078	-12.0558	-10.6327	-1.10549
Q117A_A	374	0.415584415584	-12.1487	-10.5906	-3.33688
K59D_A	385	0.422077922078	-12.2927	-10.5339	-2.51297
K141E_A	395	0.415584415584	-11.1752	-10.5593	-3.22855
E100I_A	404	0.415584415584	-10.7074	-10.2844	-1.19172
V116M_A	413	0.409090909091	-10.8308	-10.363	-6.46092
I88N_A	418	0.409090909091	-10.839	-10.373	-5.82837
F24Y_A	424	0.396103896104	-10.5133	-9.97801	-2.40083
D1059V_C	434	0.397260273973	-10.7225	-7.1727	-1.50273
W147L_A	442	0.38961038961	-10.9764	-9.94091	-2.16268
E38Q_A	453	0.376623376623	-11.0426	-9.81165	-1.3213
V86I_A	475	0.37012987013	-11.0175	-9.81164	-1.63309
Y126H_A	481	0.357142857143	-10.9284	-9.85518	-2.56284
I1088W_C	488	0.342465753425	-10.8012	-8.31485	-6.11322
R1046H_C	496	0.315068493151	-10.6491	-7.88643	-5.46964
I100M_A	509	0.357142857143	-10.6733	-9.84631	-1.33347
E130D_A	521	0.337662337662	-11.0755	-10.731	-1.40997
G115A_A	533	0.324675324675	-11.0113	-10.6321	-2.71407
M96P_A	541	0.324675324675	-11.0474	-10.4802	-2.1622
L40R_A	548	0.324675324675	-11.113	-10.229	-1.82319
L89G_A	556	0.324675324675	-11.1493	-10.1896	-2.5975
Q154P_A	562	0.324675324675	-11.0173	-9.02257	-2.81208
L149Q_A	570	0.318181818182	-10.9379	-8.93572	-2.78296
V1076S_C	575	0.287671232877	-11.723	-7.43803	-2.48901
L1027P_C	580	0.27397260274	-10.6219	-6.3346	-1.82135
L136P_A	591	0.305194805195	-12.4618	-11.3242	-2.34062
N1058M_C	601	0.260273972603	-12.3269	-6.16281	-3.69565
P95Y_A	608	0.305194805195	-12.2867	-11.3514	-4.8259
F10E_A	616	0.305194805195	-11.7137	-10.7582	-1.52163
Y48T_A	623	0.305194805195	-11.7144	-10.7197	-4.31126
R1070E_C	629	0.260273972603	-13.2243	-6.39743	-1.95113
H112W_A	639	0.305194805195	-13.1463	-10.4763	-3.00384
R6G_A	650	0.305194805195	-13.0377	-10.3933	-1.11697
I1023N_C	662	0.27397260274	-12.973	-6.34043	-4.60212
D1030F_C	669	0.260273972603	-12.9258	-6.34741	-1.59482
S127T_A	683	0.298701298701	-12.9942	-10.3886	-2.81089
S1032H_C	691	0.246575342466	-12.9013	-6.38959	-2.64302
Q1035W_C	696	0.246575342466	-12.9336	-6.32856	-5.1021
G54F_A	701	0.292207792208	-12.9939	-10.1854	-2.88128
N88A_A	708	0.292207792208	-11.2488	-7.59978	-1.83641
E1061T_C	725	0.246575342466	-11.3238	-5.14515	-2.36023
K30I_A	733	0.272727272727	-11.377	-7.39509	-2.11951
T51R_A	738	0.266233766234	-11.3825	-7.43978	-3.57124
T141W_A	747	0.25974025974	-10.9585	-6.90066	-1.77702
T1061Y_C	769	0.246575342466	-11.4821	-5.48826	-3.23064
Y39R_A	777	0.266233766234	-11.5811	-6.89911	-1.81656
W102I_A	783	0.266233766234	-11.5816	-6.27372	-2.59289
T1039W_C	794	0.232876712329	-10.7425	-5.64097	-4.69216
N7L_A	806	0.266233766234	-10.9107	-5.58799	-1.67953
H1043E_C	814	0.232876712329	-10.5703	-4.73741	-2.07893
I1038F_C	824	0.232876712329	-10.5032	-4.71888	-2.38029
Y140M_A	832	0.272727272727	-10.5679	-5.9335	-1.74657
E87A_A	844	0.272727272727	-10.8504	-6.52934	-0.993133
W1035H_C	852	0.219178082192	-10.8533	-4.73561	-2.72595
F1030A_C	861	0.219178082192	-10.868	-4.81244	-4.77131
I1064Y_C	868	0.219178082192	-10.8873	-4.23244	-9.98507
R150G_A	875	0.279220779221	-10.8694	-7.53176	-1.41012
E1084D_C	884	0.191780821918	-11.6863	-4.73105	-7.918
V29G_A	892	0.279220779221	-11.6904	-6.45317	-2.43643
R1045L_C	902	0.191780821918	-11.9504	-5.04162	-7.03184
G1031M_C	911	0.178082191781	-12.7004	-5.9996	-3.08458
D138K_A	930	0.285714285714	-12.6818	-6.82488	-2.74036
H153W_A	942	0.285714285714	-12.6559	-6.651	-2.72969
K1054C_C	954	0.164383561644	-11.8103	-5.78981	-1.42522
K1034T_C	967	0.164383561644	-11.7428	-6.64677	-2.57783
S1093D_C	979	0.164383561644	-11.5761	-6.24586	-2.89395
G89W_A	994	0.285714285714	-11.4594	-6.85894	-0.780915
