name	count	identity	evolved_interaction	ancestral_interaction	stability
A106R_A	2	0.993506493506	-10.4937	-10.5192	-26.5003
C93Q_A	11	0.967532467532	-10.3617	-10.3713	-30.4733
P128V_A	18	0.948051948052	-10.5036	-10.4266	-29.5289
Q101C_A	24	0.928571428571	-10.483	-10.423	-23.7402
I1024L_C	31	0.931506849315	-10.4541	-10.6238	-8.30698
L120M_A	36	0.883116883117	-10.4853	-10.4281	-13.9606
E42H_A	44	0.850649350649	-10.5564	-10.5123	-12.7909
R135S_A	52	0.824675324675	-10.5646	-10.5075	-8.47205
A26L_A	58	0.811688311688	-10.4813	-10.4878	-8.36704
K14R_A	65	0.785714285714	-10.743	-10.7173	-4.70297
D100C_A	71	0.766233766234	-10.7464	-10.7366	-2.1144
Q154W_A	77	0.746753246753	-10.6172	-10.5976	-1.05843
P100M_A	85	0.733766233766	-10.556	-10.5887	-1.90074
S53W_A	94	0.720779220779	-10.3788	-10.365	-3.11871
I49R_A	112	0.707792207792	-10.4222	-10.3129	-1.13719
Q93T_A	119	0.694805194805	-13.8774	-11.6977	-5.13329
T1077R_C	128	0.808219178082	-11.9604	-13.0478	-2.26259
S135N_A	138	0.662337662338	-11.9819	-9.39995	-2.26317
I138G_A	147	0.668831168831	-11.9706	-9.52645	-1.16153
K1075C_C	155	0.780821917808	-11.054	-11.8438	-5.19645
T41S_A	163	0.649350649351	-10.9558	-9.19522	-0.824389
W53M_A	173	0.62987012987	-10.9541	-9.18401	-0.948115
H104F_A	188	0.62987012987	-10.9432	-9.18226	-1.42591
M1060I_C	196	0.72602739726	-11.3854	-11.9773	-5.28684
V1050G_C	202	0.72602739726	-11.6483	-10.9079	-1.55603
E1079N_C	211	0.712328767123	-11.035	-10.4092	-1.84032
N1086G_C	223	0.671232876712	-10.8621	-11.7528	-3.77641
L1062V_C	232	0.657534246575	-11.0725	-11.644	-3.41186
Y1071D_C	241	0.657534246575	-10.9352	-11.0351	-3.58857
P1048E_C	255	0.630136986301	-10.941	-11.0593	-2.3495
W1035V_C	269	0.630136986301	-11.0315	-11.1116	-2.76109
G98T_A	286	0.545454545455	-11.0319	-9.74431	-0.633715
E121D_A	296	0.551948051948	-11.0548	-9.75514	-1.34889
G1061N_C	301	0.602739726027	-11.0438	-11.1183	-2.91933
S127N_A	307	0.545454545455	-12.0931	-10.5464	-1.88997
Y71H_A	314	0.545454545455	-12.0857	-10.5235	-0.971501
V118H_A	325	0.532467532468	-11.0156	-10.4969	-0.0550067
R49M_A	340	0.532467532468	-10.8845	-10.2372	-0.480749
N1047E_C	349	0.534246575342	-10.7226	-10.1885	-3.30548
V1081C_C	363	0.534246575342	-10.6877	-10.384	-3.52769
D11N_A	372	0.512987012987	-10.8718	-10.3395	-0.0695358
N1076S_C	381	0.534246575342	-11.093	-10.6174	-2.26062
C1075L_C	395	0.520547945205	-10.8214	-10.5448	-2.7112
L44V_A	407	0.487012987013	-11.6551	-10.1072	-1.43842
G4E_A	414	0.480519480519	-11.1949	-10.1917	-2.23347
F104G_A	421	0.480519480519	-11.2001	-10.1688	0.0861647
F15Q_A	427	0.480519480519	-11.323	-9.9199	-1.81574
E12V_A	434	0.461038961039	-11.7073	-10.0693	-0.706587
S9C_A	444	0.448051948052	-11.8209	-10.0733	-1.54821
T64V_A	450	0.441558441558	-11.1408	-10.0847	-2.26004
D19Y_A	460	0.428571428571	-10.7793	-9.61083	-0.537906
Q1073V_C	468	0.465753424658	-10.7914	-7.90438	-2.26315
F1024Y_C	474	0.452054794521	-10.5559	-7.30946	-2.97668
R33N_A	492	0.415584415584	-11.4067	-11.4397	-2.05007
W1055R_C	500	0.479452054795	-11.5326	-3.50582	-2.15826
A79P_A	505	0.38961038961	-11.5334	-11.4369	-2.35447
C101L_A	511	0.38961038961	-11.5318	-11.4423	-2.10859
R1043Q_C	517	0.438356164384	-11.2301	-7.36075	-3.37254
M1083I_C	526	0.424657534247	-11.235	-7.26046	-1.30766
A149F_A	543	0.376623376623	-11.2598	-11.5728	-1.42572
L124I_A	559	0.376623376623	-11.2815	-13.2162	-0.0325514
K40L_A	572	0.363636363636	-11.7118	-13.4449	-1.73987
E35G_A	580	0.363636363636	-11.6689	-12.014	-1.12608
C131W_A	606	0.363636363636	-11.7031	-11.91	-1.722
H118N_A	617	0.357142857143	-11.7118	-12.0582	-0.0710762
C9L_A	629	0.357142857143	-11.7311	-11.9221	-6.5458
V94G_A	636	0.350649350649	-11.8867	-12.7423	-0.395286
N65H_A	647	0.344155844156	-11.891	-12.7423	-0.124815
Q12A_A	660	0.344155844156	-11.8209	-12.216	-0.908225
L99Y_A	667	0.344155844156	-10.7474	-12.7109	-0.328238
H65Y_A	672	0.337662337662	-10.7456	-12.6285	-1.80918
E142P_A	684	0.337662337662	-10.6257	-12.6699	-1.11153
L49P_A	693	0.337662337662	-10.6549	-11.437	-3.39547
F136E_A	700	0.337662337662	-10.6556	-11.4325	-1.16325
E1048M_C	710	0.315068493151	-10.652	-6.07454	-1.21606
L80M_A	733	0.331168831169	-10.559	-11.4402	-0.981269
C1041N_C	743	0.315068493151	-10.6935	-5.59057	-1.47686
S1071N_C	755	0.315068493151	-10.8677	-5.99098	-1.10798
N33Y_A	775	0.311688311688	-10.8598	-11.9739	-0.568249
H57T_A	786	0.311688311688	-11.6079	-12.1834	-1.67597
K70E_A	798	0.305194805195	-12.0129	-11.5835	-1.34244
F81W_A	807	0.298701298701	-11.9522	-11.7463	-2.44082
Y8F_A	817	0.279220779221	-11.9586	-11.9991	-0.388856
W1027Q_C	826	0.315068493151	-11.3523	-8.66132	-2.2455
I138L_A	832	0.272727272727	-11.325	-11.7629	-0.927645
K36Y_A	840	0.272727272727	-10.9821	-11.7533	-0.255216
P30N_A	850	0.266233766234	-11.197	-11.4233	2.08755
Q1095E_C	861	0.246575342466	-11.0707	-7.61336	-3.18258
R1055Q_C	877	0.246575342466	-11.0381	-8.12505	-4.11491
T1025N_C	886	0.27397260274	-11.1368	-8.22598	-2.5538
T1051E_C	894	0.27397260274	-11.0734	-8.25138	-1.40146
E70Q_A	908	0.253246753247	-10.9693	-11.0283	-0.0406806
M94K_A	920	0.25974025974	-10.5429	-11.0946	-2.25156
A133S_A	927	0.25974025974	-10.7095	-11.6072	-0.724394
A149N_A	944	0.253246753247	-10.6461	-11.5358	-0.554539
P64C_A	954	0.246753246753	-10.6369	-11.8332	-1.25961
N1050F_C	961	0.260273972603	-11.1625	-7.80199	-1.46957
H14T_A	968	0.246753246753	-11.2115	-12.6159	-0.378411
N115S_A	979	0.246753246753	-11.1513	-12.6819	0.243853
F1042E_C	985	0.260273972603	-11.1761	-7.94932	-1.29985
C64D_A	994	0.24025974026	-11.1863	-12.7014	-1.44277
