name	count	identity	evolved_interaction	ancestral_interaction	stability
F1052H_C	1	0.986301369863	-10.4183	-9.51082	-6.97795
N52T_A	6	0.967532467532	-10.8848	-10.9529	-24.8455
A79M_A	11	0.948051948052	-11.1707	-11.2172	-25.9775
Y68W_A	19	0.928571428571	-11.0645	-11.0089	-21.2651
V75H_A	25	0.915584415584	-10.7232	-10.6435	-21.0221
G55H_A	30	0.883116883117	-10.7036	-10.6848	-2.70402
E1050H_C	37	0.890410958904	-10.6496	-10.5251	-5.19295
D1080H_C	48	0.86301369863	-10.8399	-10.4051	-6.79562
K1054H_C	54	0.821917808219	-10.8519	-10.4053	-3.48568
V29K_A	68	0.824675324675	-10.8523	-10.6692	-3.19748
I1039L_C	74	0.780821917808	-11.2508	-10.1392	-1.90101
K1038M_C	84	0.753424657534	-11.3236	-10.1751	-5.48611
G118F_A	91	0.779220779221	-11.4587	-11.471	-2.03049
Y25W_A	102	0.75974025974	-11.6965	-11.6258	-1.69082
D1074H_C	113	0.698630136986	-11.1759	-9.49443	-2.82017
K71V_A	119	0.74025974026	-11.3583	-11.7572	-1.34231
H1023Y_C	140	0.657534246575	-11.3506	-8.91313	-2.72284
E67M_A	146	0.720779220779	-11.3805	-11.6245	-2.48493
R139K_A	159	0.701298701299	-11.5844	-11.0746	-2.76407
F1036G_C	168	0.616438356164	-11.9092	-9.1209	-1.99861
K14R_A	176	0.668831168831	-10.5383	-11.6707	-4.08789
R134V_A	187	0.649350649351	-10.6012	-11.7191	-2.53964
H1054F_C	193	0.58904109589	-11.0389	-8.72381	-3.21687
R1064F_C	203	0.534246575342	-11.0564	-8.79472	-3.29568
A129R_A	217	0.62987012987	-10.4828	-12.1316	-1.59312
T108V_A	228	0.61038961039	-10.4702	-12.1286	-2.47259
M141F_A	242	0.603896103896	-10.7239	-12.2618	-4.45647
I1035F_C	251	0.506849315068	-10.7727	-8.42214	-7.0024
G1036W_C	260	0.493150684932	-10.8015	-8.3985	-4.27459
T1086V_C	268	0.493150684932	-11.5644	-8.50656	-4.42787
N66S_A	273	0.564935064935	-11.8424	-11.8621	-5.34039
R8M_A	279	0.558441558442	-11.9437	-11.9003	-3.80779
Y155C_A	286	0.545454545455	-12	-11.6956	-3.36256
K146Y_A	294	0.525974025974	-12.012	-11.6942	-3.92926
L119N_A	303	0.512987012987	-12.4933	-10.6832	-1.76055
L1042Y_C	324	0.465753424658	-11.5753	-8.96134	-2.93109
D145K_A	339	0.5	-10.998	-10.1631	-0.699791
S127Y_A	352	0.493506493506	-10.8953	-10.149	-2.21011
E42F_A	370	0.480519480519	-10.7208	-10.1349	-2.96896
N47E_A	377	0.474025974026	-10.6881	-10.071	-0.81222
N140F_A	387	0.461038961039	-10.7017	-10.0458	-1.81915
I119V_A	400	0.461038961039	-10.5546	-9.8153	-2.92908
F141K_A	409	0.454545454545	-10.5809	-9.83919	-1.03698
Q151T_A	415	0.441558441558	-10.8092	-9.99732	-2.69505
H19M_A	427	0.428571428571	-10.9485	-10.3001	-1.8735
A91Q_A	442	0.428571428571	-10.9458	-10.2989	-2.16439
L4Y_A	458	0.415584415584	-10.9447	-10.2989	-1.14282
R1071T_C	473	0.424657534247	-11.0852	-7.03114	-2.35559
H1047A_C	491	0.41095890411	-11.4165	-7.19899	-3.40004
P146K_A	511	0.415584415584	-11.4167	-10.2643	-1.26299
T52K_A	519	0.402597402597	-11.3677	-10.1538	-4.39451
E131G_A	524	0.383116883117	-11.3692	-10.1556	-0.761509
D1085S_C	534	0.397260273973	-11.3863	-6.74448	-4.2284
E1034Y_C	539	0.369863013699	-11.0017	-9.98855	-3.56751
L125I_A	546	0.37012987013	-11.0103	-9.81319	-2.73549
F87W_A	552	0.37012987013	-11.0099	-9.81361	-2.91006
K32E_A	557	0.363636363636	-10.9921	-9.76641	-2.01
Q156R_A	563	0.357142857143	-10.8614	-9.97228	-2.55763
W68A_A	569	0.357142857143	-10.8244	-9.82522	-2.9322
L104T_A	576	0.350649350649	-10.5713	-9.82799	-2.85267
V1076H_C	581	0.356164383562	-10.572	-7.41117	-3.41634
Y15I_A	604	0.357142857143	-10.6297	-10.052	-2.86029
V99R_A	614	0.357142857143	-10.5917	-10.028	-2.71858
N101G_A	622	0.357142857143	-10.6006	-10.0664	-0.853668
R1070A_C	634	0.328767123288	-10.8347	-7.19523	-2.81653
A96N_A	650	0.350649350649	-10.9267	-10.0471	-1.62087
C3W_A	664	0.344155844156	-10.9151	-10.093	-2.42032
L137Y_A	673	0.344155844156	-10.9274	-9.99191	-1.26469
H1076A_C	688	0.342465753425	-10.7401	-7.21957	-3.13875
Y145W_A	697	0.331168831169	-10.9187	-10.1022	-1.36074
Q1081S_C	706	0.342465753425	-10.915	-7.3487	-2.61918
V4E_A	714	0.324675324675	-10.9307	-9.73358	-3.04762
K1059N_C	723	0.342465753425	-10.5844	-7.22825	-2.69065
V147A_A	735	0.311688311688	-10.736	-10.1396	-0.594682
K146C_A	746	0.311688311688	-10.9495	-10.6377	-1.05097
E1071D_C	758	0.342465753425	-10.9842	-7.37635	-3.03242
V141C_A	768	0.305194805195	-10.5774	-10.24	-2.03732
M112T_A	775	0.305194805195	-10.5399	-10.1992	-2.24709
H87I_A	783	0.298701298701	-10.7776	-10.5016	-1.06927
R106Q_A	793	0.298701298701	-10.8015	-10.5016	-1.10117
A140G_A	799	0.298701298701	-10.8235	-10.3824	-0.574762
H1033N_C	813	0.328767123288	-10.8786	-7.33506	-2.38477
Q126C_A	822	0.298701298701	-10.5235	-10.1968	-2.16627
K139T_A	831	0.298701298701	-10.6061	-10.2551	-0.960564
H91I_A	845	0.298701298701	-10.6	-10.2089	-1.06134
F119R_A	853	0.298701298701	-10.9409	-10.0095	-1.55441
K1080G_C	861	0.301369863014	-11.8542	-6.88143	-4.02647
W61F_A	866	0.285714285714	-12.1528	-10.8271	-2.0607
G32I_A	879	0.279220779221	-12.1232	-10.8207	-1.92785
Q36M_A	886	0.285714285714	-12.2276	-10.9787	-3.33748
W1040P_C	892	0.315068493151	-12.2737	-7.29059	-7.38164
M1038F_C	898	0.315068493151	-12.0243	-7.29061	-9.48777
L1048S_C	905	0.301369863014	-12.0157	-7.2919	-3.64118
G7L_A	921	0.285714285714	-12.2589	-11.0371	-3.12153
T146I_A	928	0.285714285714	-12.2718	-11.0645	-4.31207
V1079L_C	936	0.287671232877	-12.1394	-7.41325	-3.57774
I146G_A	946	0.266233766234	-12.1321	-11.0637	-0.388555
G1082F_C	963	0.27397260274	-12.098	-7.13689	-2.3793
W93K_A	975	0.266233766234	-12.0556	-11.0771	-0.0616104
Y11A_A	985	0.266233766234	-11.9594	-11.0625	-1.32148
Q1043E_C	992	0.27397260274	-11.9723	-6.7633	-4.81099
