name	count	identity	evolved_interaction	ancestral_interaction	stability
A1091N_C	1	0.986301369863	-10.4686	-10.3516	-9.31247
T1043L_C	9	0.972602739726	-10.4815	-10.3351	-10.9134
F137G_A	14	0.954545454545	-11.2525	-11.8455	-21.5678
F1052T_C	19	0.904109589041	-11.9578	-10.2582	-9.25191
K110P_A	24	0.915584415584	-11.6695	-11.9834	-20.0692
L1043P_C	29	0.904109589041	-11.6695	-10.3323	-2.78419
P46G_A	34	0.87012987013	-11.631	-11.8403	-14.4023
A1074V_C	39	0.876712328767	-11.5816	-10.3332	-2.85129
P69V_A	44	0.837662337662	-12.3005	-12.5339	-1.65369
Q1056I_C	52	0.821917808219	-12.4298	-10.186	-4.06909
L1045F_C	59	0.808219178082	-12.4907	-10.1515	-3.68697
Y132T_A	68	0.805194805195	-12.4009	-12.362	-2.59612
S122I_A	87	0.785714285714	-12.3171	-12.3615	-0.883856
Y119Q_A	114	0.766233766234	-11.949	-11.82	0.76202
K1040D_C	194	0.72602739726	-12.1571	-10.5153	-2.19404
K33E_A	209	0.733766233766	-10.6058	-11.7991	-1.00524
T108M_A	214	0.720779220779	-10.6246	-11.7635	-3.31525
D1030M_C	220	0.671232876712	-10.8147	-8.92816	-2.26759
V1074R_C	227	0.657534246575	-10.7553	-8.76249	-1.1108
E101Y_A	235	0.688311688312	-10.5708	-11.6185	-2.67001
N126Y_A	245	0.675324675325	-10.6891	-12.001	-4.09507
W1034K_C	251	0.657534246575	-10.9055	-8.99268	-1.50249
A154I_A	263	0.642857142857	-10.9984	-12.0747	-2.53133
I61V_A	271	0.62987012987	-11.0051	-12.0668	-0.902287
K1047I_C	280	0.616438356164	-11.079	-9.12617	-2.26372
H54V_A	291	0.62987012987	-10.997	-12.1122	-2.66069
V1076M_C	308	0.602739726027	-10.8108	-7.74551	-2.54453
P65A_A	316	0.61038961039	-10.8329	-12.0557	-1.83696
K1034L_C	322	0.575342465753	-10.9548	-7.65497	-2.72495
A43V_A	330	0.597402597403	-10.6196	-12.3585	-1.90738
D145H_A	343	0.590909090909	-10.5224	-12.3363	-1.58863
V149S_A	354	0.577922077922	-10.5262	-12.153	-1.16354
K1025R_C	370	0.561643835616	-10.6034	-7.42436	-2.31747
A1051K_C	382	0.547945205479	-10.5808	-7.4282	-3.71374
S106Q_A	391	0.564935064935	-10.8254	-13.4683	-1.60877
D1075A_C	400	0.520547945205	-10.7249	-7.05489	-2.95437
R1046H_C	406	0.493150684932	-10.7913	-7.29628	-2.82744
P128D_A	415	0.551948051948	-10.8199	-13.1542	-2.86294
M94V_A	427	0.545454545455	-11.2811	-13.2008	-0.797221
A122C_A	438	0.545454545455	-11.6792	-13.1694	-1.45007
A1075R_C	450	0.452054794521	-11.687	-5.819	-1.57686
G111R_A	459	0.538961038961	-11.7196	-12.8665	-3.19041
H83M_A	467	0.525974025974	-10.8828	-12.321	-1.2631
T32W_A	482	0.512987012987	-10.6238	-12.1955	-3.872
P33D_A	490	0.512987012987	-10.631	-12.1221	-2.65836
H42R_A	503	0.506493506494	-10.6334	-12.0737	-1.24271
T31V_A	514	0.506493506494	-10.625	-12.0897	-1.93288
K15F_A	525	0.5	-10.5311	-11.99	-1.21158
I1035M_C	531	0.397260273973	-11.794	-6.10421	-1.30236
N1041M_C	541	0.397260273973	-11.798	-6.13948	-1.27996
Y144M_A	551	0.474025974026	-11.7658	-13.0666	-0.76581
S1080Y_C	561	0.369863013699	-11.6466	-5.12424	-1.0055
L137K_A	566	0.454545454545	-10.4707	-8.60139	-2.74724
K48C_A	572	0.448051948052	-11.6199	-10.2458	-1.66496
V57T_A	579	0.435064935065	-11.3588	-10.2651	-2.29844
K1049V_C	584	0.369863013699	-11.0222	-5.17049	-4.02007
R1064N_C	589	0.342465753425	-10.7476	-4.93427	-1.00648
F129L_A	603	0.422077922078	-10.7282	-10.2118	-2.10079
F1037W_C	616	0.315068493151	-10.762	-4.93273	-1.24669
N52V_A	630	0.415584415584	-10.7599	-10.2707	-1.39314
M1088A_C	638	0.315068493151	-10.5576	-4.78253	-0.713986
F87M_A	653	0.409090909091	-10.5663	-10.4143	-2.48848
K1051R_C	660	0.328767123288	-10.6301	-4.33309	-1.46
P105F_A	668	0.402597402597	-10.5278	-10.0988	-1.37128
E5S_A	682	0.396103896104	-10.3837	-9.84569	-3.8152
K141Q_A	691	0.383116883117	-10.3841	-9.85688	-3.34385
T51Q_A	697	0.376623376623	-10.3845	-9.8579	-5.02927
F105K_A	706	0.37012987013	-10.3672	-9.83748	-2.10382
N1064S_C	713	0.328767123288	-11.6396	-3.36698	-0.184606
T1060F_C	730	0.328767123288	-11.6341	-3.43041	-1.58513
L109C_A	735	0.350649350649	-11.6688	-9.72669	-1.44162
L15F_A	749	0.344155844156	-11.1402	-8.59446	-1.17945
C101R_A	758	0.337662337662	-11.1362	-8.33917	-1.27201
Q8R_A	770	0.337662337662	-11.424	-8.34248	-3.0316
W40V_A	779	0.344155844156	-11.2586	-8.34813	-3.53086
F1086N_C	784	0.328767123288	-10.8893	-1.93742	-1.11915
P100V_A	792	0.344155844156	-10.8996	-8.32638	-1.2782
T132R_A	809	0.344155844156	-10.839	-8.37321	-1.75778
K1054H_C	819	0.287671232877	-12.4346	-4.03509	0.0537793
H145Q_A	840	0.337662337662	-12.4847	-9.40853	-1.95488
D37L_A	849	0.318181818182	-12.6855	-9.33954	-2.34575
Y1025L_C	869	0.287671232877	-12.7868	-5.13314	0.432313
N102K_A	894	0.324675324675	-11.9665	-9.51692	-1.79273
Q51M_A	904	0.318181818182	-11.9276	-9.36069	-1.4303
E1075H_C	911	0.27397260274	-11.8324	-5.39253	-2.15794
V52E_A	919	0.331168831169	-11.6205	-9.63786	-2.05903
A10Q_A	926	0.337662337662	-12.2477	-9.10517	-2.09455
D131G_A	943	0.337662337662	-12.4828	-9.25931	-4.9752
R50T_A	951	0.331168831169	-12.6677	-9.44738	-1.25028
C11T_A	968	0.331168831169	-12.5992	-9.42086	-3.70342
S1034W_C	975	0.287671232877	-12.6266	-6.11882	-1.29085
L1074V_C	982	0.301369863014	-12.5859	-6.11371	-1.82505
A65L_A	990	0.331168831169	-12.5721	-9.30879	-2.78749
M150F_A	999	0.337662337662	-12.6424	-9.37286	-2.17949
