name	count	identity	evolved_interaction	ancestral_interaction	stability
F1036N_C	1	0.986301369863	-10.3986	-10.4208	-7.66841
S35L_A	8	0.967532467532	-10.5484	-10.4812	-20.2133
S70Y_A	14	0.941558441558	-10.5385	-10.5581	-3.20318
E42W_A	28	0.922077922078	-10.4046	-10.5527	-0.83281
D121Q_A	40	0.902597402597	-10.4155	-10.5597	-2.54459
Q117C_A	51	0.88961038961	-11.1753	-10.6871	-1.09824
A106F_A	61	0.87012987013	-11.1292	-10.6661	-2.4655
H1042V_C	66	0.86301369863	-11.033	-10.9563	-5.68682
N124K_A	79	0.831168831169	-11.127	-10.727	-3.3548
L1081N_C	89	0.835616438356	-11.1179	-10.9996	-3.95155
N98Q_A	95	0.785714285714	-11.1676	-10.8674	-4.50246
E1079R_C	100	0.794520547945	-10.7336	-11.1282	-5.76181
K1053S_C	106	0.780821917808	-10.7155	-10.9123	-7.47972
M1049A_C	115	0.753424657534	-10.7234	-10.8571	-4.79528
W1036K_C	125	0.753424657534	-11.2278	-11.7822	-4.60872
V29R_A	132	0.746753246753	-11.201	-10.6001	-1.80611
M33H_A	138	0.746753246753	-11.2179	-10.5869	-2.70749
S1030P_C	144	0.712328767123	-11.3364	-11.9517	-1.5473
P78F_A	150	0.707792207792	-11.3401	-10.4481	-4.42095
K153N_A	158	0.675324675325	-11.3086	-10.3335	-2.80202
D1080K_C	165	0.684931506849	-11.34	-12.0882	-2.65869
S1053N_C	179	0.657534246575	-11.4573	-12.1098	-2.93398
T145E_A	185	0.642857142857	-11.4351	-10.4022	-2.57622
L149Q_A	198	0.616883116883	-11.2934	-10.6182	-4.59076
W62I_A	210	0.597402597403	-11.5823	-10.86	-2.72417
G59P_A	217	0.597402597403	-11.352	-10.8602	-4.16158
P1093Q_C	225	0.58904109589	-12.0576	-11.6262	-1.09262
T8D_A	234	0.584415584416	-11.5466	-10.7519	-1.71326
I1034M_C	242	0.575342465753	-11.8325	-11.0416	-1.59672
Y144W_A	248	0.545454545455	-11.9851	-10.9082	-2.756
S66M_A	258	0.532467532468	-12.0373	-10.7847	-3.65707
C64K_A	266	0.532467532468	-11.9852	-11.082	-1.8758
F78L_A	282	0.519480519481	-10.6241	-11.1161	-3.26235
L150T_A	291	0.5	-10.601	-10.8556	-2.32076
V148L_A	302	0.493506493506	-10.5905	-10.8687	-3.36361
T18S_A	309	0.493506493506	-10.5223	-10.8861	-2.87231
W1046L_C	316	0.547945205479	-10.5874	-10.0684	-1.51353
M68C_A	329	0.474025974026	-10.9602	-11.0301	-1.63602
T115M_A	336	0.461038961039	-10.5227	-10.907	-4.40613
R35Y_A	341	0.454545454545	-10.411	-10.7962	-1.81456
Y4E_A	352	0.448051948052	-10.5389	-11.2616	-2.03779
L44M_A	366	0.448051948052	-10.6247	-11.3893	-2.88288
P21K_A	372	0.448051948052	-10.5985	-11.3499	-2.24939
A1059D_C	381	0.534246575342	-11.4446	-9.31946	-2.6094
P1044V_C	390	0.506849315068	-12.4008	-9.90458	-2.88311
Y153A_A	401	0.435064935065	-12.1122	-10.0171	-1.03667
I1060R_C	416	0.493150684932	-12.1232	-10.0619	-1.07501
K10I_A	428	0.415584415584	-11.7378	-9.46475	-0.612801
D1059L_C	443	0.465753424658	-11.2523	-10.0942	-0.801654
S98C_A	456	0.409090909091	-11.3191	-9.22511	-2.13705
W154P_A	463	0.422077922078	-11.4008	-9.05658	-2.11683
R127S_A	470	0.428571428571	-11.4012	-9.0353	-0.865046
V74N_A	482	0.428571428571	-11.3078	-9.24732	-3.48106
D1061Y_C	490	0.424657534247	-11.9162	-9.99556	-1.32099
W40M_A	499	0.409090909091	-11.4134	-9.7265	-1.89335
I126W_A	504	0.402597402597	-11.4707	-9.78873	-1.35067
W1042Q_C	512	0.41095890411	-11.4705	-9.57082	-2.16038
G1092D_C	524	0.41095890411	-11.5973	-9.49	-2.43316
D1043F_C	536	0.41095890411	-11.7005	-9.35306	-3.75072
Y1061N_C	545	0.397260273973	-11.5012	-9.03654	-3.32451
N146L_A	580	0.396103896104	-12.559	-10.168	-4.8304
F137L_A	587	0.38961038961	-12.8818	-10.1289	-4.64042
R1060V_C	592	0.383561643836	-12.8809	-9.36797	-4.97901
M1079W_C	599	0.369863013699	-12.9198	-9.3532	-1.134
V1060C_C	606	0.369863013699	-12.9168	-9.35383	-0.593726
S108A_A	623	0.383116883117	-12.9475	-10.2052	-1.42675
D124G_A	633	0.37012987013	-10.7961	-7.22533	-1.62324
V91Y_A	644	0.376623376623	-10.8455	-7.56192	-1.82864
C1060Q_C	652	0.383561643836	-10.8635	-9.38374	-2.54184
R8T_A	659	0.363636363636	-11.2665	-7.40357	-0.725135
R1064C_C	673	0.369863013699	-10.9942	-9.45693	-3.09262
M128E_A	678	0.363636363636	-11.041	-7.88491	-6.23626
Q1030C_C	686	0.369863013699	-11.1237	-9.06342	-1.18067
P110I_A	694	0.350649350649	-11.2641	-6.60604	-1.30115
R1038E_C	700	0.369863013699	-11.4045	-9.29005	-1.07521
H1023W_C	706	0.356164383562	-11.4206	-9.29432	-1.78686
C19M_A	712	0.331168831169	-11.5051	-7.03203	-1.83655
W91P_A	720	0.324675324675	-11.4764	-6.67432	-0.43033
V122M_A	726	0.324675324675	-11.4995	-6.63991	-6.54182
W53G_A	734	0.318181818182	-11.4822	-6.52828	-3.0015
T1077M_C	745	0.328767123288	-11.4804	-9.53382	-2.44891
V87R_A	754	0.298701298701	-10.7219	-7.56833	-2.57261
I18T_A	761	0.298701298701	-10.7402	-7.82039	-2.46499
M36C_A	769	0.292207792208	-10.5933	-6.81617	-1.45344
C35G_A	780	0.292207792208	-10.5105	-6.80753	-1.55877
C112H_A	794	0.292207792208	-10.5452	-7.01001	-1.24619
N1050H_C	806	0.301369863014	-10.5534	-9.74046	-1.74334
R1055T_C	816	0.287671232877	-10.5601	-9.77677	-1.9257
C1030L_C	827	0.287671232877	-10.4473	-9.35331	-1.27646
A1083N_C	842	0.27397260274	-10.4958	-9.45177	-2.48909
T1058K_C	858	0.27397260274	-10.5653	-9.53635	-2.70406
G1081K_C	871	0.27397260274	-10.5426	-9.04058	-7.18571
E79G_A	879	0.298701298701	-12.0001	-7.38023	-2.18304
A133K_A	884	0.298701298701	-12.0635	-10.0889	-1.94924
I113V_A	893	0.298701298701	-11.0245	-9.86363	-2.34185
W33C_A	902	0.305194805195	-10.8442	-9.57197	-1.49171
R1023T_C	912	0.260273972603	-10.7446	-8.77408	-1.76042
L37K_A	919	0.292207792208	-10.5941	-9.61544	-3.18691
P1073F_C	927	0.246575342466	-10.5964	-8.49579	-2.06324
G79I_A	934	0.285714285714	-10.6101	-9.82054	-4.45165
P132L_A	942	0.279220779221	-10.5981	-9.72253	-1.34787
D1082R_C	961	0.232876712329	-10.863	-8.05871	-1.25486
W14E_A	966	0.279220779221	-11.0177	-9.16884	-1.47675
S3N_A	983	0.272727272727	-11.1047	-9.1264	-2.74358
M78Y_A	996	0.272727272727	-11.7997	-9.20472	-2.28946
