name	count	identity	interface_identity	non_interface_identity	evolved_interaction	ancestral_interaction	stability
G1057K_C	1	0.986301369863	1.0	0.980392156863	-10.4951	-10.3784	-7.04427
Y64K_A	6	0.974025974026	0.947368421053	0.977777777778	-10.9683	-11.0946	-22.3892
S138W_A	11	0.954545454545	0.947368421053	0.955555555556	-10.9102	-11.1602	-23.475
R1093P_C	16	0.931506849315	0.954545454545	0.921568627451	-10.7073	-10.2705	-8.70775
L94A_A	22	0.902597402597	0.947368421053	0.896296296296	-10.6788	-10.9449	-12.0825
P84R_A	27	0.883116883117	0.894736842105	0.881481481481	-10.7941	-10.9761	-4.96709
E152A_A	35	0.876623376623	0.894736842105	0.874074074074	-10.8111	-11.0075	-7.76827
M1094E_C	41	0.876712328767	0.954545454545	0.843137254902	-10.722	-10.2652	-6.44999
D100V_A	46	0.844155844156	0.894736842105	0.837037037037	-11.3331	-11.2726	-6.80894
E11Y_A	52	0.811688311688	0.842105263158	0.807407407407	-11.3898	-11.0546	-2.09765
K155R_A	61	0.798701298701	0.833333333333	0.794117647059	-10.7539	-11.0953	-2.83047
V57L_A	71	0.772727272727	0.833333333333	0.764705882353	-10.6936	-11.0026	-2.13915
V122I_A	78	0.772727272727	0.833333333333	0.764705882353	-10.633	-11.0087	-1.98078
T1064W_C	89	0.753424657534	0.954545454545	0.666666666667	-10.679	-10.0559	-2.7556
K71T_A	100	0.746753246753	0.833333333333	0.735294117647	-10.6847	-10.9977	-1.3851
Q88G_A	105	0.74025974026	0.833333333333	0.727941176471	-10.405	-10.456	-1.11524
L4R_A	117	0.733766233766	0.888888888889	0.713235294118	-12.4431	-10.4496	-1.08733
L1066A_C	122	0.698630136986	0.863636363636	0.627450980392	-12.3382	-11.4128	-1.05494
A129Y_A	130	0.694805194805	0.888888888889	0.669117647059	-12.3675	-10.5046	-2.89877
Y87A_A	140	0.668831168831	0.833333333333	0.647058823529	-10.6162	-9.18177	-1.34988
W1064T_C	159	0.684931506849	0.863636363636	0.607843137255	-10.7296	-11.5648	-2.15095
R1055E_C	168	0.671232876712	0.863636363636	0.588235294118	-10.5602	-11.556	-3.42111
A106N_A	174	0.623376623377	0.722222222222	0.610294117647	-10.5227	-9.11228	-3.72708
I1072T_C	181	0.657534246575	0.863636363636	0.56862745098	-10.5325	-11.5598	-3.09134
E99M_A	195	0.590909090909	0.722222222222	0.573529411765	-10.5329	-9.21703	-2.84151
E137S_A	203	0.571428571429	0.722222222222	0.551470588235	-10.5213	-9.21862	-6.20493
S70Q_A	211	0.558441558442	0.722222222222	0.536764705882	-11.7655	-9.44282	-4.75332
E38C_A	222	0.558441558442	0.722222222222	0.536764705882	-11.7608	-9.48482	-2.2069
G89T_A	235	0.545454545455	0.764705882353	0.518248175182	-12.5049	-9.80287	-1.168
E1094I_C	251	0.602739726027	0.869565217391	0.48	-12.4525	-11.6836	-2.48847
G1056Y_C	263	0.575342465753	0.782608695652	0.48	-12.0633	-11.3582	-1.28148
C1042E_C	275	0.575342465753	0.782608695652	0.48	-12.0447	-11.3883	-1.58603
E1042Q_C	288	0.561643835616	0.739130434783	0.48	-11.7962	-11.3205	-1.8543
N1075I_C	302	0.561643835616	0.739130434783	0.48	-11.8623	-11.3804	-2.29717
P1023C_C	309	0.547945205479	0.695652173913	0.48	-11.7815	-11.2615	-2.00904
K1062R_C	316	0.534246575342	0.652173913043	0.48	-11.3639	-10.9132	-2.50014
G44E_A	331	0.525974025974	0.684210526316	0.503703703704	-12.4045	-10.6412	-3.24855
T1066E_C	340	0.493150684932	0.6	0.4375	-10.6114	-9.2203	-1.38188
S3E_A	351	0.506493506494	0.684210526316	0.481481481481	-10.5919	-10.8548	-1.89836
I1094K_C	360	0.465753424658	0.6	0.395833333333	-10.6157	-9.25087	-2.78953
L149M_A	371	0.487012987013	0.684210526316	0.459259259259	-10.6115	-10.816	-0.659518
L1055K_C	379	0.465753424658	0.6	0.395833333333	-10.6125	-9.21462	-1.81781
A79S_A	387	0.474025974026	0.684210526316	0.444444444444	-10.6341	-10.8449	-3.36453
P65C_A	394	0.467532467532	0.684210526316	0.437037037037	-10.6256	-10.7828	-0.399744
Q1046F_C	406	0.479452054795	0.6	0.416666666667	-10.6247	-9.19299	-2.39524
A151M_A	413	0.474025974026	0.684210526316	0.444444444444	-10.9903	-11.4619	-8.39315
V109M_A	419	0.467532467532	0.684210526316	0.437037037037	-11.2153	-11.0496	-4.11539
S1036C_C	437	0.465753424658	0.6	0.395833333333	-11.2125	-9.33205	-1.02368
D31M_A	448	0.448051948052	0.684210526316	0.414814814815	-11.2284	-10.7123	-2.25802
T4D_A	459	0.448051948052	0.684210526316	0.414814814815	-11.1527	-10.6658	-0.892661
E1059I_C	468	0.465753424658	0.583333333333	0.408163265306	-11.153	-9.28588	-2.11516
H144Y_A	481	0.454545454545	0.684210526316	0.422222222222	-10.8651	-11.0491	-3.00242
N126R_A	487	0.448051948052	0.684210526316	0.414814814815	-10.8651	-10.6103	-3.17367
E1075N_C	494	0.452054794521	0.541666666667	0.408163265306	-11.0242	-8.90579	-1.63844
K128Q_A	499	0.435064935065	0.684210526316	0.4	-11.0242	-11.1812	-1.006
A115W_A	510	0.435064935065	0.684210526316	0.4	-10.8432	-11.5636	-2.32553
E1079R_C	516	0.41095890411	0.541666666667	0.34693877551	-10.457	-8.6868	-1.4359
R112Q_A	523	0.428571428571	0.7	0.388059701493	-11.3167	-10.8505	-8.04957
C1036Y_C	530	0.41095890411	0.56	0.333333333333	-11.6634	-9.51309	-2.84416
N142H_A	537	0.415584415584	0.666666666667	0.375939849624	-12.3075	-11.0328	-0.919297
C1025A_C	546	0.41095890411	0.56	0.333333333333	-12.635	-10.1638	-4.50242
R1054D_C	560	0.41095890411	0.541666666667	0.34693877551	-12.2657	-9.62541	-1.76759
N1053L_C	567	0.41095890411	0.541666666667	0.34693877551	-12.0479	-9.25497	-4.72922
L1076Y_C	584	0.397260273973	0.5	0.34693877551	-11.9615	-9.46094	-4.64382
W147F_A	596	0.396103896104	0.666666666667	0.353383458647	-10.8612	-10.0169	-0.970307
E36I_A	611	0.38961038961	0.666666666667	0.345864661654	-11.6582	-10.3857	-1.05986
A1091I_C	622	0.356164383562	0.458333333333	0.30612244898	-11.6529	-9.05102	-3.1727
N78L_A	629	0.383116883117	0.666666666667	0.338345864662	-11.4284	-10.181	-1.64601
W52K_A	637	0.376623376623	0.666666666667	0.330827067669	-10.8546	-10.197	-4.02945
P132R_A	647	0.363636363636	0.666666666667	0.315789473684	-10.844	-10.3014	-0.811001
F30P_A	658	0.37012987013	0.666666666667	0.323308270677	-10.8144	-10.3214	-1.36219
F1073R_C	665	0.342465753425	0.478260869565	0.28	-10.6472	-8.77198	-2.00124
C1047P_C	674	0.342465753425	0.478260869565	0.28	-10.7788	-8.47858	-2.55115
Q61Y_A	688	0.357142857143	0.666666666667	0.308270676692	-10.5613	-10.2223	-0.965585
H20K_A	697	0.350649350649	0.619047619048	0.308270676692	-10.9681	-9.87271	-2.14462
R1055G_C	704	0.328767123288	0.478260869565	0.26	-10.9025	-7.41773	-2.48259
R1043I_C	711	0.315068493151	0.478260869565	0.24	-10.9028	-7.37224	-2.97944
R126G_A	718	0.357142857143	0.619047619048	0.315789473684	-10.8725	-9.85819	-1.60389
V50I_A	729	0.363636363636	0.619047619048	0.323308270677	-10.8725	-9.83776	-3.28179
P123R_A	735	0.357142857143	0.619047619048	0.315789473684	-11.1349	-9.86164	-0.881365
I1059D_C	745	0.315068493151	0.478260869565	0.24	-11.1286	-7.9703	-2.44088
Y111K_A	753	0.344155844156	0.571428571429	0.308270676692	-10.6151	-9.32027	-3.27461
C27V_A	762	0.337662337662	0.571428571429	0.300751879699	-11.0589	-9.63812	-6.68231
Q112W_A	768	0.331168831169	0.52380952381	0.300751879699	-10.9975	-9.56488	-3.16445
T1040E_C	779	0.315068493151	0.478260869565	0.24	-11.0601	-8.13291	-5.52762
F50A_A	786	0.324675324675	0.52380952381	0.293233082707	-11.0601	-9.77813	-2.28319
Y1056K_C	801	0.315068493151	0.478260869565	0.24	-11.028	-8.22715	-2.27795
R63H_A	810	0.318181818182	0.5	0.291044776119	-11.0278	-9.55718	-1.80194
Q117R_A	816	0.311688311688	0.5	0.283582089552	-10.8233	-10.2294	-3.34259
Y71M_A	823	0.298701298701	0.5	0.268656716418	-10.8554	-10.246	-2.49127
K48C_A	833	0.285714285714	0.5	0.253731343284	-10.9606	-10.4319	-1.46761
H104K_A	845	0.285714285714	0.5	0.253731343284	-10.9734	-10.3687	-1.37421
F134E_A	852	0.285714285714	0.5	0.253731343284	-10.9551	-10.2866	-2.55452
G126W_A	860	0.292207792208	0.5	0.261194029851	-11.0292	-10.3401	-6.19998
Q130M_A	865	0.292207792208	0.5	0.261194029851	-11.737	-10.4021	-4.79038
R139W_A	870	0.285714285714	0.5	0.253731343284	-12.1192	-10.3312	-0.776899
C60L_A	882	0.285714285714	0.529411764706	0.255474452555	-11.8273	-10.4674	-1.34784
G1095Q_C	891	0.315068493151	0.521739130435	0.22	-11.5549	-9.4555	-4.22888
F1023W_C	897	0.315068493151	0.521739130435	0.22	-11.461	-9.99334	-3.60087
S51N_A	907	0.279220779221	0.5	0.25	-11.6115	-9.75224	-3.12151
I145W_A	915	0.279220779221	0.5	0.25	-11.634	-9.89064	-3.34546
E49H_A	921	0.266233766234	0.5	0.235294117647	-11.6696	-10.3226	-1.09913
N1086G_C	929	0.301369863014	0.478260869565	0.22	-11.3352	-9.37174	-2.21253
V15L_A	940	0.266233766234	0.5	0.235294117647	-11.2779	-10.3035	-2.84848
N1079I_C	946	0.301369863014	0.478260869565	0.22	-11.3283	-9.40905	-3.6989
M1042L_C	953	0.301369863014	0.478260869565	0.22	-11.325	-9.49508	-3.22364
Q1051M_C	960	0.301369863014	0.478260869565	0.22	-11.2798	-9.27489	-4.76088
P28E_A	967	0.246753246753	0.444444444444	0.220588235294	-10.8129	-9.44571	-0.824234
W126Y_A	972	0.246753246753	0.444444444444	0.220588235294	-10.8347	-9.41015	-0.644721
M155L_A	982	0.246753246753	0.444444444444	0.220588235294	-10.6451	-9.4246	-2.00758
P105K_A	991	0.24025974026	0.444444444444	0.213235294118	-10.6977	-9.4248	-1.79531
Y29S_A	997	0.24025974026	0.444444444444	0.213235294118	-10.6988	-9.42512	0.134631
