name	count	identity	evolved_interaction	ancestral_interaction	stability
A43F_A	1	0.993506493506	-10.5089	-10.5123	-16.0928
A79M_A	9	0.967532467532	-10.5049	-10.5304	-15.7797
P128K_A	15	0.941558441558	-10.871	-11.0194	-10.2807
R1064A_C	20	0.958904109589	-10.6832	-9.98861	-4.18439
K1041P_C	30	0.917808219178	-12.4561	-9.78249	-8.82091
A32W_A	38	0.883116883117	-12.8389	-12.6668	-2.80848
S70M_A	43	0.87012987013	-12.8084	-12.6795	-6.36627
A142F_A	49	0.857142857143	-13.7376	-12.4577	-3.4479
L97E_A	56	0.831168831169	-13.9987	-12.6845	-2.89352
L6T_A	62	0.824675324675	-12.3552	-12.7051	-8.02006
Q154T_A	68	0.798701298701	-12.9661	-12.1794	-2.55579
T6W_A	73	0.792207792208	-14.2008	-12.1226	-6.33867
N124F_A	78	0.772727272727	-14.0878	-12.2735	-4.51005
S1032I_C	83	0.780821917808	-14.9002	-10.7085	-3.00906
R1047S_C	89	0.753424657534	-14.827	-10.6047	-2.16391
A54R_A	94	0.733766233766	-14.5587	-12.8907	-6.68408
E1094N_C	101	0.698630136986	-10.7711	-10.475	-2.67057
G1064H_C	111	0.698630136986	-11.8112	-10.3495	-3.45776
E1059C_C	129	0.671232876712	-11.9754	-10.5022	-2.37448
L119Q_A	140	0.688311688312	-11.9765	-10.9929	-1.05193
M135S_A	150	0.668831168831	-11.4515	-10.9725	-0.711724
T51M_A	161	0.655844155844	-11.7018	-11.1736	-0.876184
R104K_A	172	0.636363636364	-11.7278	-11.1734	-1.76593
A106W_A	179	0.62987012987	-11.9233	-11.202	-2.19973
A129V_A	185	0.616883116883	-12.0161	-10.8671	-3.60667
A1053G_C	190	0.602739726027	-11.2855	-10.3793	-1.37312
I1081H_C	201	0.602739726027	-11.0776	-10.2138	-1.77234
R102F_A	211	0.590909090909	-11.2678	-11.267	-1.59182
K40C_A	223	0.564935064935	-11.3587	-11.2758	-3.27137
P87A_A	228	0.558441558442	-10.7969	-11.3173	-4.65137
F1036A_C	236	0.602739726027	-10.7055	-9.6045	-1.13118
Q65I_A	256	0.538961038961	-10.7116	-11.1578	-1.86631
F45H_A	268	0.532467532468	-10.4681	-10.7081	-1.45289
V75R_A	274	0.525974025974	-10.4594	-10.6959	-1.72656
M93D_A	284	0.525974025974	-10.8885	-11.0761	-0.91044
Q1064Y_C	300	0.58904109589	-10.8885	-9.60764	-2.78089
A20K_A	308	0.512987012987	-12.7847	-12.3414	-3.01388
K141F_A	315	0.5	-12.8173	-12.3433	-3.564
A1074M_C	321	0.547945205479	-12.6166	-9.60557	-3.47962
E79K_A	327	0.480519480519	-12.6452	-12.383	-3.89863
L4N_A	343	0.474025974026	-12.6389	-12.3606	-3.18026
S122N_A	350	0.461038961039	-12.55	-12.3841	-5.18019
L1035H_C	356	0.534246575342	-12.3951	-9.40867	-1.07068
I65Y_A	372	0.448051948052	-12.8185	-12.288	-1.61046
D1061A_C	386	0.520547945205	-12.493	-9.56118	-2.61968
G116L_A	394	0.448051948052	-12.4942	-12.2766	-3.78123
P6M_A	399	0.435064935065	-12.6542	-13.5249	-1.07516
E12A_A	406	0.435064935065	-12.6033	-13.8197	-1.74748
Q1062H_C	415	0.479452054795	-11.6313	-4.47375	-2.71204
Y155H_A	424	0.415584415584	-12.9143	-12.9741	-2.56217
I1024L_C	433	0.452054794521	-12.824	-3.49774	-2.50278
K76A_A	440	0.409090909091	-13.2966	-13.3525	-2.43702
R1093H_C	449	0.438356164384	-13.8268	-3.98261	-2.90689
E42V_A	458	0.409090909091	-14.1343	-13.9637	-2.51915
P46N_A	463	0.402597402597	-14.14	-13.7352	-1.90373
Q130A_A	470	0.396103896104	-15.0464	-13.7471	-3.21205
Y58M_A	475	0.383116883117	-15.0645	-13.749	-2.65654
D1046I_C	481	0.41095890411	-15.0785	-5.60321	-1.76389
D1041V_C	490	0.397260273973	-14.8218	-5.54933	-1.68246
H1062R_C	496	0.397260273973	-14.7699	-5.5574	-3.81509
G1043L_C	503	0.397260273973	-14.5854	-5.53377	-6.02767
M1095R_C	511	0.397260273973	-14.9236	-5.99143	-5.65394
C59M_A	518	0.376623376623	-10.8623	-10.7329	-4.66392
M6R_A	524	0.376623376623	-10.9679	-10.5322	-1.10214
V42Q_A	537	0.376623376623	-10.9515	-10.5029	-0.967148
R17M_A	547	0.37012987013	-11.4061	-9.49426	-3.28629
W54N_A	555	0.357142857143	-11.1507	-9.46793	-2.52555
C1039E_C	563	0.315068493151	-11.2057	-3.86955	-2.13688
R6W_A	578	0.344155844156	-11.1996	-9.43368	-2.93055
W1064F_C	594	0.301369863014	-11.2709	-4.86247	-2.39922
L104R_A	606	0.357142857143	-11.9795	-9.45662	-4.13453
W99V_A	614	0.350649350649	-11.9343	-10.2654	-2.59546
I71Y_A	625	0.344155844156	-11.7243	-8.96599	-1.2696
C1077L_C	641	0.342465753425	-11.6317	-4.64811	-4.00528
K145Q_A	656	0.344155844156	-11.6925	-9.40879	-1.51161
V27Q_A	665	0.344155844156	-11.0093	-9.36625	-1.38233
D89K_A	674	0.344155844156	-10.9217	-9.36381	-2.25445
W136Q_A	692	0.344155844156	-10.8681	-10.1323	-1.50162
K1038R_C	705	0.315068493151	-10.7497	-4.29127	-1.60557
C99K_A	714	0.331168831169	-10.7542	-9.28201	-3.15172
M1029L_C	728	0.301369863014	-10.9888	-4.27976	-2.31957
W6S_A	737	0.324675324675	-11.3304	-8.07125	-2.67411
S60I_A	755	0.324675324675	-11.335	-7.81008	-1.27893
C1087Q_C	765	0.287671232877	-10.6832	-9.76166	-1.9827
T55G_A	773	0.331168831169	-10.7218	-8.29936	-6.79859
W103G_A	779	0.318181818182	-10.7928	-8.39246	-1.86532
D1047S_C	795	0.27397260274	-10.87	-9.75519	-2.30099
G139M_A	803	0.311688311688	-11.5139	-9.50874	-3.21166
R1061I_C	815	0.27397260274	-11.6161	-9.07392	-3.3793
D7S_A	828	0.305194805195	-11.6467	-9.65318	-3.49347
A12H_A	833	0.305194805195	-10.9805	-9.65318	-2.88137
R100L_A	842	0.305194805195	-11.2313	-9.64371	-3.14175
H32D_A	865	0.298701298701	-11.3788	-9.61566	-2.67259
N1043K_C	874	0.260273972603	-11.4009	-8.79314	-1.78428
A1036K_C	882	0.260273972603	-11.1222	-8.80066	-1.38339
G93N_A	889	0.292207792208	-11.1154	-8.87276	-3.2102
I51Y_A	903	0.285714285714	-11.1407	-8.93073	-3.13475
L1046Q_C	909	0.246575342466	-10.9805	-9.0763	-2.06119
V29A_A	926	0.285714285714	-11.274	-8.89319	-2.01075
S130F_A	934	0.292207792208	-11.2476	-8.84081	-4.74181
F106E_A	939	0.292207792208	-11.1661	-8.84116	-4.8916
L1054F_C	946	0.246575342466	-10.7966	-8.61621	-1.3328
S8R_A	961	0.298701298701	-10.7676	-9.75408	-2.57822
M19N_A	974	0.298701298701	-11.0546	-10.3095	-2.17626
D1094V_C	986	0.246575342466	-11.2434	-8.78282	-3.15975
