name	count	identity	evolved_interaction	ancestral_interaction	stability
L150H_A	1	0.993506493506	-10.4946	-10.5196	-25.1618
N130I_A	9	0.967532467532	-10.5912	-10.5947	-23.5966
I92D_A	17	0.948051948052	-10.3853	-10.3387	-14.4081
K1058M_C	24	0.958904109589	-10.494	-10.6002	-5.74849
D1080N_C	29	0.931506849315	-10.8114	-10.6711	-6.42366
D118G_A	35	0.883116883117	-10.8093	-10.4859	-2.2487
D145Q_A	47	0.850649350649	-11.0812	-10.7606	-2.49564
Y87S_A	60	0.824675324675	-10.8659	-10.7614	-5.3786
S87A_A	68	0.805194805195	-10.9194	-10.821	-5.67876
Y144Q_A	74	0.779220779221	-11.0785	-11.2793	-6.12301
Y68M_A	166	0.75974025974	-11.2928	-11.4375	-1.33851
A106N_A	172	0.733766233766	-11.31	-11.4236	-1.62965
T150D_A	183	0.720779220779	-11.4681	-11.1454	-1.8562
K48N_A	193	0.701298701299	-11.4693	-11.1229	-1.22247
S128P_A	208	0.714285714286	-11.7333	-11.4272	-3.23109
Y124K_A	214	0.701298701299	-12.8433	-12.71	-3.62947
N1080E_C	221	0.808219178082	-12.5673	-11.279	-1.32979
P78C_A	230	0.681818181818	-12.932	-12.2884	-1.15899
L97I_A	237	0.675324675325	-11.3851	-12.2931	-4.47618
T61L_A	250	0.655844155844	-11.2518	-12.2647	-4.22469
N66W_A	261	0.642857142857	-11.2438	-12.2651	-2.07875
D1085L_C	267	0.739726027397	-11.0932	-9.96953	-1.52578
T1077C_C	277	0.712328767123	-11.3218	-10.0292	-2.22836
T1043M_C	287	0.671232876712	-10.6587	-9.31516	-4.88682
K142M_A	298	0.616883116883	-10.5121	-11.8907	-2.7446
A1051C_C	306	0.630136986301	-10.4543	-9.47558	-2.91432
E1059N_C	314	0.58904109589	-11.214	-9.24166	-2.93145
C1025W_C	322	0.575342465753	-11.2657	-8.61719	-3.75758
L1062A_C	328	0.561643835616	-11.374	-8.80064	-3.92785
D1030V_C	333	0.547945205479	-11.4832	-9.13406	-3.12403
E1074W_C	344	0.534246575342	-11.452	-9.1125	-1.32532
T4D_A	363	0.577922077922	-11.436	-11.9699	-1.93086
N32T_A	376	0.577922077922	-10.9211	-11.9694	-1.53008
D37E_A	384	0.551948051948	-10.9284	-11.9896	-4.98932
N1042Y_C	390	0.520547945205	-10.931	-8.93539	-2.49605
M36K_A	401	0.525974025974	-11.0131	-12.5077	-1.18362
M1085A_C	415	0.520547945205	-11.0273	-9.54315	-1.87765
E78H_A	420	0.525974025974	-10.8094	-12.6603	-3.71914
T51S_A	426	0.506493506494	-10.7998	-12.6888	-2.11959
W64R_A	434	0.506493506494	-10.9111	-12.6949	-5.67519
A106D_A	444	0.480519480519	-10.944	-12.2173	-3.32731
I1024K_C	450	0.506849315068	-10.8425	-9.35922	-1.58592
I1023C_C	458	0.493150684932	-10.8896	-9.3369	-1.31762
W132Y_A	469	0.461038961039	-10.886	-12.6295	-2.4132
E135H_A	478	0.448051948052	-11.1339	-12.3301	-2.07432
K1024F_C	489	0.506849315068	-11.3785	-8.70514	-1.52617
R138C_A	495	0.422077922078	-11.3515	-12.6125	-1.15689
P69C_A	509	0.422077922078	-11.3069	-13.1188	-2.95001
A1091D_C	514	0.479452054795	-11.431	-8.67103	-1.62043
V1030A_C	520	0.493150684932	-11.2407	-8.49679	-2.00937
I50Y_A	528	0.409090909091	-10.9058	-12.857	-4.86773
H52I_A	533	0.409090909091	-10.8621	-12.4367	-4.13782
Y1093H_C	538	0.479452054795	-11.2421	-8.3886	-2.31653
N98E_A	550	0.402597402597	-11.2441	-12.4446	-1.81089
E110P_A	556	0.396103896104	-11.3141	-13.0287	-5.06261
P128N_A	564	0.38961038961	-10.5929	-12.8923	-4.50719
H1093V_C	572	0.479452054795	-10.6449	-8.31661	-1.46965
I129Q_A	580	0.38961038961	-10.9724	-12.8736	-3.03114
H63G_A	585	0.38961038961	-11.5581	-12.9472	-2.12457
F8Y_A	593	0.402597402597	-11.4527	-13.0033	-2.29666
N146V_A	600	0.396103896104	-11.4541	-13.0199	-2.7908
R1059V_C	615	0.438356164384	-11.4613	-9.38183	-2.20113
E66I_A	622	0.396103896104	-11.9987	-13.0313	-2.02148
N150T_A	628	0.38961038961	-11.9987	-13.0224	-1.78293
A1062K_C	643	0.41095890411	-11.186	-9.85504	-1.8047
F1094H_C	657	0.41095890411	-11.0537	-9.67483	-1.15385
I49V_A	670	0.363636363636	-11.0057	-13.1196	-1.64425
S136Q_A	683	0.363636363636	-11.0155	-13.1198	-1.28044
C105I_A	704	0.363636363636	-10.8559	-12.5156	-2.69905
C1023A_C	716	0.397260273973	-11.0805	-9.88442	-0.998476
T29W_A	725	0.363636363636	-11.0866	-11.4678	-5.28043
R147Y_A	733	0.363636363636	-11.0859	-11.4673	-4.81198
E12N_A	742	0.37012987013	-11.1437	-11.5382	-3.72932
L35A_A	752	0.37012987013	-11.203	-11.5912	-5.57248
L1038W_C	760	0.369863013699	-11.287	-9.84035	-1.33719
Q88L_A	769	0.363636363636	-11.2926	-11.4196	-2.93319
M10C_A	777	0.363636363636	-11.2926	-11.3736	-1.20517
K40L_A	783	0.357142857143	-11.32	-11.5614	-2.52808
N12V_A	790	0.350649350649	-11.2363	-11.5253	-1.35775
M1043V_C	796	0.369863013699	-11.2335	-9.69466	-0.803486
C1044A_C	808	0.356164383562	-10.768	-9.55579	-2.35339
P1059Y_C	821	0.356164383562	-10.5254	-9.5566	-1.0625
Y82F_A	830	0.344155844156	-10.4307	-10.6552	-1.88423
I145K_A	847	0.337662337662	-10.4889	-10.4537	-3.05919
S104I_A	854	0.337662337662	-10.4855	-10.4804	-3.94505
Q1076F_C	872	0.356164383562	-10.4989	-9.51902	-5.92271
A133M_A	880	0.331168831169	-10.4993	-10.4474	-4.14003
Q136D_A	887	0.331168831169	-10.3466	-10.5239	-3.26539
Q7S_A	896	0.318181818182	-10.3188	-10.5805	-2.62559
Q1029I_C	909	0.369863013699	-10.4895	-8.87296	-1.32851
D136Y_A	917	0.318181818182	-11.053	-10.3056	-5.81202
V93N_A	923	0.318181818182	-11.0488	-10.3053	-3.05415
M1049W_C	933	0.356164383562	-11.078	-8.70099	-2.41711
P67Y_A	944	0.324675324675	-11.0666	-9.42726	0.501258
M36C_A	965	0.318181818182	-10.6653	-10.0742	-2.67057
F82R_A	971	0.318181818182	-10.6034	-10.4879	-2.47892
W29N_A	979	0.318181818182	-10.6169	-10.5346	-1.30166
K147L_A	987	0.311688311688	-10.6582	-10.6221	-2.69615
E1071R_C	999	0.328767123288	-10.9525	-9.06114	-3.6779
