name	count	identity	evolved_interaction	ancestral_interaction	stability
T1077Q_C	1	0.986301369863	-10.4962	-10.3837	-8.05029
G115Q_A	6	0.980519480519	-10.4864	-10.5106	-30.5268
S3H_A	12	0.961038961039	-10.4746	-10.5145	-28.703
M1060L_C	19	0.904109589041	-10.4558	-9.32167	-9.97226
C7G_A	25	0.922077922078	-10.4536	-10.5339	-9.01307
R1047N_C	31	0.86301369863	-10.4441	-9.5803	-10.9793
V29W_A	36	0.883116883117	-10.6273	-10.7278	-4.05428
F1037L_C	46	0.835616438356	-10.5088	-10.301	-8.52859
Y64M_A	58	0.837662337662	-10.5104	-10.725	-3.29179
P1044V_C	64	0.821917808219	-10.5175	-10.3091	-7.09797
C93V_A	71	0.792207792208	-10.5175	-10.7321	-3.2949
Q154A_A	77	0.779220779221	-10.5201	-10.735	-1.1805
Q1077H_C	86	0.753424657534	-10.4654	-10.2536	-6.84153
Y70K_A	94	0.779220779221	-10.7609	-10.7193	-1.45537
Q10W_A	102	0.772727272727	-11.2742	-10.7193	-1.93371
Q119S_A	119	0.766233766234	-11.0055	-10.7054	-3.20408
D145L_A	124	0.746753246753	-10.9158	-10.7726	-3.24982
G67I_A	135	0.733766233766	-10.9214	-10.7819	-1.14391
N111L_A	149	0.727272727273	-10.8266	-10.7809	-2.14989
G5T_A	155	0.727272727273	-10.8255	-10.7809	-7.36729
G46M_A	165	0.714285714286	-10.9441	-11.1034	-2.97579
E1074M_C	175	0.630136986301	-10.8575	-9.964	-2.30398
E49P_A	185	0.688311688312	-10.8037	-11.0724	-2.58921
S95V_A	203	0.675324675325	-10.8248	-11.0852	-2.26682
N126H_A	211	0.655844155844	-10.8213	-11.0824	-0.807927
V95H_A	221	0.655844155844	-10.8249	-11.0774	-1.27608
K1036P_C	231	0.575342465753	-10.6434	-9.87813	-3.18349
E1071L_C	236	0.575342465753	-10.7959	-9.94495	-3.71873
Y138N_A	248	0.642857142857	-10.7116	-11.3762	-1.93851
L1066F_C	255	0.520547945205	-10.8108	-10.0281	-2.85774
H1070A_C	266	0.520547945205	-10.8564	-10.0338	-3.29302
Q1083M_C	272	0.534246575342	-11.0175	-10.1836	-6.28018
P1036F_C	279	0.547945205479	-10.7875	-9.99884	-8.14052
D33C_A	288	0.61038961039	-10.8052	-11.4626	-1.62323
G7P_A	295	0.597402597403	-10.7871	-11.4461	-3.14767
L1045V_C	304	0.520547945205	-10.7524	-9.89401	-1.44079
N52P_A	310	0.564935064935	-10.7459	-11.4459	-3.83357
Q40F_A	318	0.564935064935	-10.7919	-11.4654	-4.54341
V93K_A	325	0.558441558442	-10.8886	-11.4654	-2.6935
H98Y_A	336	0.538961038961	-10.5613	-11.1603	-2.78791
V101Y_A	349	0.538961038961	-10.8532	-11.1824	-1.76917
N138A_A	357	0.525974025974	-10.8496	-11.1337	-2.1659
V75M_A	368	0.506493506494	-10.7348	-11.0875	-2.54295
E11I_A	375	0.5	-10.5905	-11.7732	-2.48451
S1076Q_C	384	0.465753424658	-10.7374	-10.0549	-3.21516
L111I_A	393	0.480519480519	-10.7924	-11.8737	-4.36874
M104V_A	402	0.480519480519	-10.7403	-11.44	-1.21797
Q1076C_C	415	0.438356164384	-10.698	-10.0264	-1.77537
L6R_A	424	0.467532467532	-10.7163	-12.0302	-5.09253
I107G_A	430	0.454545454545	-10.9446	-12.1807	-2.84572
I1072M_C	438	0.41095890411	-10.9831	-10.0136	-4.29135
H95A_A	453	0.448051948052	-11.0488	-12.1623	-3.55095
M1078Y_C	461	0.41095890411	-10.7934	-9.75889	-1.853
G32A_A	472	0.448051948052	-10.6919	-11.6757	-4.36828
D37W_A	481	0.441558441558	-10.9689	-11.674	-1.81973
C66P_A	488	0.435064935065	-11.1761	-11.6791	-4.79682
M124T_A	494	0.435064935065	-11.1762	-11.6845	-2.30921
G107W_A	503	0.435064935065	-10.7754	-11.4496	-4.51987
A32G_A	520	0.409090909091	-10.7764	-11.4495	-1.55102
A95C_A	535	0.422077922078	-10.6622	-11.3121	-3.82239
G32E_A	547	0.428571428571	-10.6476	-11.2967	-3.39252
V71K_A	558	0.435064935065	-10.9	-11.9353	-5.22688
V1039A_C	571	0.383561643836	-11.1192	-10.1676	-1.43122
Y144F_A	589	0.422077922078	-11.107	-11.7451	-2.07708
G87R_A	598	0.415584415584	-11.1047	-11.872	-3.77504
S141W_A	605	0.402597402597	-11.1059	-11.8686	-4.10471
I1095M_C	619	0.383561643836	-10.7959	-10.2036	-6.12339
H135L_A	628	0.396103896104	-11.0512	-9.29616	-3.83438
Y98N_A	637	0.402597402597	-10.7278	-9.28935	-2.78743
L135Y_A	657	0.396103896104	-10.7062	-9.45874	-1.85819
N104I_A	676	0.396103896104	-10.5651	-9.32959	-2.72617
M1080D_C	688	0.41095890411	-10.5207	-9.70699	-3.36735
T44F_A	702	0.383116883117	-10.7107	-11.5742	-4.54311
P49L_A	707	0.376623376623	-10.743	-11.5765	-4.11329
W1065F_C	717	0.41095890411	-10.7142	-9.84256	-1.45658
R93F_A	727	0.363636363636	-10.793	-11.6658	-3.22193
W88M_A	736	0.357142857143	-10.761	-11.6606	-2.75489
C1054Q_C	754	0.41095890411	-10.7732	-9.84381	-2.32199
E1041L_C	763	0.383561643836	-11.0188	-10.0662	-2.75209
M1033W_C	775	0.383561643836	-10.9831	-10.0756	-1.14723
P1044D_C	787	0.369863013699	-10.8314	-10.0784	-0.836456
A138R_A	800	0.337662337662	-10.7167	-11.7476	-3.51912
R138W_A	808	0.337662337662	-10.8278	-11.5959	-2.26609
A150D_A	817	0.331168831169	-10.817	-11.661	-1.62119
W1042K_C	826	0.356164383562	-10.8155	-10.1735	-1.08532
G1045D_C	836	0.342465753425	-10.7962	-10.0877	-2.70341
N98Y_A	846	0.331168831169	-10.7925	-11.6495	-2.41457
W1061Q_C	853	0.342465753425	-10.8083	-10.0842	-3.17021
S97A_A	860	0.344155844156	-10.8083	-11.6394	-3.7258
H1061N_C	872	0.342465753425	-10.7325	-10.0844	-2.56078
I112L_A	882	0.331168831169	-10.7321	-11.7323	-2.28725
G48N_A	894	0.331168831169	-10.7647	-11.7789	-3.2754
H3I_A	913	0.337662337662	-10.7714	-11.6088	-2.11192
I132K_A	932	0.337662337662	-10.7747	-12.08	-3.42364
K76M_A	949	0.324675324675	-10.7747	-12.0836	-3.19393
C95G_A	961	0.331168831169	-10.7942	-12.0836	-3.4431
Q141R_A	972	0.324675324675	-10.8164	-11.7473	-3.23865
T82Q_A	982	0.331168831169	-10.8793	-12.0003	-6.25016
R138M_A	989	0.331168831169	-10.8786	-12.0335	-6.57438
E63F_A	995	0.318181818182	-10.8638	-12.0713	-5.42333
