name	count	identity	interface_identity	non_interface_identity	evolved_interaction	ancestral_interaction	stability
E49H_A	1	0.993506493506	1.0	0.992592592593	-10.5133	-10.5383	-25.2684
V113R_A	8	0.961038961039	1.0	0.955555555556	-10.6365	-10.7322	-7.02462
K1058G_C	13	0.972602739726	1.0	0.960784313725	-10.8386	-10.5292	-2.76088
V116S_A	20	0.915584415584	1.0	0.904411764706	-11.0874	-10.7804	-3.914
V148C_A	28	0.896103896104	1.0	0.882352941176	-10.8207	-11.0546	-5.91492
S116C_A	35	0.87012987013	0.888888888889	0.867647058824	-10.5446	-10.6138	-4.51178
Y58I_A	41	0.844155844156	0.888888888889	0.838235294118	-10.5788	-10.6531	-3.24712
W16L_A	48	0.824675324675	0.833333333333	0.823529411765	-10.8959	-10.9361	-0.942766
L38M_A	62	0.811688311688	0.833333333333	0.808823529412	-10.9163	-10.9258	-1.01619
S1033N_C	71	0.86301369863	0.869565217391	0.86	-11.5388	-10.7899	-2.90323
K18V_A	79	0.772727272727	0.777777777778	0.772058823529	-11.2098	-10.7526	-1.73408
H95N_A	86	0.772727272727	0.777777777778	0.772058823529	-10.7001	-10.7262	-2.28567
E1059D_C	109	0.808219178082	0.869565217391	0.78	-10.6547	-10.6032	-2.54413
M1083L_C	116	0.780821917808	0.826086956522	0.76	-10.5951	-10.5526	-1.90345
E1050D_C	125	0.767123287671	0.826086956522	0.74	-10.6559	-10.5024	-1.20381
M1075G_C	140	0.753424657534	0.826086956522	0.72	-10.505	-10.548	-2.04964
N1086E_C	150	0.72602739726	0.782608695652	0.7	-10.9621	-10.9935	-1.67273
I1024W_C	157	0.698630136986	0.739130434783	0.68	-11.5249	-11.3229	-1.65052
G1058I_C	168	0.657534246575	0.739130434783	0.62	-12.0551	-11.4392	-3.36365
F137M_A	179	0.688311688312	0.722222222222	0.683823529412	-11.5135	-9.80495	-1.32353
N66F_A	190	0.668831168831	0.6	0.676258992806	-10.9773	-9.47141	-2.02255
A106P_A	198	0.642857142857	0.625	0.644927536232	-10.7389	-9.18699	-2.2494
S1062F_C	204	0.616438356164	0.727272727273	0.56862745098	-10.763	-11.6762	-3.12544
A121S_A	217	0.62987012987	0.625	0.630434782609	-10.6655	-8.93433	-0.886263
N131S_A	234	0.623376623377	0.625	0.623188405797	-10.6644	-9.17617	-1.07326
I1070G_C	244	0.575342465753	0.681818181818	0.529411764706	-10.6459	-11.502	-3.6096
K1054V_C	254	0.547945205479	0.681818181818	0.490196078431	-10.7846	-11.6358	-1.37737
R1034H_C	263	0.534246575342	0.681818181818	0.470588235294	-10.5858	-11.4337	-1.41175
T1043N_C	268	0.506849315068	0.681818181818	0.43137254902	-10.5852	-11.3978	-2.01979
Q125C_A	278	0.590909090909	0.625	0.586956521739	-10.5647	-9.19255	-1.71343
S156C_A	291	0.577922077922	0.5625	0.579710144928	-10.4145	-9.13984	-1.13721
S1040I_C	301	0.493150684932	0.681818181818	0.411764705882	-10.837	-11.7404	-2.18456
C63W_A	307	0.564935064935	0.5625	0.565217391304	-10.733	-9.08536	-2.82859
I1036S_C	313	0.506849315068	0.681818181818	0.43137254902	-10.6114	-11.6904	-4.48056
R1055D_C	325	0.493150684932	0.681818181818	0.411764705882	-10.604	-11.6816	-2.00963
E42R_A	331	0.545454545455	0.6	0.539568345324	-11.0313	-8.96008	-1.57427
I108W_A	337	0.532467532468	0.6	0.525179856115	-11.2086	-8.6504	-1.65116
F1075A_C	353	0.465753424658	0.681818181818	0.372549019608	-11.105	-11.4848	-3.41932
Q1076N_C	362	0.438356164384	0.681818181818	0.333333333333	-11.1161	-11.468	-2.12527
K27F_A	375	0.506493506494	0.533333333333	0.503597122302	-11.2622	-9.41794	-3.65225
S121A_A	382	0.506493506494	0.533333333333	0.503597122302	-11.3402	-9.44128	-3.15399
T1080S_C	405	0.41095890411	0.681818181818	0.294117647059	-11.3197	-11.3756	-1.4947
T146N_A	417	0.493506493506	0.466666666667	0.496402877698	-10.6674	-9.21348	-2.77321
N1076I_C	425	0.41095890411	0.681818181818	0.294117647059	-10.5347	-11.0019	-3.16788
P88Y_A	432	0.474025974026	0.466666666667	0.474820143885	-10.5531	-9.10696	-1.28782
H1032V_C	453	0.41095890411	0.681818181818	0.294117647059	-10.5136	-10.9068	-1.3027
V1032Q_C	476	0.41095890411	0.681818181818	0.294117647059	-10.6489	-11.0933	-2.4839
K1029M_C	482	0.41095890411	0.681818181818	0.294117647059	-10.9656	-11.9944	-2.88795
M1067Q_C	491	0.41095890411	0.681818181818	0.294117647059	-11.0705	-11.9839	-1.74855
C125F_A	502	0.441558441558	0.5	0.434782608696	-11.0386	-9.07364	-3.30998
K110F_A	510	0.428571428571	0.5	0.420289855072	-10.7289	-8.74658	-2.22606
C1094Y_C	516	0.397260273973	0.681818181818	0.274509803922	-10.7387	-11.7998	-3.57328
A3W_A	526	0.422077922078	0.5	0.413043478261	-10.6125	-8.69598	-1.97542
Q117L_A	535	0.415584415584	0.5	0.405797101449	-10.7998	-8.94529	-5.68222
M1024V_C	541	0.383561643836	0.681818181818	0.254901960784	-11.3044	-12.2071	-1.48875
R1047I_C	552	0.369863013699	0.681818181818	0.235294117647	-11.5187	-12.2023	-2.272
S33N_A	559	0.383116883117	0.5	0.369565217391	-11.5176	-9.01704	-2.46762
S1080K_C	569	0.356164383562	0.636363636364	0.235294117647	-11.5962	-12.0687	-3.08692
F66G_A	581	0.37012987013	0.5	0.355072463768	-10.9601	-8.50089	-1.4527
S122K_A	586	0.357142857143	0.5	0.340579710145	-10.9566	-8.50135	-1.87465
V31W_A	597	0.357142857143	0.5	0.340579710145	-10.9528	-8.56478	-2.33079
Y88E_A	606	0.357142857143	0.5	0.340579710145	-10.9508	-8.56596	-2.99584
C48K_A	615	0.357142857143	0.5	0.340579710145	-11.0973	-8.53953	-2.29709
R114M_A	624	0.363636363636	0.5	0.347826086957	-10.987	-8.36083	-3.2507
K6Q_A	634	0.37012987013	0.5	0.355072463768	-10.9863	-8.13939	-1.09924
A5M_A	652	0.363636363636	0.5	0.347826086957	-10.9228	-6.45302	-0.762304
E1023L_C	668	0.356164383562	0.636363636364	0.235294117647	-10.9251	-12.0854	-1.92794
W156R_A	684	0.363636363636	0.5	0.347826086957	-11.0443	-8.16031	-3.00922
K70N_A	690	0.363636363636	0.5	0.347826086957	-11.0288	-8.49581	-1.3412
A1042P_C	708	0.356164383562	0.681818181818	0.21568627451	-11.3142	-12.3304	-1.74658
E98W_A	718	0.344155844156	0.5	0.326086956522	-11.2976	-8.50231	-2.23147
H1034Y_C	729	0.356164383562	0.681818181818	0.21568627451	-11.3264	-12.3081	-1.50176
W108L_A	736	0.344155844156	0.5	0.326086956522	-11.7767	-8.93795	-4.45167
W58M_A	743	0.337662337662	0.5	0.316176470588	-11.4933	-8.7942	-0.997032
L1086M_C	756	0.342465753425	0.636363636364	0.21568627451	-11.7246	-10.0265	-2.02092
K10W_A	767	0.337662337662	0.473684210526	0.318518518519	-11.1084	-8.53971	-1.80344
I1040A_C	775	0.342465753425	0.636363636364	0.21568627451	-11.0979	-10.8752	-2.86632
W18R_A	783	0.331168831169	0.473684210526	0.311111111111	-11.2629	-9.85595	-1.33934
E15Q_A	790	0.331168831169	0.473684210526	0.311111111111	-10.8946	-9.97565	-2.73278
W3K_A	798	0.331168831169	0.470588235294	0.313868613139	-10.885	-10.0621	-1.2013
M117A_A	807	0.324675324675	0.470588235294	0.306569343066	-10.9938	-10.4523	-1.15059
A66K_A	819	0.318181818182	0.470588235294	0.299270072993	-10.7304	-9.99766	-2.48568
V1095S_C	829	0.342465753425	0.636363636364	0.21568627451	-10.8763	-10.9087	-2.88505
K48P_A	848	0.298701298701	0.5	0.275362318841	-10.807	-9.98423	-2.68812
L1023W_C	853	0.342465753425	0.636363636364	0.21568627451	-10.7505	-10.821	-1.7641
A151F_A	865	0.292207792208	0.5	0.268115942029	-10.7768	-9.98496	-2.79412
Q12M_A	874	0.292207792208	0.5	0.268115942029	-10.7242	-9.98172	-5.91493
F53Q_A	881	0.285714285714	0.5	0.260869565217	-11.1328	-8.49711	-4.96496
L76F_A	887	0.279220779221	0.5	0.253623188406	-11.2715	-8.82797	-1.28498
G30V_A	894	0.272727272727	0.5	0.246376811594	-11.2715	-8.70962	-2.98515
H14M_A	905	0.266233766234	0.5	0.239130434783	-11.2566	-8.37105	-2.29317
C1061R_C	924	0.342465753425	0.666666666667	0.211538461538	-11.011	-10.983	-2.02603
K3S_A	930	0.272727272727	0.5	0.246376811594	-11.0241	-8.26419	-2.07117
R49A_A	937	0.266233766234	0.4375	0.246376811594	-10.9607	-8.25737	-3.04416
K1038V_C	944	0.328767123288	0.666666666667	0.192307692308	-11.0007	-10.4039	-1.16076
P105I_A	957	0.253246753247	0.4375	0.231884057971	-11.0419	-8.24954	-2.61188
V78P_A	974	0.253246753247	0.4375	0.231884057971	-11.0316	-8.13021	-2.54991
T26G_A	988	0.253246753247	0.4375	0.231884057971	-11.106	-7.35937	-2.39041
