name	count	identity	interface_identity	non_interface_identity	evolved_interaction	ancestral_interaction	stability
P128T_A	1	0.993506493506	1.0	0.992592592593	-10.5034	-10.5197	-24.7763
I1070H_C	6	0.972602739726	0.954545454545	0.980392156863	-10.4575	-10.3082	-9.37646
E42K_A	12	0.961038961039	1.0	0.955555555556	-10.6757	-10.6664	-24.4283
Q147F_A	17	0.941558441558	0.947368421053	0.940740740741	-10.7027	-10.7208	-18.9081
F77R_A	25	0.922077922078	0.947368421053	0.918518518519	-10.6291	-10.6031	-11.2523
V29N_A	31	0.902597402597	0.947368421053	0.896296296296	-10.5469	-10.593	-7.0655
D118Y_A	40	0.876623376623	0.947368421053	0.866666666667	-10.6121	-10.5922	-5.55513
L109M_A	53	0.863636363636	0.947368421053	0.851851851852	-10.6131	-10.5843	-4.54142
W1061E_C	59	0.86301369863	0.909090909091	0.843137254902	-10.8566	-10.6482	-4.39664
Y1033N_C	67	0.86301369863	0.909090909091	0.843137254902	-10.6709	-10.5688	-4.40422
K76I_A	75	0.818181818182	0.947368421053	0.8	-10.7882	-10.8553	-3.33983
K14N_A	86	0.798701298701	0.894736842105	0.785185185185	-10.59	-10.8598	-1.45546
A142H_A	100	0.779220779221	0.894736842105	0.762962962963	-10.606	-10.8634	-1.73882
R1055E_C	109	0.794520547945	0.863636363636	0.764705882353	-10.7697	-10.099	-0.972132
K3V_A	126	0.75974025974	0.789473684211	0.755555555556	-10.7175	-10.6869	-1.92167
K1054N_C	132	0.753424657534	0.863636363636	0.705882352941	-10.6747	-10.4199	-1.744
Y87E_A	143	0.727272727273	0.789473684211	0.718518518519	-10.6579	-10.6099	-2.67043
Q101E_A	149	0.714285714286	0.789473684211	0.703703703704	-10.7466	-10.6986	-2.47495
K1027I_C	157	0.712328767123	0.818181818182	0.666666666667	-10.6489	-10.092	-2.34596
G132Y_A	166	0.701298701299	0.789473684211	0.688888888889	-10.5413	-10.7173	-2.40214
G156N_A	176	0.701298701299	0.789473684211	0.688888888889	-10.4801	-10.4926	-1.52952
I91C_A	187	0.694805194805	0.789473684211	0.681481481481	-10.4476	-10.4624	-1.88513
H145Y_A	195	0.681818181818	0.789473684211	0.666666666667	-10.516	-10.4553	-5.48135
I1072M_C	205	0.657534246575	0.772727272727	0.607843137255	-10.5341	-8.14638	-1.74338
N62G_A	215	0.655844155844	0.789473684211	0.637037037037	-10.5504	-10.4882	-4.28229
D121Q_A	227	0.636363636364	0.789473684211	0.614814814815	-10.5201	-10.4867	-3.45976
R128A_A	232	0.62987012987	0.789473684211	0.607407407407	-10.5304	-10.4978	-2.57054
N29A_A	244	0.623376623377	0.789473684211	0.6	-10.7318	-10.4996	-1.32109
T61L_A	252	0.603896103896	0.789473684211	0.577777777778	-10.7094	-10.5012	-3.55105
Q1095K_C	265	0.602739726027	0.727272727273	0.549019607843	-11.165	-10.955	-1.38729
M1094C_C	274	0.602739726027	0.727272727273	0.549019607843	-11.2772	-10.8159	-1.46713
C1071Q_C	290	0.58904109589	0.727272727273	0.529411764706	-10.9759	-10.8345	-2.79676
C1061H_C	296	0.58904109589	0.727272727273	0.529411764706	-11.0089	-10.8527	-2.85921
N140L_A	304	0.532467532468	0.823529411765	0.496350364964	-11.227	-10.6462	-2.45547
I124R_A	314	0.519480519481	0.823529411765	0.481751824818	-10.8159	-10.6462	-2.72983
W53M_A	324	0.506493506494	0.823529411765	0.467153284672	-10.8254	-10.6351	-1.92265
V89W_A	334	0.493506493506	0.823529411765	0.452554744526	-10.825	-10.6326	-3.30213
H1070W_C	342	0.547945205479	0.681818181818	0.490196078431	-11.4301	-10.7885	-3.50737
G62L_A	351	0.480519480519	0.823529411765	0.43795620438	-11.7284	-10.646	-4.65859
L6D_A	357	0.461038961039	0.789473684211	0.414814814815	-10.982	-10.808	-1.67659
W1082V_C	366	0.520547945205	0.636363636364	0.470588235294	-10.6714	-10.0526	-2.82996
E1059A_C	379	0.506849315068	0.636363636364	0.450980392157	-10.711	-10.0779	-2.17722
A1086E_C	395	0.479452054795	0.590909090909	0.43137254902	-10.9156	-10.0904	-4.50978
T4Y_A	408	0.441558441558	0.823529411765	0.394160583942	-10.6715	-10.6067	-1.47273
E19V_A	421	0.441558441558	0.823529411765	0.394160583942	-11.0303	-10.5222	-1.31933
R1047D_C	437	0.452054794521	0.590909090909	0.392156862745	-10.8275	-9.90188	-3.02876
W5T_A	447	0.435064935065	0.823529411765	0.386861313869	-11.1053	-10.5413	-7.7961
D122I_A	459	0.415584415584	0.823529411765	0.36496350365	-11.0758	-10.4369	-2.78761
W89G_A	469	0.409090909091	0.823529411765	0.357664233577	-11.2535	-10.4787	-2.59963
Y36L_A	480	0.402597402597	0.823529411765	0.350364963504	-11.4173	-10.891	-2.45596
Y145A_A	485	0.38961038961	0.823529411765	0.335766423358	-11.4205	-10.9124	-2.96344
F81Y_A	494	0.376623376623	0.823529411765	0.321167883212	-11.4176	-10.9214	-6.1388
S1062G_C	500	0.424657534247	0.590909090909	0.352941176471	-11.377	-10.0939	-6.20342
L1036M_C	506	0.424657534247	0.590909090909	0.352941176471	-10.9315	-9.92306	-6.52462
V67N_A	511	0.38961038961	0.823529411765	0.335766423358	-10.9	-10.7502	-1.53841
L15R_A	520	0.38961038961	0.823529411765	0.335766423358	-11.0003	-10.8039	-1.93979
E1079A_C	528	0.41095890411	0.636363636364	0.313725490196	-11.073	-9.82115	-3.92369
P1078L_C	535	0.383561643836	0.636363636364	0.274509803922	-10.8772	-9.81123	-1.54439
P65V_A	547	0.37012987013	0.823529411765	0.313868613139	-10.4664	-10.8048	-0.893866
R128F_A	569	0.37012987013	0.875	0.311594202899	-10.6191	-10.8043	-0.915231
E32N_A	581	0.376623376623	0.875	0.31884057971	-10.6552	-10.8159	-1.10755
H1095L_C	593	0.342465753425	0.545454545455	0.254901960784	-10.4173	-9.46415	-1.20484
I106F_A	610	0.363636363636	0.823529411765	0.306569343066	-10.4195	-10.8159	-1.09249
S115W_A	620	0.357142857143	0.823529411765	0.299270072993	-10.3981	-10.8028	-3.45608
E156L_A	629	0.357142857143	0.823529411765	0.299270072993	-10.4492	-11.0267	-2.36654
C121V_A	639	0.350649350649	0.823529411765	0.29197080292	-10.4506	-11.0242	-4.93678
F128C_A	654	0.350649350649	0.823529411765	0.29197080292	-10.4639	-11.0223	-2.75199
D1050C_C	659	0.328767123288	0.545454545455	0.235294117647	-10.4686	-9.32852	-1.09833
F1049W_C	677	0.328767123288	0.521739130435	0.24	-12.2627	-9.33858	-1.51896
N32A_A	687	0.344155844156	0.705882352941	0.299270072993	-11.6626	-11.4743	-2.20335
L1051M_C	704	0.328767123288	0.521739130435	0.24	-11.7932	-9.31722	-2.89579
I1075F_C	720	0.328767123288	0.521739130435	0.24	-11.1258	-8.34874	-2.03954
M1071P_C	728	0.328767123288	0.521739130435	0.24	-11.2242	-8.3708	-1.96552
L1083C_C	737	0.328767123288	0.521739130435	0.24	-11.0121	-8.27382	-0.94551
H98Y_A	748	0.337662337662	0.705882352941	0.29197080292	-11.0218	-11.3414	-3.24242
E143K_A	754	0.331168831169	0.705882352941	0.284671532847	-10.8314	-11.3449	-4.2392
K1060Y_C	764	0.328767123288	0.521739130435	0.24	-11.0388	-8.67361	-4.74082
W6L_A	776	0.331168831169	0.705882352941	0.284671532847	-10.8406	-11.3035	-2.28419
A148I_A	781	0.331168831169	0.705882352941	0.284671532847	-10.8388	-11.3669	-4.62169
S42D_A	787	0.324675324675	0.666666666667	0.279411764706	-11.3399	-11.3209	-1.20893
W53M_A	801	0.311688311688	0.666666666667	0.264705882353	-11.2705	-11.2547	-1.19328
W1049R_C	812	0.328767123288	0.521739130435	0.24	-11.3145	-9.17669	-2.72891
G23F_A	827	0.305194805195	0.611111111111	0.264705882353	-11.7914	-11.6612	-1.78519
G52P_A	837	0.305194805195	0.611111111111	0.264705882353	-12.3261	-11.6616	-3.04774
L33M_A	846	0.305194805195	0.611111111111	0.264705882353	-12.3452	-11.6623	-3.09958
V19R_A	861	0.305194805195	0.611111111111	0.264705882353	-12.9717	-11.8926	-2.66226
E94N_A	869	0.298701298701	0.555555555556	0.264705882353	-10.8836	-10.6792	-3.13693
A1071S_C	879	0.315068493151	0.478260869565	0.24	-11.0129	-9.49914	-1.50957
E1043I_C	889	0.315068493151	0.478260869565	0.24	-10.9589	-9.49913	-1.24402
F106W_A	898	0.298701298701	0.555555555556	0.264705882353	-11.0461	-10.6663	-2.16665
Q103S_A	905	0.298701298701	0.555555555556	0.264705882353	-11.1879	-11.0185	-4.76844
L110I_A	911	0.292207792208	0.555555555556	0.257352941176	-10.9175	-10.9878	-2.50257
K79G_A	922	0.298701298701	0.555555555556	0.264705882353	-11.1403	-11.034	-1.20028
N7W_A	929	0.298701298701	0.555555555556	0.264705882353	-11.2209	-11.3437	-2.83424
Q51F_A	937	0.292207792208	0.5	0.264705882353	-11.8763	-11.8387	-4.03169
T153P_A	943	0.285714285714	0.444444444444	0.264705882353	-11.2832	-10.2669	-2.70796
C63T_A	953	0.285714285714	0.411764705882	0.270072992701	-10.7447	-9.72359	-2.54674
R104V_A	959	0.272727272727	0.411764705882	0.255474452555	-11.3767	-9.72077	-2.40384
V104F_A	967	0.266233766234	0.411764705882	0.248175182482	-11.4295	-9.7602	-3.58969
K18C_A	980	0.266233766234	0.352941176471	0.255474452555	-10.6148	-8.58157	-6.70741
P21H_A	987	0.25974025974	0.294117647059	0.255474452555	-10.5071	-8.15174	-2.13828
R44L_A	997	0.25974025974	0.333333333333	0.25	-11.308	-9.16492	-2.9376
