name	count	identity	evolved_interaction	ancestral_interaction	stability
N85P_A	2	0.993506493506	-10.5034	-10.5197	-23.3852
E49V_A	9	0.967532467532	-10.72	-10.7735	-24.7265
K110T_A	15	0.954545454545	-10.6008	-10.8138	-24.9
Y87R_A	20	0.928571428571	-10.6128	-10.807	-22.1134
F24Q_A	27	0.902597402597	-11.0168	-10.9219	-12.5794
V49T_A	32	0.876623376623	-10.7773	-10.58	-9.59794
S70W_A	41	0.844155844156	-10.7774	-10.1984	-8.52309
R1046V_C	46	0.917808219178	-10.7	-10.836	-1.78693
T91I_A	52	0.818181818182	-10.6884	-10.5476	-8.10167
K124N_A	57	0.798701298701	-10.6808	-10.5393	-4.30685
T114V_A	63	0.779220779221	-10.6788	-10.5404	-3.88059
N66A_A	71	0.772727272727	-10.8854	-10.5405	-1.9789
F1095A_C	85	0.835616438356	-10.8801	-11.0402	-2.47093
K27I_A	99	0.727272727273	-10.8918	-10.5255	-1.97521
D1075M_C	110	0.821917808219	-11.3307	-11.1973	-3.81435
K1086G_C	123	0.808219178082	-10.714	-10.6489	-4.56648
E1059L_C	130	0.780821917808	-10.7233	-10.651	-7.06636
E1080Q_C	140	0.767123287671	-10.7872	-10.7008	-4.92274
V62I_A	153	0.681818181818	-10.5497	-10.1827	-2.13387
M1060P_C	162	0.72602739726	-10.348	-10.7003	-2.36723
K1041V_C	173	0.698630136986	-10.6293	-10.753	-1.13426
S1032I_C	180	0.671232876712	-11.3268	-10.2462	-2.58359
W140R_A	187	0.642857142857	-11.3944	-11.3101	-5.70689
H1092M_C	194	0.643835616438	-11.0228	-9.97522	-3.3455
G1086H_C	202	0.643835616438	-11.5901	-9.73844	-1.69774
H19T_A	211	0.597402597403	-11.6921	-10.5541	-2.40532
A87E_A	221	0.590909090909	-10.92	-11.2668	-1.66435
D1082G_C	229	0.575342465753	-10.6089	-9.14756	-3.3584
I1032V_C	242	0.575342465753	-10.641	-9.16503	-1.68827
N1042S_C	250	0.561643835616	-10.7028	-9.19507	-1.96427
P1059Q_C	262	0.547945205479	-10.747	-9.2748	-1.78689
S35R_A	269	0.558441558442	-11.3116	-10.5946	-5.78938
S156K_A	274	0.538961038961	-10.9549	-10.0433	-1.78703
V1032K_C	285	0.534246575342	-10.4984	-9.90828	-3.71233
T1077N_C	296	0.520547945205	-10.8643	-10.3498	-2.60755
D1042C_C	308	0.520547945205	-10.8433	-10.3402	-2.24492
M1092W_C	316	0.506849315068	-11.2713	-10.7118	-0.765409
Q39R_A	335	0.519480519481	-10.9565	-10.4287	-1.53884
I27L_A	341	0.519480519481	-10.818	-10.2682	-3.98161
W103M_A	347	0.5	-10.791	-10.2074	-1.24011
D82N_A	357	0.5	-10.8673	-10.6325	-2.927
V83I_A	364	0.5	-10.798	-10.6326	-1.8303
N1056P_C	373	0.424657534247	-10.8893	-10.0492	-3.33798
M1046K_C	379	0.41095890411	-10.969	-10.0637	-1.6703
E1050W_C	391	0.397260273973	-11.8084	-10.07	-2.81737
Q1093R_C	401	0.41095890411	-12.1951	-10.6334	-1.01729
A1051N_C	410	0.397260273973	-12.191	-10.6478	-1.89423
F145L_A	423	0.448051948052	-12.0653	-10.1329	-1.0142
H1058E_C	432	0.383561643836	-11.8802	-10.7289	-2.27679
M66L_A	441	0.448051948052	-11.8573	-10.6729	-2.79111
C1042M_C	452	0.356164383562	-11.6203	-10.4	-2.33971
N19Y_A	465	0.428571428571	-11.7928	-8.62641	-1.29726
G1082K_C	481	0.356164383562	-11.6684	-10.0753	-1.71159
W106G_A	493	0.428571428571	-12.4049	-9.11175	-1.36138
G152V_A	511	0.422077922078	-12.3997	-9.17295	-0.628341
Y68M_A	529	0.422077922078	-12.3968	-9.21378	-0.998232
F81L_A	538	0.415584415584	-12.849	-8.97324	-1.6274
I1088C_C	549	0.342465753425	-12.2034	-9.09575	-0.534559
K1082G_C	560	0.328767123288	-12.4273	-9.59791	-3.51267
M103F_A	570	0.415584415584	-12.9843	-9.62453	-2.24969
I1056D_C	575	0.287671232877	-12.9364	-11.0253	-1.10066
E1068L_C	588	0.287671232877	-10.7311	-7.9605	-1.43895
Q122R_A	594	0.402597402597	-11.4359	-9.31088	-4.84062
R58Q_A	601	0.402597402597	-11.1456	-8.65166	-2.70655
K5M_A	609	0.402597402597	-10.6422	-9.62955	-3.284
F118M_A	623	0.396103896104	-10.6422	-9.64541	-1.95934
V148H_A	630	0.38961038961	-10.7947	-9.64539	-1.37906
L150Q_A	639	0.383116883117	-10.8023	-9.85957	-2.99275
S140W_A	646	0.383116883117	-10.9176	-9.90842	-2.34751
D33E_A	656	0.376623376623	-10.9875	-10.0084	-0.587845
N63I_A	665	0.383116883117	-10.7266	-8.96077	-1.77756
N100V_A	676	0.383116883117	-10.7291	-8.95808	-1.8003
V100I_A	689	0.383116883117	-10.5882	-8.66279	-2.88524
I106P_A	696	0.383116883117	-10.6369	-8.73406	-1.46437
Q58R_A	707	0.376623376623	-10.6558	-8.83952	-2.20168
L111Y_A	720	0.383116883117	-10.6287	-9.67059	-3.6718
Q1032T_C	727	0.150684931507	-10.6846	-7.51031	-1.02607
P1080W_C	742	0.150684931507	-10.6741	-7.56274	-1.57407
K1071Q_C	757	0.150684931507	-10.647	-7.53691	-1.13704
S1086E_C	768	0.150684931507	-11.7034	-7.89813	-0.64572
L131I_A	778	0.363636363636	-11.6171	-9.77142	-1.40412
M146S_A	787	0.37012987013	-11.6263	-9.78719	-2.51621
D1056A_C	795	0.13698630137	-11.6096	-7.52284	-3.21334
N62T_A	803	0.37012987013	-11.8428	-9.94637	-3.22479
A133L_A	808	0.363636363636	-11.0122	-9.76934	-5.44618
M3T_A	818	0.363636363636	-10.9938	-9.78434	-2.22278
N48S_A	830	0.357142857143	-10.9328	-9.67292	-1.40886
V152S_A	842	0.357142857143	-10.6803	-9.33026	-3.42091
F1078M_C	856	0.13698630137	-10.6807	-6.60022	-1.141
P105E_A	866	0.337662337662	-10.5889	-9.74522	-2.3103
A1074L_C	873	0.123287671233	-10.6148	-6.47803	-1.74177
T1032Y_C	880	0.123287671233	-10.6398	-6.51894	-1.33916
R1057S_C	895	0.123287671233	-10.6212	-6.51614	-0.642851
Q10A_A	921	0.324675324675	-10.6505	-9.60927	-1.06981
K21E_A	939	0.318181818182	-10.7215	-9.55185	-1.22653
A91F_A	955	0.311688311688	-10.7194	-9.57494	-3.46515
I1043K_C	962	0.123287671233	-10.7209	-6.80084	-2.64527
L1074N_C	972	0.123287671233	-10.8287	-6.96865	-3.13567
D95N_A	984	0.311688311688	-11.5719	-9.52499	-1.6525
G50M_A	989	0.305194805195	-11.2027	-9.35696	0.923507
