name	count	identity	evolved_interaction	ancestral_interaction	stability
S1033P_C	1	0.986301369863	-10.4861	-10.3436	-3.44363
Q7L_A	9	0.980519480519	-10.5651	-10.5012	-25.6271
R139H_A	14	0.961038961039	-10.9905	-10.4538	-26.0996
D1087E_C	19	0.904109589041	-10.7106	-11.0721	-5.18383
G47T_A	24	0.922077922078	-10.7664	-11.0562	-8.64716
P72E_A	31	0.896103896104	-10.7663	-9.38398	-1.29493
V75M_A	44	0.88961038961	-10.807	-9.38748	-3.0426
S111I_A	54	0.876623376623	-10.5834	-9.13418	-2.14329
Q1073Y_C	66	0.780821917808	-10.6823	-10.1005	-1.05942
D10E_A	79	0.844155844156	-10.7783	-9.26224	-2.88191
T1042M_C	87	0.767123287671	-10.7133	-10.0894	-2.56427
S95R_A	99	0.792207792208	-10.7069	-9.22222	-5.33039
L4F_A	104	0.779220779221	-11.9499	-10.2046	-2.885
K14N_A	111	0.753246753247	-11.2731	-10.0403	-4.83663
Q40L_A	118	0.74025974026	-11.2054	-10.0147	-6.65952
D19N_A	129	0.720779220779	-11.91	-10.4356	-1.69347
Y1050I_C	141	0.72602739726	-11.8802	-9.55422	-1.58597
A43L_A	148	0.688311688312	-11.8014	-10.3948	-0.948042
L149F_A	161	0.675324675325	-12.0571	-10.7917	-4.66158
A1051T_C	174	0.698630136986	-11.9036	-10.2387	-1.39262
N126Q_A	182	0.649350649351	-12.0614	-10.4979	-1.95133
P132R_A	190	0.636363636364	-11.2275	-10.1209	-9.93986
K140Y_A	201	0.623376623377	-11.3418	-10.2487	-3.71925
R135A_A	212	0.616883116883	-11.2812	-10.2893	-1.36679
Q1057Y_C	220	0.657534246575	-11.2356	-9.91979	-1.08377
E72L_A	230	0.590909090909	-11.2724	-10.2517	-1.48835
S127G_A	242	0.577922077922	-11.2561	-10.2432	-1.52403
E63I_A	253	0.564935064935	-11.6473	-10.7233	-6.40239
S1094I_C	262	0.630136986301	-11.3977	-9.89262	-1.09159
E1059S_C	267	0.602739726027	-11.4021	-9.89246	-2.57148
G131M_A	277	0.538961038961	-11.4152	-10.512	-1.88505
R1055S_C	287	0.58904109589	-11.0869	-9.88564	-3.16335
F140V_A	295	0.532467532468	-11.2951	-9.5876	-1.99381
D1075A_C	304	0.547945205479	-11.6124	-10.4378	-1.47335
S1047R_C	318	0.561643835616	-11.6046	-10.4163	-2.00226
D54R_A	329	0.519480519481	-11.3662	-9.77067	-1.48427
T137E_A	337	0.512987012987	-11.3044	-9.89721	-5.18764
S35L_A	342	0.506493506494	-10.9641	-9.89184	-4.58975
G115S_A	351	0.493506493506	-10.8857	-9.00109	-1.1588
D121Y_A	370	0.493506493506	-10.8887	-9.05987	-2.03517
I1024L_C	385	0.479452054795	-11.0604	-10.0986	-1.36089
E79M_A	407	0.480519480519	-11.138	-8.91674	-1.18384
M31R_A	419	0.480519480519	-11.1786	-9.00898	-1.19095
K139E_A	425	0.474025974026	-11.3877	-9.53928	-1.38658
H1079T_C	442	0.452054794521	-11.3901	-10.1874	-1.05618
T125K_A	451	0.467532467532	-10.5795	-9.90556	-2.86261
Q130H_A	467	0.461038961039	-10.6068	-9.90556	-1.48011
N52P_A	475	0.454545454545	-10.6947	-9.98969	-2.74454
L114F_A	481	0.448051948052	-10.7781	-9.95482	-1.65724
L40I_A	491	0.435064935065	-10.8043	-9.91499	-2.58673
F30P_A	499	0.428571428571	-11.041	-10.8839	-4.68657
C93G_A	504	0.415584415584	-10.9733	-11.0324	-1.12388
K125F_A	513	0.409090909091	-11.0023	-10.8863	-2.8813
S115N_A	524	0.402597402597	-11.0258	-11.1409	-3.69734
L36K_A	535	0.402597402597	-11.0872	-10.6502	-2.76718
N107Q_A	543	0.396103896104	-10.9935	-10.6793	-3.07999
L1066V_C	550	0.452054794521	-10.9301	-9.57868	-2.08532
T1043I_C	563	0.438356164384	-10.8812	-9.51505	-2.64083
R1047D_C	571	0.424657534247	-10.664	-9.51489	-3.3595
R153V_A	583	0.396103896104	-10.6319	-10.5885	-0.833538
K147Q_A	591	0.383116883117	-10.6316	-10.5888	-0.934979
M1060E_C	604	0.383561643836	-10.612	-9.0208	-2.19566
R16C_A	612	0.383116883117	-10.7117	-10.1758	-3.35646
D99Q_A	630	0.376623376623	-10.8631	-10.3594	-1.97405
N1025W_C	640	0.369863013699	-10.8817	-8.83685	-2.04615
E104Q_A	646	0.376623376623	-10.5024	-10.3088	-3.24422
S143Q_A	666	0.376623376623	-10.4839	-10.3088	-2.07258
W1025M_C	681	0.383561643836	-10.4592	-8.9061	-1.27522
E11A_A	696	0.37012987013	-10.5371	-10.3436	-1.9809
L83Q_A	707	0.357142857143	-10.5663	-10.3725	-1.83742
C1039Y_C	723	0.369863013699	-10.5542	-9.9925	-1.68511
H121T_A	729	0.350649350649	-10.5876	-10.4967	-2.29807
D127N_A	743	0.344155844156	-10.7048	-10.5953	-1.44115
Q1050F_C	754	0.369863013699	-10.7258	-10.1113	-1.50518
I66S_A	764	0.344155844156	-10.7473	-10.6484	-1.68409
Q136L_A	777	0.344155844156	-11.0457	-9.38508	-2.08425
R78M_A	791	0.337662337662	-10.4646	-10.9724	-1.67872
C1053N_C	805	0.342465753425	-10.4602	-8.79299	-1.69844
S119V_A	814	0.331168831169	-10.4491	-10.9265	-1.35672
R1051C_C	827	0.328767123288	-10.4994	-8.77243	-2.25585
K48Y_A	834	0.324675324675	-10.7709	-10.9051	0.133235
M1044E_C	859	0.315068493151	-10.7414	-8.73582	-3.19895
T1077V_C	874	0.287671232877	-10.5509	-8.52325	-1.0958
N30H_A	898	0.318181818182	-10.5468	-10.9076	-0.229603
G138N_A	921	0.318181818182	-10.5474	-10.9075	-2.26728
C150M_A	932	0.318181818182	-10.56	-10.9067	-4.21993
L132A_A	947	0.305194805195	-10.6086	-10.8321	-1.3561
N1051E_C	962	0.287671232877	-10.4742	-8.52798	-1.06426
K27R_A	979	0.272727272727	-11.2002	-11.4603	-0.844785
N138A_A	985	0.272727272727	-11.1957	-11.4482	-1.21545
E7F_A	991	0.272727272727	-11.2413	-11.4799	-1.10605
