name	count	identity	evolved_interaction	ancestral_interaction	stability
I1024L_C	1	0.986301369863	-10.5824	-10.6399	-8.56012
R1046W_C	6	0.958904109589	-10.6509	-10.5471	-9.0183
S139R_A	12	0.967532467532	-10.6341	-10.6101	-4.45968
K76C_A	17	0.941558441558	-10.6049	-10.5723	-2.76486
A79T_A	27	0.915584415584	-10.5966	-10.5788	-1.92971
Q1073F_C	41	0.890410958904	-10.6581	-10.507	-11.094
A106C_A	53	0.87012987013	-10.6458	-10.6631	-1.09517
E1034A_C	70	0.835616438356	-10.4396	-10.265	-5.14354
D1075T_C	88	0.780821917808	-10.4328	-10.2741	-2.56441
S89T_A	94	0.844155844156	-10.5173	-10.6098	-5.72864
Q39T_A	100	0.824675324675	-10.5644	-10.6591	-8.3817
F137Y_A	111	0.798701298701	-10.5786	-10.664	-6.06327
V102T_A	118	0.792207792208	-10.565	-10.6701	-2.15413
Q101F_A	131	0.779220779221	-10.5393	-10.6686	-1.63081
F1040E_C	137	0.739726027397	-10.6295	-10.4211	-2.31575
K1093I_C	142	0.72602739726	-10.6081	-10.3567	-5.08834
K141Q_A	153	0.733766233766	-10.599	-10.7736	-2.74892
R131S_A	160	0.707792207792	-10.6715	-10.8414	-1.66879
S122H_A	170	0.694805194805	-10.7434	-10.8257	-3.02464
C93N_A	178	0.675324675325	-10.7498	-10.8333	-3.20807
I98R_A	183	0.662337662338	-10.71	-10.8171	-5.71267
G42A_A	191	0.649350649351	-10.7919	-10.8192	-4.48891
Y87V_A	196	0.636363636364	-10.7805	-10.788	-2.2753
I1042K_C	205	0.671232876712	-10.6869	-10.4663	-1.33714
S33Q_A	218	0.603896103896	-10.6513	-10.7648	-1.46708
W134C_A	224	0.603896103896	-10.6434	-10.6449	-2.87545
Q1081H_C	232	0.643835616438	-10.6269	-10.6647	-4.67991
V70G_A	240	0.590909090909	-10.8585	-10.6521	-0.80172
F1039I_C	247	0.643835616438	-10.8918	-10.9149	-2.7909
F1035N_C	259	0.616438356164	-10.9121	-11.019	-1.23983
A129Q_A	272	0.558441558442	-10.9448	-10.6302	-1.72995
Y100N_A	279	0.558441558442	-10.9448	-10.6302	-0.866995
W53F_A	292	0.545454545455	-10.8682	-10.5582	-1.09179
A1051C_C	301	0.58904109589	-11.9647	-10.8204	-2.21255
D19Q_A	309	0.532467532468	-12.3492	-11.569	-3.35225
Y1080T_C	320	0.561643835616	-12.1223	-10.4661	-1.01811
R1055L_C	332	0.547945205479	-12.0843	-10.4302	-3.03616
K91Y_A	352	0.512987012987	-12.0058	-11.604	-1.69227
H1092R_C	369	0.520547945205	-11.1841	-10.3409	-1.84439
T39M_A	378	0.512987012987	-11.1698	-10.9515	-3.1604
A106V_A	390	0.493506493506	-11.1191	-10.9347	-2.0985
Y82F_A	398	0.474025974026	-10.4845	-11.8064	-2.66709
R37W_A	411	0.467532467532	-10.4981	-11.8485	-1.35588
T1076K_C	427	0.493150684932	-10.4924	-10.298	-1.36569
Y68H_A	440	0.454545454545	-10.4575	-12.1211	-1.62756
I1093N_C	456	0.479452054795	-10.6206	-10.4847	-3.66996
R1076H_C	462	0.465753424658	-11.8412	-10.5068	-1.33322
P28L_A	479	0.441558441558	-11.5465	-12.035	-0.666885
F1051D_C	497	0.452054794521	-11.708	-9.70642	-2.29512
E11T_A	508	0.428571428571	-11.7836	-11.1266	-1.47467
T1080I_C	513	0.438356164384	-12.2091	-9.71489	-5.69293
F82W_A	520	0.428571428571	-14.4245	-10.4475	-2.84483
P125Q_A	528	0.422077922078	-11.9374	-11.6446	-0.707931
R124Q_A	535	0.428571428571	-11.7352	-12.2406	-1.64513
Y137E_A	543	0.422077922078	-11.8055	-12.5529	-0.7344
Q66P_A	552	0.422077922078	-12.1501	-13.2941	-4.99968
I1088V_C	560	0.369863013699	-12.239	-7.76236	-3.74349
H1059R_C	569	0.369863013699	-12.5535	-7.54087	-4.03603
E145L_A	580	0.396103896104	-11.4408	-11.0822	-2.34994
Q125V_A	588	0.38961038961	-10.9411	-11.255	-0.424573
I1080A_C	601	0.328767123288	-10.7868	-1.99609	-3.32535
D55M_A	621	0.383116883117	-10.7801	-10.4821	-1.67039
H1076T_C	629	0.301369863014	-10.8694	-1.81093	-2.12509
R13F_A	637	0.37012987013	-10.6744	-8.51751	-4.91645
K102A_A	643	0.363636363636	-11.2401	-8.49419	-1.69384
Y1079D_C	648	0.287671232877	-11.3485	-5.63153	-2.06765
N71L_A	660	0.357142857143	-10.8642	-8.68007	-2.64466
F1081L_C	669	0.301369863014	-10.8692	-5.95229	-2.32967
N32F_A	676	0.357142857143	-10.8796	-8.18147	-2.42951
D87L_A	681	0.357142857143	-10.8796	-8.19575	-4.04092
R55T_A	687	0.344155844156	-10.7126	-8.20552	-2.96575
F24N_A	693	0.337662337662	-10.6168	-8.20905	-1.90096
Y1045S_C	701	0.301369863014	-10.9923	-5.53578	-2.69893
R1038W_C	714	0.301369863014	-10.6437	-4.96573	-3.74046
E78K_A	726	0.350649350649	-10.6493	-8.33423	-1.84212
R76K_A	735	0.357142857143	-10.5356	-8.34784	-1.63391
T118S_A	744	0.357142857143	-10.5431	-8.31351	-2.3286
Y1050S_C	750	0.287671232877	-10.5398	-4.58356	-5.74593
S136K_A	757	0.350649350649	-10.5138	-8.24216	-1.95252
L9T_A	763	0.337662337662	-10.5054	-8.2373	-1.81707
T9N_A	770	0.337662337662	-10.7324	-7.43357	-1.9877
S1050T_C	780	0.287671232877	-10.7521	-5.13008	-4.90764
A68I_A	788	0.337662337662	-10.8121	-7.2238	-1.33112
K1032C_C	798	0.301369863014	-10.8109	-5.17207	-2.12997
I146M_A	816	0.337662337662	-10.6964	-7.23622	-1.3953
N124K_A	824	0.331168831169	-10.6296	-7.21654	-2.10881
E37W_A	831	0.331168831169	-10.6294	-7.24034	-2.40858
N9Q_A	841	0.331168831169	-10.6654	-7.24167	-2.52547
M3R_A	847	0.331168831169	-10.7451	-8.04398	-2.38805
Q33L_A	855	0.331168831169	-10.7599	-8.05397	-3.18092
G128P_A	863	0.344155844156	-10.8002	-8.01945	-1.29031
A149M_A	878	0.344155844156	-10.7136	-8.00403	-1.7886
E1079K_C	885	0.287671232877	-10.7839	-4.77274	-1.96308
N61H_A	900	0.337662337662	-10.797	-8.08096	-2.15961
S118N_A	909	0.331168831169	-10.866	-7.11059	-3.8441
A78N_A	916	0.331168831169	-10.8499	-7.08093	-4.9724
H61N_A	921	0.324675324675	-10.9734	-7.45974	-3.69326
I1036E_C	933	0.301369863014	-11.0174	-4.49244	-3.83377
I81T_A	942	0.318181818182	-11.1234	-7.46527	-1.35677
M19W_A	950	0.318181818182	-11.3655	-7.20792	-1.3112
C1080Y_C	957	0.287671232877	-11.7988	-4.56601	-2.40852
P128N_A	965	0.324675324675	-11.9181	-7.06272	-2.00301
L33E_A	980	0.318181818182	-11.8839	-7.01808	-1.84543
I46H_A	992	0.324675324675	-11.3809	-7.01246	-2.04336
P78S_A	999	0.318181818182	-11.4016	-7.07866	-3.02616
