name	count	identity	interface_identity	non_interface_identity	evolved_interaction	ancestral_interaction	stability
P125N_A	1	0.993506493506	1.0	0.992592592593	-10.5034	-10.5197	-24.0695
G50D_A	6	0.974025974026	1.0	0.97037037037	-10.4792	-10.4856	-11.4597
I92T_A	11	0.948051948052	1.0	0.940740740741	-10.4869	-10.5205	-6.84905
G115F_A	22	0.915584415584	0.947368421053	0.911111111111	-10.4946	-10.533	-3.42704
W134Q_A	29	0.896103896104	0.947368421053	0.888888888889	-10.5283	-10.5342	-8.36572
S35M_A	37	0.876623376623	0.941176470588	0.868613138686	-10.6137	-10.5238	-6.69686
F1037D_C	45	0.917808219178	0.954545454545	0.901960784314	-10.4539	-10.4796	-3.30785
Y144S_A	64	0.837662337662	0.941176470588	0.824817518248	-10.7003	-10.5967	-1.31572
S1062A_C	71	0.86301369863	0.954545454545	0.823529411765	-10.8565	-10.7395	-3.03517
D1037F_C	76	0.849315068493	0.909090909091	0.823529411765	-10.8562	-8.20179	-7.59988
Y1038A_C	83	0.821917808219	0.909090909091	0.78431372549	-10.9289	-10.8693	-4.24427
H1023L_C	93	0.794520547945	0.909090909091	0.745098039216	-11.0654	-10.8504	-3.46949
T128G_A	103	0.779220779221	0.875	0.768115942029	-10.953	-9.7245	-1.29029
E118C_A	108	0.785714285714	0.9375	0.768115942029	-10.9545	-10.4822	-5.4738
G34D_A	113	0.772727272727	0.9375	0.753623188406	-10.8102	-10.1913	-2.46367
Q39M_A	126	0.75974025974	0.9375	0.739130434783	-10.7903	-10.3575	-6.13531
S1032A_C	138	0.698630136986	0.818181818182	0.647058823529	-10.6892	-10.6249	-0.980937
Q151L_A	150	0.720779220779	0.9375	0.695652173913	-10.686	-10.1509	-2.85348
M36K_A	159	0.701298701299	0.9375	0.673913043478	-11.0005	-10.7491	-2.6837
G128R_A	168	0.688311688312	0.875	0.666666666667	-10.754	-10.0582	-2.15433
Q101G_A	182	0.675324675325	0.933333333333	0.647482014388	-11.0094	-10.0661	-1.51183
D19Q_A	197	0.662337662338	0.866666666667	0.640287769784	-11.8709	-10.9232	-1.04843
N125Y_A	207	0.655844155844	0.866666666667	0.63309352518	-11.8989	-10.9533	-4.18456
D3V_A	212	0.655844155844	0.875	0.630434782609	-11.7088	-10.9715	-4.06881
N140A_A	217	0.636363636364	0.875	0.608695652174	-11.8049	-10.599	-1.40869
W1051A_C	225	0.657534246575	0.818181818182	0.588235294118	-11.8074	-10.5819	-6.25573
M142H_A	234	0.62987012987	0.875	0.601449275362	-11.8098	-10.6017	-2.38854
S101V_A	243	0.62987012987	0.875	0.601449275362	-11.0261	-9.83034	-3.1541
T91P_A	250	0.603896103896	0.875	0.572463768116	-11.0288	-9.87404	-2.10226
R1046W_C	258	0.630136986301	0.818181818182	0.549019607843	-11.0228	-10.8219	-5.9413
F1024Y_C	267	0.602739726027	0.818181818182	0.509803921569	-10.968	-10.9781	-5.30837
C5I_A	285	0.584415584416	0.8125	0.557971014493	-11.1596	-8.71822	-1.90402
H1042N_C	291	0.58904109589	0.818181818182	0.490196078431	-11.1222	-9.92441	-3.83952
I102H_A	297	0.577922077922	0.8125	0.550724637681	-11.1546	-8.80856	-4.94764
D1068F_C	307	0.547945205479	0.772727272727	0.450980392157	-11.2453	-9.9221	-2.64285
G89C_A	313	0.558441558442	0.8	0.532374100719	-10.59	-9.00654	-2.672
C118E_A	321	0.551948051948	0.8	0.525179856115	-10.9582	-8.83888	-2.76311
P88Y_A	332	0.525974025974	0.8	0.496402877698	-10.9206	-8.86284	-2.45426
T1065N_C	340	0.506849315068	0.681818181818	0.43137254902	-11.918	-10.3103	-3.32309
N1074G_C	352	0.506849315068	0.681818181818	0.43137254902	-12.0062	-10.3914	-3.63599
W106P_A	374	0.519480519481	0.733333333333	0.496402877698	-12.7738	-8.81215	-1.87441
N126Q_A	388	0.506493506494	0.733333333333	0.482014388489	-12.5968	-8.77467	-1.13658
K1075C_C	395	0.465753424658	0.590909090909	0.411764705882	-12.5655	-10.3051	-5.05364
L67M_A	406	0.480519480519	0.733333333333	0.453237410072	-12.9725	-8.65706	-1.46617
E1084L_C	421	0.438356164384	0.545454545455	0.392156862745	-11.7432	-9.94443	-5.42009
Y58L_A	426	0.454545454545	0.733333333333	0.424460431655	-11.6503	-8.96355	-2.49299
E12T_A	432	0.428571428571	0.733333333333	0.395683453237	-11.7147	-8.95303	-2.35523
N1038V_C	439	0.438356164384	0.545454545455	0.392156862745	-11.6924	-9.80605	-4.96348
L1063F_C	444	0.41095890411	0.545454545455	0.352941176471	-11.3652	-9.24477	-4.67156
L1055E_C	454	0.41095890411	0.545454545455	0.352941176471	-11.3497	-9.25044	-0.908462
V3I_A	462	0.415584415584	0.733333333333	0.381294964029	-11.9111	-8.74053	-2.79025
S1067N_C	468	0.41095890411	0.545454545455	0.352941176471	-11.3695	-8.07663	-5.49268
L62M_A	481	0.422077922078	0.733333333333	0.388489208633	-11.9101	-8.60937	-5.25158
A1082C_C	486	0.397260273973	0.5	0.352941176471	-11.8725	-8.26595	-2.45443
W135H_A	496	0.402597402597	0.6	0.381294964029	-11.8072	-8.89015	-2.05038
Q1056G_C	504	0.369863013699	0.454545454545	0.333333333333	-10.8844	-8.14661	-2.19846
A133G_A	515	0.402597402597	0.6	0.381294964029	-10.8799	-8.89164	-1.77467
H1093I_C	522	0.369863013699	0.454545454545	0.333333333333	-10.8983	-8.15395	-4.47549
S1023F_C	531	0.369863013699	0.454545454545	0.333333333333	-10.8609	-8.16529	-3.40215
F1032I_C	539	0.369863013699	0.454545454545	0.333333333333	-10.8355	-8.14546	-3.05151
I1093E_C	545	0.369863013699	0.454545454545	0.333333333333	-11.276	-8.44921	-2.80134
W52T_A	551	0.37012987013	0.5	0.355072463768	-11.882	-8.8895	-1.63629
L4Y_A	557	0.363636363636	0.5	0.347826086957	-11.8717	-8.88953	-2.49839
I93C_A	563	0.37012987013	0.5	0.355072463768	-11.768	-8.72859	-2.17854
G1056F_C	572	0.356164383562	0.409090909091	0.333333333333	-10.8725	-6.20283	-5.90588
D87V_A	578	0.357142857143	0.5	0.340579710145	-10.8911	-8.68104	-2.60425
F1056K_C	588	0.356164383562	0.409090909091	0.333333333333	-10.8379	-6.43912	-5.81206
Y82L_A	597	0.350649350649	0.5	0.333333333333	-10.7363	-9.66306	-1.36384
K1058Q_C	607	0.328767123288	0.409090909091	0.294117647059	-10.757	-6.4282	-3.79508
F149I_A	617	0.350649350649	0.5	0.333333333333	-10.7878	-9.88279	-1.67363
Y88P_A	631	0.357142857143	0.5	0.340579710145	-10.6374	-9.87299	-1.54401
P106A_A	643	0.363636363636	0.5	0.347826086957	-10.9404	-9.87006	-1.21068
N135S_A	655	0.357142857143	0.5	0.340579710145	-10.928	-9.80539	-2.65841
T148E_A	663	0.350649350649	0.5	0.333333333333	-10.6446	-8.98421	-1.43179
L142T_A	672	0.337662337662	0.5	0.31884057971	-10.6569	-8.98373	-2.03858
M1059G_C	682	0.369863013699	0.409090909091	0.352941176471	-10.7418	-9.19915	-1.27575
M83L_A	691	0.337662337662	0.5	0.31884057971	-10.6686	-8.98284	-2.0541
F1023P_C	705	0.342465753425	0.409090909091	0.313725490196	-10.906	-9.11858	-0.706127
Q102M_A	718	0.331168831169	0.5	0.311594202899	-10.9259	-7.98543	-3.1082
R1043L_C	728	0.342465753425	0.409090909091	0.313725490196	-10.8782	-9.11714	-1.66192
M1089V_C	738	0.342465753425	0.409090909091	0.313725490196	-10.4436	-9.12852	-1.31305
Y41D_A	751	0.324675324675	0.5	0.304347826087	-11.0411	-10.0844	-0.403497
H1060V_C	765	0.342465753425	0.409090909091	0.313725490196	-11.2016	-9.14032	-2.71324
V57R_A	776	0.318181818182	0.4375	0.304347826087	-11.1592	-8.60868	-1.64224
N108W_A	784	0.311688311688	0.4375	0.297101449275	-11.1006	-8.57092	-2.68673
N27L_A	798	0.311688311688	0.4375	0.297101449275	-11.9013	-9.16606	-2.31764
N1065Q_C	812	0.328767123288	0.416666666667	0.285714285714	-12.0321	-7.64998	-1.22285
Q1046C_C	817	0.315068493151	0.416666666667	0.265306122449	-11.6528	-7.42456	-2.15758
V42M_A	834	0.318181818182	0.4375	0.304347826087	-11.1927	-9.38351	-1.67417
C93Q_A	844	0.298701298701	0.4375	0.282608695652	-11.2396	-9.33599	-2.85805
E1079T_C	850	0.27397260274	0.333333333333	0.244897959184	-11.2463	-9.83753	-3.81426
W108L_A	858	0.292207792208	0.4375	0.275362318841	-11.2121	-9.46507	-1.46158
L1058Y_C	869	0.260273972603	0.333333333333	0.224489795918	-11.1364	-9.83488	-6.06132
N1085H_C	882	0.260273972603	0.333333333333	0.224489795918	-12.6693	-8.20329	-4.90754
P124A_A	890	0.292207792208	0.4	0.280575539568	-12.9731	-9.62149	-2.79666
W29I_A	895	0.285714285714	0.4	0.273381294964	-13.1431	-9.76168	-4.53831
Y70L_A	902	0.272727272727	0.4	0.258992805755	-11.1827	-9.47133	-3.72665
M39Q_A	911	0.272727272727	0.4	0.258992805755	-11.1802	-9.47085	-1.46062
Q1055F_C	929	0.232876712329	0.318181818182	0.196078431373	-11.1763	-8.51246	-1.69077
Q152C_A	950	0.272727272727	0.4	0.258992805755	-11.196	-9.4796	-0.52158
W111Q_A	967	0.279220779221	0.4	0.26618705036	-10.9792	-9.39487	-1.30504
R49Y_A	987	0.272727272727	0.4	0.258992805755	-10.9429	-9.63532	-0.758145
C156S_A	993	0.279220779221	0.4	0.26618705036	-10.9212	-9.6976	-1.41367
R51T_A	1000	0.285714285714	0.4	0.273381294964	-10.9319	-9.54474	-3.221
