name	count	identity	interface_identity	non_interface_identity	evolved_interaction	ancestral_interaction	stability
Q1095S_C	1	0.986301369863	0.954545454545	1.0	-10.5055	-10.3893	-8.21352
N52K_A	7	0.974025974026	0.9375	0.978260869565	-10.4323	-10.5334	-13.5147
G1053I_C	12	0.931506849315	0.954545454545	0.921568627451	-10.8519	-10.9578	-7.12268
K146R_A	18	0.941558441558	0.9375	0.942028985507	-10.8063	-10.6766	-4.4015
P123V_A	25	0.928571428571	0.944444444444	0.926470588235	-11.0113	-10.7176	-1.54195
A32D_A	33	0.915584415584	0.944444444444	0.911764705882	-11.1401	-10.6415	-7.39122
R1047H_C	39	0.849315068493	0.909090909091	0.823529411765	-11.1239	-11.311	-5.41962
A106H_A	48	0.87012987013	0.944444444444	0.860294117647	-11.2106	-10.6439	-2.09731
E1059N_C	63	0.821917808219	0.863636363636	0.803921568627	-11.0547	-11.3923	-2.10694
S1032T_C	72	0.794520547945	0.818181818182	0.78431372549	-11.0025	-11.3311	-2.47594
T104S_A	80	0.811688311688	0.944444444444	0.794117647059	-10.7218	-10.218	-3.07469
S3T_A	91	0.785714285714	0.944444444444	0.764705882353	-10.7763	-10.3058	-2.29537
V123T_A	104	0.772727272727	0.944444444444	0.75	-10.7421	-10.2921	-0.999088
N81L_A	112	0.753246753247	0.944444444444	0.727941176471	-10.7518	-10.3786	-4.32452
K40V_A	118	0.74025974026	0.944444444444	0.713235294118	-10.7441	-10.3703	-3.60501
W1075M_C	125	0.671232876712	0.818181818182	0.607843137255	-10.5983	-11.2684	-1.99631
R1071M_C	134	0.643835616438	0.818181818182	0.56862745098	-10.5148	-11.0447	-2.7952
K15R_A	153	0.714285714286	0.944444444444	0.683823529412	-10.7	-10.6113	-1.97918
K31R_A	159	0.688311688312	0.894736842105	0.659259259259	-10.5622	-10.5966	-2.041
D91G_A	170	0.688311688312	0.894736842105	0.659259259259	-10.5843	-10.5906	-1.98996
D100P_A	187	0.675324675325	0.894736842105	0.644444444444	-10.588	-10.5012	-0.97197
K1041Q_C	193	0.575342465753	0.818181818182	0.470588235294	-11.306	-11.8555	-1.8049
G44N_A	198	0.636363636364	0.789473684211	0.614814814815	-11.1435	-11.1589	-2.50205
S1033A_C	208	0.561643835616	0.818181818182	0.450980392157	-11.0588	-11.9042	-2.36269
K1030Q_C	220	0.561643835616	0.818181818182	0.450980392157	-11.0247	-11.8858	-2.21634
E11K_A	232	0.590909090909	0.684210526316	0.577777777778	-10.7716	-10.3101	-2.16633
E143Q_A	240	0.577922077922	0.684210526316	0.562962962963	-10.6005	-10.451	-3.40338
L119R_A	256	0.564935064935	0.684210526316	0.548148148148	-10.5998	-10.441	-5.53758
Y1034M_C	262	0.534246575342	0.772727272727	0.43137254902	-10.7925	-9.96818	-1.44745
M1034F_C	273	0.534246575342	0.772727272727	0.43137254902	-10.4574	-9.79637	-2.10131
F7M_A	280	0.538961038961	0.684210526316	0.518518518519	-10.5698	-10.5268	-8.74441
P28C_A	288	0.525974025974	0.631578947368	0.511111111111	-10.4541	-10.415	-4.26732
V1041M_C	299	0.547945205479	0.772727272727	0.450980392157	-10.5381	-10.0885	-1.58554
L1095Y_C	311	0.534246575342	0.772727272727	0.43137254902	-10.6523	-10.1091	-1.48109
P100L_A	320	0.512987012987	0.666666666667	0.492647058824	-10.7452	-10.4303	-3.50495
G50S_A	327	0.487012987013	0.611111111111	0.470588235294	-10.9222	-10.6324	-1.49562
M1046D_C	335	0.506849315068	0.772727272727	0.392156862745	-10.9196	-10.2134	-1.65638
Q1042G_C	343	0.493150684932	0.772727272727	0.372549019608	-10.6264	-10.0726	-0.871841
S127K_A	351	0.480519480519	0.611111111111	0.463235294118	-10.6397	-10.6196	-7.13909
Q151M_A	358	0.467532467532	0.611111111111	0.448529411765	-10.6403	-10.6113	-5.70778
N140Q_A	363	0.461038961039	0.611111111111	0.441176470588	-10.6351	-10.6479	-4.57537
I93V_A	372	0.454545454545	0.611111111111	0.433823529412	-10.5804	-10.6475	-2.60328
S50A_A	383	0.441558441558	0.611111111111	0.419117647059	-10.5829	-10.6141	-1.75829
F1034M_C	396	0.465753424658	0.727272727273	0.352941176471	-10.7337	-10.1963	-1.74553
E67A_A	403	0.428571428571	0.611111111111	0.404411764706	-11.1987	-10.7207	-3.1888
D49E_A	411	0.435064935065	0.631578947368	0.407407407407	-11.8866	-10.8174	-2.74959
L123E_A	418	0.422077922078	0.588235294118	0.401459854015	-10.6235	-10.8523	-2.20094
R127M_A	425	0.409090909091	0.529411764706	0.394160583942	-11.3417	-10.3152	-1.65721
T3C_A	435	0.409090909091	0.529411764706	0.394160583942	-12.0172	-11.3431	-2.15538
A54M_A	440	0.402597402597	0.529411764706	0.386861313869	-12.1226	-11.2332	-1.55005
A1033R_C	456	0.41095890411	0.652173913043	0.3	-12.0966	-8.1321	-2.90517
C48V_A	472	0.396103896104	0.529411764706	0.379562043796	-12.0948	-11.2339	-0.76637
I1023M_C	486	0.41095890411	0.652173913043	0.3	-12.1818	-8.05777	-2.62479
F122G_A	492	0.38961038961	0.529411764706	0.372262773723	-11.9774	-11.6801	-2.50724
G1055L_C	500	0.397260273973	0.652173913043	0.28	-11.6543	-9.45433	-2.62592
M1023P_C	506	0.397260273973	0.625	0.285714285714	-11.0948	-10.7217	-1.27396
H111C_A	514	0.38961038961	0.529411764706	0.372262773723	-11.2188	-10.5392	-2.40907
L1055F_C	525	0.397260273973	0.625	0.285714285714	-11.254	-9.87893	-1.39899
G1041Q_C	536	0.383561643836	0.583333333333	0.285714285714	-11.2588	-9.76406	-2.85812
N68C_A	545	0.383116883117	0.529411764706	0.36496350365	-11.2623	-10.5036	-3.44104
Q117S_A	552	0.37012987013	0.470588235294	0.357664233577	-10.5667	-9.7083	-2.55855
E100T_A	558	0.37012987013	0.470588235294	0.357664233577	-10.6927	-9.7293	-1.74187
N10A_A	570	0.37012987013	0.444444444444	0.360294117647	-10.5346	-9.72704	-1.395
S61K_A	583	0.363636363636	0.444444444444	0.352941176471	-10.5294	-9.67043	-2.66836
P1023Q_C	592	0.369863013699	0.583333333333	0.265306122449	-10.5773	-9.90775	-1.54686
R79E_A	606	0.350649350649	0.444444444444	0.338235294118	-10.5732	-9.42847	-1.59902
S15I_A	612	0.350649350649	0.444444444444	0.338235294118	-10.8753	-9.72928	-5.10085
A21D_A	619	0.331168831169	0.444444444444	0.316176470588	-10.6591	-9.22718	-3.36187
I45M_A	629	0.318181818182	0.444444444444	0.301470588235	-10.4996	-9.16505	-1.61337
R143V_A	647	0.324675324675	0.444444444444	0.308823529412	-10.5033	-9.16505	-2.77369
C1032H_C	655	0.383561643836	0.583333333333	0.285714285714	-10.4855	-9.84056	-1.8806
I1034L_C	664	0.383561643836	0.56	0.291666666667	-10.9691	-10.0257	-1.91123
A1093V_C	675	0.383561643836	0.541666666667	0.30612244898	-10.932	-10.0199	-1.72273
S1029M_C	689	0.369863013699	0.48	0.3125	-11.7267	-9.03163	-4.55139
K1027T_C	696	0.342465753425	0.478260869565	0.28	-10.798	-8.93452	-1.9023
M1030I_C	707	0.342465753425	0.478260869565	0.28	-11.7371	-11.5018	-1.95494
E1079K_C	716	0.328767123288	0.478260869565	0.26	-11.537	-11.3239	-4.83877
P154H_A	721	0.311688311688	0.444444444444	0.294117647059	-11.5424	-10.0097	-1.68618
M1042P_C	728	0.328767123288	0.478260869565	0.26	-11.6158	-11.3302	-2.92526
T91V_A	736	0.305194805195	0.444444444444	0.286764705882	-11.6496	-9.86474	-8.48811
P46C_A	741	0.292207792208	0.388888888889	0.279411764706	-10.9005	-9.25127	-2.59047
M54I_A	748	0.292207792208	0.388888888889	0.279411764706	-11.0055	-9.12508	-1.21359
V31K_A	757	0.292207792208	0.388888888889	0.279411764706	-10.9538	-9.22679	-2.39405
V146F_A	763	0.292207792208	0.388888888889	0.279411764706	-11.1344	-9.26536	-2.16905
D101N_A	769	0.292207792208	0.388888888889	0.279411764706	-11.1488	-9.26557	-1.40165
P1051I_C	778	0.301369863014	0.434782608696	0.24	-10.6543	-10.5197	-2.66656
W89R_A	794	0.279220779221	0.277777777778	0.279411764706	-11.2421	-9.33111	-1.3154
L122V_A	802	0.285714285714	0.277777777778	0.286764705882	-11.1356	-9.33113	-0.678655
D1079E_C	815	0.315068493151	0.434782608696	0.26	-11.1211	-9.93283	-4.6036
F66D_A	824	0.292207792208	0.277777777778	0.294117647059	-11.0389	-9.19435	-2.83389
A1070D_C	832	0.315068493151	0.434782608696	0.26	-11.4404	-10.2082	-4.28788
R1071L_C	850	0.287671232877	0.434782608696	0.22	-11.6398	-9.8216	-4.58759
L1052H_C	858	0.287671232877	0.434782608696	0.22	-10.7664	-10.1556	-3.75401
K141L_A	871	0.272727272727	0.277777777778	0.272058823529	-10.7617	-8.70091	-0.80457
L48C_A	879	0.272727272727	0.277777777778	0.272058823529	-10.8178	-8.68433	-2.95079
H83M_A	886	0.266233766234	0.277777777778	0.264705882353	-10.8183	-8.71156	-5.58045
Y99R_A	895	0.266233766234	0.277777777778	0.264705882353	-11.2627	-8.35298	-1.24632
A47G_A	916	0.272727272727	0.277777777778	0.272058823529	-11.4867	-8.70274	-5.36001
E67W_A	922	0.253246753247	0.35	0.238805970149	-11.2374	-8.50875	-1.35193
M1058Y_C	931	0.301369863014	0.434782608696	0.24	-11.2122	-9.25257	-2.94809
N147E_A	939	0.253246753247	0.35	0.238805970149	-11.1721	-8.64704	-3.5753
T1080N_C	945	0.301369863014	0.434782608696	0.24	-11.2111	-9.32937	-3.05709
K150M_A	954	0.24025974026	0.35	0.223880597015	-11.2595	-8.66438	-2.45146
I71F_A	963	0.24025974026	0.35	0.223880597015	-11.2891	-8.72277	-4.06722
S126N_A	972	0.24025974026	0.35	0.223880597015	-11.24	-8.50185	-3.23407
A36W_A	988	0.24025974026	0.35	0.223880597015	-11.1743	-8.42769	-1.63336
N114Q_A	996	0.24025974026	0.35	0.223880597015	-10.7143	-9.39228	-4.01923
