name	count	identity	evolved_interaction	ancestral_interaction	stability
S89F_A	1	0.993506493506	-10.4993	-10.527	-25.4896
I1024K_C	6	0.958904109589	-11.2019	-11.2496	-9.12032
T51D_A	11	0.961038961039	-11.3919	-10.5002	-19.2806
A79T_A	16	0.948051948052	-11.3757	-10.533	-19.2568
E42G_A	21	0.915584415584	-11.3343	-10.5079	-12.5771
D51I_A	28	0.896103896104	-11.4321	-10.3675	-9.05815
I1072F_C	37	0.876712328767	-11.5286	-10.7816	-2.91066
D37W_A	45	0.857142857143	-12.9559	-11.6712	-2.20711
Q1095R_C	55	0.835616438356	-13.5292	-11.3576	-2.32653
H145C_A	66	0.818181818182	-10.7581	-9.30259	-0.962797
E1059P_C	77	0.767123287671	-10.6616	-11.2386	-2.65869
D1061P_C	83	0.753424657534	-10.6263	-11.1525	-3.19855
R1071P_C	94	0.712328767123	-10.4754	-11.0703	-4.4863
S136I_A	105	0.792207792208	-10.4455	-9.41895	-1.75034
G1036C_C	114	0.684931506849	-10.6783	-11.1983	-2.702
G115L_A	125	0.75974025974	-10.7234	-9.56375	-7.42446
K153V_A	131	0.733766233766	-10.7067	-9.53167	-2.71151
T61K_A	141	0.714285714286	-10.6983	-9.51084	-4.75376
Y1059P_C	154	0.630136986301	-10.6648	-11.2472	-2.51694
Q7E_A	163	0.688311688312	-10.8015	-9.50344	-3.64523
W134M_A	172	0.675324675325	-11.1101	-9.51118	-6.17696
R135V_A	182	0.655844155844	-11.1937	-9.49725	-1.23988
W37F_A	193	0.642857142857	-11.1777	-9.49143	-2.30302
D1045L_C	198	0.58904109589	-10.8095	-11.5407	-6.76374
N1042M_C	206	0.575342465753	-10.9356	-11.6206	-6.80245
R104A_A	214	0.603896103896	-10.8534	-9.00262	-2.53013
P1059K_C	223	0.534246575342	-10.847	-11.591	-3.3728
C27S_A	248	0.584415584416	-11.3937	-8.09721	-2.00154
P1071H_C	255	0.506849315068	-11.4938	-10.97	-0.944676
K76I_A	270	0.538961038961	-11.0342	-8.13223	-1.99883
M84S_A	278	0.532467532468	-10.7798	-8.00999	-2.75948
S84G_A	283	0.532467532468	-10.789	-7.67985	-3.46101
Q1076Y_C	291	0.424657534247	-10.6886	-10.3763	-2.54941
L9I_A	299	0.519480519481	-10.5901	-7.70597	-2.15865
N1079L_C	306	0.397260273973	-10.8058	-10.2303	-4.62661
M134L_A	317	0.506493506494	-10.5393	-7.67677	-2.26173
D1068A_C	322	0.356164383562	-11.4876	-8.32341	-3.08234
A93E_A	327	0.487012987013	-11.6685	-10.213	-1.5658
M61F_A	335	0.487012987013	-11.6711	-10.3337	-1.18335
L1051N_C	344	0.328767123288	-11.6709	-8.35019	-2.14355
S27P_A	349	0.480519480519	-11.8152	-10.6604	-1.67626
L95F_A	361	0.480519480519	-11.3126	-11.6423	-4.01029
G1047H_C	371	0.328767123288	-11.28	-8.36332	-1.89416
K99R_A	380	0.454545454545	-10.9695	-11.598	-3.21193
S3M_A	389	0.448051948052	-10.9177	-11.3169	-0.467788
H1047K_C	396	0.328767123288	-11.3274	-8.19104	-1.65857
L1079W_C	406	0.328767123288	-11.3265	-8.33132	-1.96872
V75M_A	416	0.422077922078	-11.4238	-12.1114	-1.79033
C32R_A	428	0.409090909091	-11.2579	-10.8638	-0.489873
K29E_A	445	0.409090909091	-10.769	-11.8011	-1.43113
S1024W_C	453	0.328767123288	-10.9168	-7.66958	-3.57563
N89R_A	462	0.396103896104	-10.8969	-11.4072	-1.87997
N85S_A	470	0.396103896104	-10.8974	-11.356	-2.11423
I109Y_A	477	0.396103896104	-10.9415	-11.368	-3.91076
E70I_A	483	0.396103896104	-11.0162	-9.61566	-3.02418
K1034Y_C	490	0.301369863014	-11.1015	-7.71211	-1.47655
H1057S_C	506	0.301369863014	-11.2077	-7.74676	-2.14817
Y10Q_A	521	0.38961038961	-11.1526	-12.2696	-1.27338
K1062N_C	527	0.301369863014	-11.0852	-7.75113	-3.6235
P27F_A	533	0.383116883117	-11.2695	-13.1266	-8.77735
A104V_A	539	0.376623376623	-11.3574	-13.1699	-3.65009
M37Y_A	546	0.37012987013	-11.1327	-10.155	-2.45154
I1088L_C	552	0.27397260274	-11.9057	-7.38482	-1.66935
W101T_A	559	0.37012987013	-11.8471	-11.1504	-2.71968
M36V_A	571	0.363636363636	-12.4099	-11.3532	-6.52165
Y44I_A	577	0.357142857143	-12.5408	-11.8366	-2.31491
N1046I_C	584	0.287671232877	-12.0477	-8.83043	-1.36828
I1035D_C	596	0.27397260274	-11.8701	-7.78959	0.404825
Q96G_A	605	0.357142857143	-11.8948	-14.134	-1.58909
E63T_A	610	0.350649350649	-11.9396	-13.9149	-2.98582
N1051C_C	621	0.27397260274	-11.8751	-7.28274	0.202536
N39K_A	631	0.337662337662	-11.9674	-14.6495	-0.615917
C1040S_C	640	0.260273972603	-11.9791	-7.71412	1.02524
E86K_A	649	0.331168831169	-12.0258	-14.8461	-1.28439
Q32P_A	661	0.324675324675	-11.975	-14.9996	-1.24548
M151L_A	675	0.324675324675	-11.5067	-13.7214	-0.724339
Q77C_A	687	0.324675324675	-11.5031	-13.7275	-0.797027
W1079R_C	695	0.260273972603	-11.2042	-6.96493	-0.98879
S100M_A	707	0.318181818182	-11.1302	-12.2194	-2.48393
M1077V_C	714	0.27397260274	-11.2035	-6.83467	-0.582897
K107M_A	723	0.311688311688	-11.1987	-12.3273	-2.37047
R7L_A	735	0.305194805195	-11.4257	-12.1917	-3.54998
K30F_A	740	0.298701298701	-11.0612	-10.9508	-3.31404
K39W_A	748	0.285714285714	-10.9902	-10.8941	0.697914
S54I_A	753	0.285714285714	-10.876	-10.8867	-0.977991
T62A_A	761	0.272727272727	-10.7324	-10.7438	-0.249374
Q3V_A	767	0.272727272727	-10.7228	-10.6702	-0.459284
T1029I_C	775	0.27397260274	-10.4809	-6.85165	-1.30701
D1060I_C	783	0.27397260274	-10.5031	-6.88336	-2.85113
T133V_A	793	0.25974025974	-10.6507	-10.7192	-0.383855
L1038E_C	804	0.27397260274	-10.6159	-7.03052	-3.02613
K1031H_C	813	0.260273972603	-10.551	-7.2181	-2.14397
M1026F_C	827	0.246575342466	-10.6256	-7.2203	-2.76407
F130M_A	841	0.253246753247	-10.6253	-9.86383	-0.441233
P1095F_C	850	0.246575342466	-10.4966	-7.15289	-3.19368
M124Q_A	859	0.25974025974	-10.7432	-10.2676	0.0313369
N1056L_C	875	0.232876712329	-10.5979	-7.32942	-3.50877
W39Q_A	882	0.25974025974	-10.581	-10.2424	-1.78016
L19N_A	893	0.25974025974	-10.9038	-12.2393	-0.763832
D131P_A	899	0.25974025974	-10.9743	-11.7615	-1.47442
Y87E_A	916	0.253246753247	-10.8543	-10.8378	-0.492527
A106M_A	928	0.246753246753	-10.8479	-10.8377	-1.12719
V8S_A	934	0.246753246753	-12.8014	-10.1431	-0.0696822
R31E_A	945	0.24025974026	-12.3333	-8.57275	-1.7912
Y58M_A	952	0.24025974026	-12.3365	-8.56736	-1.9649
T1027I_C	963	0.219178082192	-12.5609	-9.42063	-2.7282
L1074W_C	972	0.219178082192	-12.5661	-9.42063	-1.63642
L28M_A	983	0.233766233766	-12.1659	-9.13798	-0.934153
D95E_A	991	0.233766233766	-12.1761	-9.12195	-1.50722
