name	count	identity	interface_identity	non_interface_identity	evolved_interaction	ancestral_interaction	stability
S1062Y_C	1	0.986301369863	1.0	0.980392156863	-10.4473	-10.4831	-8.7653
K15A_A	8	0.993506493506	1.0	0.992592592593	-10.5749	-10.5592	-26.4927
V29Q_A	14	0.961038961039	1.0	0.955555555556	-10.5353	-10.5206	-18.4418
T61V_A	28	0.935064935065	1.0	0.925925925926	-10.4409	-9.63241	-14.1458
W53L_A	34	0.909090909091	1.0	0.896296296296	-10.4389	-9.69678	-14.3155
Q154R_A	39	0.876623376623	0.947368421053	0.866666666667	-11.0816	-11.4376	-6.98717
I112M_A	45	0.857142857143	0.894736842105	0.851851851852	-11.1159	-10.3431	-4.09476
I96A_A	50	0.824675324675	0.894736842105	0.814814814815	-11.2583	-11.3995	-2.32909
N126T_A	58	0.805194805195	0.894736842105	0.792592592593	-11.3319	-11.449	-1.23642
E70R_A	68	0.805194805195	0.894736842105	0.792592592593	-10.9647	-11.3373	-1.62707
T1086F_C	78	0.821917808219	0.863636363636	0.803921568627	-11.2078	-10.8691	-6.11133
R135M_A	85	0.785714285714	0.894736842105	0.77037037037	-11.5319	-11.2365	-1.13249
K147D_A	92	0.779220779221	0.894736842105	0.762962962963	-11.522	-11.2448	-1.12502
E1079A_C	101	0.767123287671	0.863636363636	0.725490196078	-10.6611	-11.1773	-4.51122
V148F_A	110	0.753246753247	0.842105263158	0.740740740741	-10.6765	-10.5499	-2.75746
N140S_A	119	0.74025974026	0.842105263158	0.725925925926	-11.0364	-10.5502	-1.14995
L9E_A	128	0.733766233766	0.842105263158	0.718518518519	-10.9019	-10.4051	-1.74378
R104M_A	136	0.714285714286	0.842105263158	0.696296296296	-11.0261	-10.4637	-4.36165
L149G_A	142	0.701298701299	0.789473684211	0.688888888889	-10.9941	-10.4707	-3.63313
S136W_A	151	0.688311688312	0.789473684211	0.674074074074	-11.5226	-11.0106	-2.14887
Q111D_A	158	0.681818181818	0.789473684211	0.666666666667	-11.4948	-10.9403	-4.40152
S35Y_A	164	0.655844155844	0.736842105263	0.644444444444	-10.9742	-11.4027	-3.03716
S1029M_C	173	0.602739726027	0.636363636364	0.588235294118	-12.0912	-11.843	-2.31097
K1032N_C	179	0.58904109589	0.636363636364	0.56862745098	-11.8268	-11.5994	-1.69723
S95Y_A	191	0.62987012987	0.684210526316	0.622222222222	-11.67	-11.0491	-3.87594
H1034C_C	196	0.547945205479	0.636363636364	0.509803921569	-11.0325	-11.5583	-1.22013
Y74F_A	207	0.616883116883	0.722222222222	0.602941176471	-11.1258	-10.3054	-0.789942
D1061V_C	223	0.493150684932	0.541666666667	0.469387755102	-11.2606	-11.8241	-3.3068
V1061Q_C	232	0.479452054795	0.52	0.458333333333	-10.997	-11.7948	-3.62065
D37Y_A	244	0.590909090909	0.608695652174	0.587786259542	-10.5141	-11.2386	-1.04298
F1079K_C	252	0.465753424658	0.52	0.4375	-10.514	-12.1212	-4.67269
H1064T_C	262	0.452054794521	0.52	0.416666666667	-11.0848	-12.0862	-4.43882
W1024S_C	272	0.452054794521	0.48	0.4375	-10.7729	-11.7098	-1.63594
E63Y_A	288	0.551948051948	0.5	0.560606060606	-11.1373	-11.4959	-3.07399
S4L_A	297	0.558441558442	0.5	0.568181818182	-11.124	-11.4495	-4.48328
A96L_A	303	0.558441558442	0.5	0.568181818182	-11.1381	-11.4632	-2.28048
N52Q_A	315	0.532467532468	0.5	0.537878787879	-11.1557	-11.4607	-2.21876
E124P_A	321	0.525974025974	0.5	0.530303030303	-12.0584	-11.9857	-3.48006
D1087K_C	330	0.397260273973	0.416666666667	0.387755102041	-10.602	-9.61279	-2.18047
N130Y_A	343	0.506493506494	0.52380952381	0.503759398496	-10.6313	-11.6266	-1.72813
I6V_A	354	0.493506493506	0.52380952381	0.488721804511	-10.6315	-11.6263	-2.30948
Y95F_A	370	0.480519480519	0.52380952381	0.473684210526	-10.4842	-11.6262	-2.59148
N66V_A	385	0.467532467532	0.52380952381	0.458646616541	-10.4828	-11.6263	-2.20534
P124I_A	396	0.461038961039	0.52380952381	0.451127819549	-10.4545	-11.6379	-4.14089
K1074F_C	405	0.397260273973	0.416666666667	0.387755102041	-10.4481	-9.49137	-3.05265
V75F_A	411	0.441558441558	0.52380952381	0.428571428571	-10.4515	-11.5102	-2.64192
S156N_A	420	0.435064935065	0.47619047619	0.428571428571	-10.3926	-10.95	-2.46075
G82Y_A	428	0.428571428571	0.47619047619	0.421052631579	-10.3928	-10.9567	-4.77196
Q128R_A	455	0.415584415584	0.47619047619	0.406015037594	-10.3913	-10.9425	-0.806381
F1050H_C	485	0.383561643836	0.416666666667	0.367346938776	-10.3921	-9.3834	-1.76316
W3G_A	496	0.396103896104	0.428571428571	0.390977443609	-10.471	-10.8759	-1.0203
Q39C_A	524	0.383116883117	0.428571428571	0.375939849624	-10.4293	-10.7793	-3.02528
Y35P_A	531	0.383116883117	0.428571428571	0.375939849624	-10.4296	-10.7681	-2.18143
F1074R_C	545	0.342465753425	0.416666666667	0.30612244898	-10.4694	-9.33698	-2.24102
F75I_A	555	0.383116883117	0.428571428571	0.375939849624	-10.4796	-10.6181	-3.17945
T1085N_C	564	0.328767123288	0.416666666667	0.285714285714	-10.6509	-9.73918	-2.7739
C138R_A	573	0.383116883117	0.45	0.373134328358	-10.7009	-10.714	-2.41238
N12Y_A	585	0.383116883117	0.45	0.373134328358	-11.3644	-11.5161	-4.28456
M102Y_A	594	0.38961038961	0.45	0.380597014925	-10.8707	-11.0385	-3.86623
S18C_A	602	0.383116883117	0.45	0.373134328358	-11.0608	-11.377	-6.67424
K120F_A	610	0.38961038961	0.45	0.380597014925	-11.1375	-11.3301	-4.32949
P28T_A	619	0.383116883117	0.4	0.380597014925	-10.8383	-11.15	-2.13455
A151Y_A	634	0.383116883117	0.4	0.380597014925	-10.8756	-10.8695	-4.34679
Q138K_A	653	0.383116883117	0.421052631579	0.377777777778	-10.4238	-10.5515	-2.01398
C93K_A	667	0.37012987013	0.421052631579	0.362962962963	-10.438	-10.5854	-5.98032
L109A_A	675	0.350649350649	0.421052631579	0.340740740741	-10.4558	-10.6169	-2.54225
P35V_A	690	0.344155844156	0.421052631579	0.333333333333	-10.447	-10.5234	-4.1715
S150D_A	703	0.344155844156	0.421052631579	0.333333333333	-10.7336	-10.8521	-6.03031
I1073E_C	710	0.287671232877	0.416666666667	0.224489795918	-10.7384	-8.47017	-1.85914
E126R_A	722	0.331168831169	0.421052631579	0.318518518519	-10.6351	-10.7084	-2.65206
D32F_A	730	0.331168831169	0.444444444444	0.316176470588	-11.1717	-9.52734	-2.79631
D105Q_A	745	0.324675324675	0.444444444444	0.308823529412	-11.1206	-9.53046	-1.54988
I124V_A	758	0.324675324675	0.444444444444	0.308823529412	-10.7615	-9.27033	-2.28687
N156K_A	764	0.311688311688	0.368421052632	0.303703703704	-10.7366	-9.98012	-2.78998
G122D_A	770	0.311688311688	0.368421052632	0.303703703704	-10.7399	-9.98318	-2.89974
Y78C_A	779	0.318181818182	0.368421052632	0.311111111111	-10.7329	-9.98788	-2.3511
D131N_A	790	0.318181818182	0.368421052632	0.311111111111	-10.5977	-9.71884	-3.01115
K156V_A	799	0.311688311688	0.368421052632	0.303703703704	-10.6004	-9.60597	-2.13716
C1071G_C	810	0.260273972603	0.375	0.204081632653	-11.1473	-9.64316	-1.97703
K71L_A	817	0.292207792208	0.3	0.291044776119	-10.8187	-9.33791	-3.3125
F138I_A	824	0.292207792208	0.3	0.291044776119	-10.9942	-9.34149	-1.07813
E1054L_C	833	0.260273972603	0.375	0.204081632653	-10.8704	-9.48444	-4.91753
V119Q_A	842	0.298701298701	0.285714285714	0.300751879699	-10.8788	-9.28347	-2.98388
V152C_A	852	0.298701298701	0.285714285714	0.300751879699	-11.0847	-9.38065	-3.23915
D153M_A	858	0.298701298701	0.285714285714	0.300751879699	-11.28	-9.41564	-5.09947
F95L_A	865	0.298701298701	0.285714285714	0.300751879699	-11.2826	-9.42645	-3.14095
K146P_A	875	0.292207792208	0.285714285714	0.293233082707	-11.285	-9.47984	-1.89345
P125Y_A	884	0.285714285714	0.285714285714	0.285714285714	-11.2681	-9.48783	-1.6668
A1044V_C	892	0.219178082192	0.333333333333	0.163265306122	-11.2597	-9.43914	-1.84698
G70Y_A	902	0.279220779221	0.318181818182	0.272727272727	-10.8268	-9.22283	-1.98426
Y1043W_C	914	0.219178082192	0.333333333333	0.163265306122	-10.8272	-9.3703	-1.79216
L4S_A	927	0.272727272727	0.318181818182	0.265151515152	-10.826	-9.16006	-4.85996
E1082C_C	935	0.219178082192	0.333333333333	0.163265306122	-10.6377	-8.97917	-1.45806
H143W_A	950	0.272727272727	0.3	0.268656716418	-10.4871	-8.83488	-2.97299
Q1063L_C	964	0.232876712329	0.333333333333	0.183673469388	-10.7327	-8.98772	-5.19262
G1057S_C	973	0.219178082192	0.333333333333	0.163265306122	-10.7932	-8.98779	-2.51934
L48A_A	986	0.266233766234	0.315789473684	0.259259259259	-10.7966	-9.07887	-2.34695
R1050C_C	991	0.219178082192	0.333333333333	0.163265306122	-10.9291	-8.87093	-4.29841
