name	count	identity	interface_identity	non_interface_identity	evolved_interaction	ancestral_interaction	stability
E131V_A	1	0.993506493506	1.0	0.992592592593	-10.4946	-10.5196	-24.4015
G23L_A	8	0.967532467532	0.894736842105	0.977777777778	-10.8499	-10.8906	-13.2236
D102V_A	19	0.941558441558	0.894736842105	0.948148148148	-10.8439	-10.9683	-12.0986
P123D_A	25	0.922077922078	0.842105263158	0.933333333333	-11.0044	-10.9622	-3.96469
S89Q_A	32	0.902597402597	0.842105263158	0.911111111111	-11.0703	-10.9669	-4.44337
A1065C_C	39	0.890410958904	0.954545454545	0.862745098039	-11.0804	-9.86137	-7.75595
Q111N_A	45	0.876623376623	0.842105263158	0.881481481481	-11.003	-10.9599	-6.53386
G1031F_C	52	0.849315068493	0.909090909091	0.823529411765	-10.7371	-10.4596	-2.39757
Y150F_A	57	0.831168831169	0.8	0.835820895522	-11.0238	-10.3859	-2.45053
M96K_A	74	0.811688311688	0.8	0.813432835821	-10.9935	-10.3713	-1.99686
C93F_A	84	0.792207792208	0.8	0.791044776119	-11.0281	-10.3681	-4.543
K71I_A	89	0.772727272727	0.8	0.768656716418	-11.0381	-10.6278	-2.58419
Q1056K_C	94	0.780821917808	0.909090909091	0.725490196078	-11.1522	-11.012	-1.26653
S122C_A	102	0.733766233766	0.8	0.723880597015	-11.1887	-10.6534	-1.77805
Y87H_A	117	0.720779220779	0.8	0.708955223881	-11.1615	-10.6275	-2.00629
Q145V_A	124	0.707792207792	0.8	0.694029850746	-11.2001	-10.6274	-2.36445
G1080D_C	131	0.767123287671	0.909090909091	0.705882352941	-11.2669	-10.403	-4.92953
W1046M_C	136	0.780821917808	0.954545454545	0.705882352941	-10.7967	-9.73314	-8.81053
P25Y_A	142	0.649350649351	0.823529411765	0.627737226277	-11.3308	-11.2754	-5.38146
K48Q_A	148	0.642857142857	0.823529411765	0.620437956204	-11.2529	-11.2717	-2.1724
S98C_A	154	0.623376623377	0.875	0.594202898551	-10.4857	-10.9158	-3.85201
A1049M_C	168	0.753424657534	0.857142857143	0.711538461538	-11.1443	-9.9345	-8.91136
P73C_A	175	0.584415584416	0.705882352941	0.569343065693	-12.0803	-10.3157	-1.51209
A32C_A	182	0.571428571429	0.705882352941	0.554744525547	-12.5948	-9.18441	-2.18315
Y11L_A	193	0.558441558442	0.705882352941	0.540145985401	-11.9607	-9.17093	-1.44852
E1050T_C	201	0.657534246575	0.791666666667	0.591836734694	-11.5941	-9.43929	-8.80907
K1054E_C	207	0.616438356164	0.708333333333	0.571428571429	-10.6164	-7.53613	-6.508
M1046W_C	213	0.616438356164	0.708333333333	0.571428571429	-10.5362	-7.54715	-6.53364
F105C_A	233	0.545454545455	0.647058823529	0.532846715328	-10.5763	-10.0054	-1.11983
M124L_A	243	0.551948051948	0.647058823529	0.540145985401	-10.5768	-10.121	-3.3688
P128R_A	251	0.532467532468	0.647058823529	0.518248175182	-11.0035	-10.0032	-2.44289
L114R_A	260	0.525974025974	0.647058823529	0.510948905109	-11.2012	-10.4049	-1.92542
E1034F_C	267	0.58904109589	0.708333333333	0.530612244898	-11.6232	-7.82922	-1.5208
C1073K_C	278	0.575342465753	0.666666666667	0.530612244898	-11.8024	-7.93188	-2.3125
E1079N_C	292	0.547945205479	0.666666666667	0.489795918367	-11.2619	-8.30538	-3.174
E67W_A	305	0.512987012987	0.647058823529	0.496350364964	-11.3321	-10.5139	-1.78158
A118W_A	315	0.519480519481	0.647058823529	0.503649635036	-11.3912	-10.182	-2.96635
K1073P_C	330	0.506849315068	0.625	0.448979591837	-11.3989	-7.56009	-2.21876
F93D_A	337	0.5	0.647058823529	0.481751824818	-11.4321	-10.1521	-2.24777
E14N_A	351	0.493506493506	0.647058823529	0.474452554745	-10.8111	-11.1336	-1.06287
Q70E_A	371	0.487012987013	0.647058823529	0.467153284672	-10.8491	-9.99536	-0.91812
M1077G_C	402	0.452054794521	0.52	0.416666666667	-10.8321	-5.91363	-1.62995
E138D_A	418	0.474025974026	0.647058823529	0.452554744526	-10.7105	-11.0339	0.284607
W42H_A	427	0.467532467532	0.647058823529	0.445255474453	-10.7789	-11.1111	-1.57627
W118Q_A	441	0.448051948052	0.647058823529	0.423357664234	-10.704	-10.9168	-0.156794
G1077C_C	447	0.438356164384	0.52	0.395833333333	-10.6626	-6.01231	-2.05769
N14R_A	453	0.435064935065	0.647058823529	0.408759124088	-10.7097	-10.1268	-4.33422
K1053Y_C	459	0.424657534247	0.48	0.395833333333	-10.9061	-6.28311	-2.51274
V7P_A	466	0.428571428571	0.625	0.405797101449	-10.9062	-12.2074	-2.94256
S48A_A	474	0.422077922078	0.625	0.398550724638	-10.9224	-12.217	-2.42169
V145W_A	482	0.415584415584	0.6	0.395683453237	-10.568	-11.8856	-3.43592
L93Q_A	494	0.415584415584	0.6	0.395683453237	-10.7959	-11.9406	-1.72581
G1041Q_C	505	0.424657534247	0.48	0.395833333333	-10.7761	-6.18611	-3.70674
W83V_A	515	0.409090909091	0.6	0.388489208633	-10.7531	-11.9503	-4.13901
R135K_A	526	0.409090909091	0.6	0.388489208633	-10.7701	-12.2865	-5.01459
P1073N_C	536	0.424657534247	0.48	0.395833333333	-10.8497	-6.26386	-1.40288
Q88L_A	542	0.396103896104	0.466666666667	0.388489208633	-10.9577	-11.6055	-2.44433
R18V_A	549	0.396103896104	0.466666666667	0.388489208633	-10.4526	-10.5898	-1.28953
T91R_A	570	0.38961038961	0.466666666667	0.381294964029	-10.4468	-10.5842	-2.5365
H1046S_C	578	0.397260273973	0.48	0.354166666667	-10.4474	-5.20411	-3.05337
D1060M_C	588	0.41095890411	0.48	0.375	-10.4569	-5.20973	-3.54592
M1060R_C	599	0.41095890411	0.48	0.375	-10.5438	-6.03771	-4.49482
S1046R_C	605	0.424657534247	0.48	0.395833333333	-10.4835	-5.98079	-3.47868
I1089V_C	620	0.397260273973	0.44	0.375	-10.4849	-6.16533	-2.44918
S54A_A	634	0.38961038961	0.5	0.378571428571	-10.6611	-10.6281	-2.10901
L1064I_C	643	0.397260273973	0.44	0.375	-10.8182	-6.27391	-3.53855
M74N_A	649	0.38961038961	0.5	0.376811594203	-11.0495	-10.7798	-2.05026
I1051E_C	664	0.383561643836	0.44	0.354166666667	-11.1465	-6.06575	-2.89948
S35F_A	676	0.383116883117	0.5	0.369565217391	-11.1633	-10.5346	-3.4227
V1089T_C	686	0.356164383562	0.37037037037	0.347826086957	-10.6337	-3.66229	-3.48002
A54N_A	693	0.357142857143	0.555555555556	0.330882352941	-10.6047	-9.20054	-1.31292
H87F_A	702	0.363636363636	0.555555555556	0.338235294118	-10.6693	-9.26332	-3.31597
W134Y_A	713	0.350649350649	0.555555555556	0.323529411765	-10.6928	-9.28658	-1.54292
V1047A_C	720	0.356164383562	0.346153846154	0.36170212766	-10.6089	-3.52045	-2.47263
W142K_A	736	0.350649350649	0.555555555556	0.323529411765	-10.5473	-9.72592	-1.60867
M140Q_A	746	0.357142857143	0.555555555556	0.330882352941	-10.5169	-9.72592	-1.8817
Y111L_A	762	0.350649350649	0.555555555556	0.323529411765	-10.9447	-10.7704	-1.94645
E1051S_C	769	0.356164383562	0.384615384615	0.340425531915	-11.1791	-3.90528	-2.50744
S1029I_C	781	0.342465753425	0.346153846154	0.340425531915	-11.9862	-3.637	-3.04564
M1043I_C	789	0.342465753425	0.346153846154	0.340425531915	-11.9904	-3.63197	-2.95054
I63W_A	799	0.344155844156	0.5	0.326086956522	-11.1642	-8.68041	-1.6113
K1058W_C	809	0.328767123288	0.346153846154	0.31914893617	-11.2974	-3.81408	-3.90782
D1038V_C	822	0.328767123288	0.346153846154	0.31914893617	-10.6783	-3.22977	-4.72718
D141S_A	832	0.350649350649	0.5	0.333333333333	-10.7531	-7.68688	-1.99994
K153S_A	839	0.337662337662	0.5	0.31884057971	-10.6081	-7.53044	-2.7611
V1042A_C	849	0.315068493151	0.36	0.291666666667	-10.5807	-3.22977	-3.14963
R103A_A	859	0.331168831169	0.5	0.311594202899	-10.5833	-6.92937	-0.889353
Q93C_A	874	0.337662337662	0.5	0.31884057971	-10.6074	-8.19359	0.127898
W117E_A	885	0.337662337662	0.5	0.31884057971	-10.5096	-8.6035	-1.15668
V1084R_C	896	0.301369863014	0.32	0.291666666667	-11.2131	-2.37691	-3.63193
C93R_A	905	0.311688311688	0.375	0.304347826087	-11.13	-4.06134	-2.01602
E123C_A	912	0.305194805195	0.375	0.297101449275	-10.5765	-3.98034	-2.38763
A1042Y_C	919	0.287671232877	0.28	0.291666666667	-10.5857	-1.01424	-2.7565
Q132M_A	941	0.311688311688	0.375	0.304347826087	-10.6005	-4.094	-2.37906
H42Y_A	951	0.311688311688	0.375	0.304347826087	-10.6151	-4.28099	-2.97607
C1075V_C	970	0.27397260274	0.24	0.291666666667	-10.7541	-1.94455	-1.06176
M132P_A	983	0.311688311688	0.375	0.304347826087	-10.6685	-4.25808	-1.85189
N1076T_C	995	0.27397260274	0.24	0.291666666667	-10.8337	-1.29412	-1.74027
