name	count	identity	interface_identity	non_interface_identity	evolved_interaction	ancestral_interaction	stability
T108A_A	1	0.993506493506	1.0	0.992592592593	-10.5197	-10.5222	-25.1155
T1042R_C	6	0.958904109589	1.0	0.941176470588	-10.4118	-10.4015	-8.30858
E11A_A	13	0.954545454545	1.0	0.948148148148	-10.4781	-10.5788	-12.9548
R1046I_C	21	0.904109589041	1.0	0.862745098039	-10.9919	-10.4681	-3.70111
K1041F_C	26	0.86301369863	1.0	0.803921568627	-11.1884	-10.6451	-1.17756
N1025M_C	32	0.835616438356	1.0	0.764705882353	-11.524	-10.6352	-1.83901
H1023F_C	38	0.794520547945	1.0	0.705882352941	-11.4945	-10.6254	-1.78998
Q64M_A	45	0.88961038961	0.947368421053	0.881481481481	-11.7883	-11.3598	-8.22094
L6D_A	50	0.857142857143	0.947368421053	0.844444444444	-11.7739	-11.3473	-2.53806
E131P_A	57	0.824675324675	0.947368421053	0.807407407407	-11.6615	-11.3319	-1.68781
I1070F_C	65	0.767123287671	0.954545454545	0.686274509804	-11.4784	-10.792	-1.51511
V49R_A	73	0.792207792208	0.842105263158	0.785185185185	-11.4625	-11.2446	-2.64665
T1043S_C	83	0.753424657534	0.954545454545	0.666666666667	-11.4719	-10.8183	-0.997756
K1040F_C	91	0.739726027397	0.954545454545	0.647058823529	-11.5196	-10.8236	-2.45832
G44Y_A	108	0.746753246753	0.777777777778	0.742647058824	-10.6735	-11.1675	-2.87468
P147H_A	113	0.720779220779	0.666666666667	0.727941176471	-10.7532	-11.1212	-6.38432
L138E_A	120	0.701298701299	0.666666666667	0.705882352941	-10.7387	-11.1253	-4.62098
Y119L_A	128	0.701298701299	0.722222222222	0.698529411765	-10.7754	-11.1561	-1.24855
Q104I_A	135	0.694805194805	0.722222222222	0.691176470588	-10.8258	-11.1638	-1.63061
Y144M_A	149	0.681818181818	0.666666666667	0.683823529412	-11.0157	-11.2553	-2.5947
S35A_A	156	0.662337662338	0.666666666667	0.661764705882	-11.1765	-11.1241	-1.72866
K15V_A	164	0.655844155844	0.666666666667	0.654411764706	-11.9375	-11.03	-0.886517
K1027C_C	175	0.616438356164	0.782608695652	0.54	-11.2294	-9.77539	-1.75346
Y138N_A	183	0.649350649351	0.666666666667	0.647058823529	-11.2002	-11.0384	-3.06229
R122V_A	191	0.636363636364	0.666666666667	0.632352941176	-11.1996	-10.7262	-3.36158
V15S_A	201	0.623376623377	0.666666666667	0.617647058824	-10.6371	-11.0625	-2.36794
F1023H_C	210	0.602739726027	0.695652173913	0.56	-10.6057	-9.19445	-2.14014
W155M_A	221	0.597402597403	0.666666666667	0.588235294118	-10.5986	-11.3706	-4.07056
L1034E_C	229	0.58904109589	0.695652173913	0.54	-11.0008	-9.21438	-0.85682
E1079W_C	244	0.561643835616	0.681818181818	0.509803921569	-11.2153	-9.8763	-1.75615
Q130Y_A	252	0.558441558442	0.611111111111	0.551470588235	-11.2758	-11.3457	-6.2014
Y6Q_A	262	0.538961038961	0.611111111111	0.529411764706	-11.2674	-11.3971	-2.47042
C1056D_C	275	0.547945205479	0.681818181818	0.490196078431	-11.2747	-9.55551	-2.42212
S1082C_C	288	0.520547945205	0.636363636364	0.470588235294	-11.1465	-9.40967	-1.42988
D121K_A	304	0.512987012987	0.631578947368	0.496296296296	-11.1467	-11.4669	-3.51118
T101I_A	315	0.5	0.631578947368	0.481481481481	-11.2058	-11.5491	-2.61391
M144F_A	323	0.5	0.631578947368	0.481481481481	-11.1731	-11.5349	-3.0025
R3T_A	332	0.506493506494	0.631578947368	0.488888888889	-11.044	-11.4934	-2.20635
F1041P_C	341	0.506849315068	0.636363636364	0.450980392157	-10.7938	-9.37073	-2.64549
T1035H_C	360	0.493150684932	0.636363636364	0.43137254902	-10.7494	-9.30721	-1.59717
H1035M_C	368	0.479452054795	0.636363636364	0.411764705882	-10.4723	-9.32904	-3.36778
E1034V_C	380	0.465753424658	0.636363636364	0.392156862745	-10.6769	-9.23882	-0.957864
N48D_A	395	0.474025974026	0.588235294118	0.459854014599	-10.5747	-10.9726	-3.45515
K124T_A	408	0.467532467532	0.588235294118	0.452554744526	-10.5743	-11.3306	-1.25869
M146G_A	424	0.467532467532	0.588235294118	0.452554744526	-10.614	-11.366	-0.6211
A1074D_C	436	0.452054794521	0.636363636364	0.372549019608	-10.6144	-9.24034	-2.0293
Q111H_A	442	0.461038961039	0.588235294118	0.445255474453	-10.6251	-11.082	-1.26421
Q154K_A	453	0.454545454545	0.588235294118	0.43795620438	-10.6373	-11.0784	-2.07662
G99L_A	460	0.448051948052	0.588235294118	0.430656934307	-10.6837	-11.071	-5.40557
S1032G_C	468	0.424657534247	0.590909090909	0.352941176471	-10.7301	-9.58292	-4.13601
Q127L_A	475	0.448051948052	0.588235294118	0.430656934307	-10.5145	-10.9827	-2.26148
N1033W_C	480	0.41095890411	0.590909090909	0.333333333333	-10.5253	-9.49208	-3.66266
D102M_A	487	0.428571428571	0.588235294118	0.408759124088	-10.6866	-11.0696	-2.48721
L18M_A	504	0.428571428571	0.588235294118	0.408759124088	-10.8276	-11.0535	-1.09415
L1048M_C	516	0.369863013699	0.590909090909	0.274509803922	-10.7314	-9.48921	-3.68884
H1023N_C	531	0.356164383562	0.590909090909	0.254901960784	-10.7167	-9.49231	-4.22624
K39Q_A	537	0.435064935065	0.588235294118	0.416058394161	-10.7409	-10.9799	-1.09551
A79R_A	548	0.428571428571	0.588235294118	0.408759124088	-11.2002	-11.3898	-0.948725
K14M_A	562	0.428571428571	0.529411764706	0.416058394161	-10.7794	-11.0429	-1.18139
M71W_A	574	0.428571428571	0.529411764706	0.416058394161	-10.758	-10.9795	-0.757494
L1073V_C	588	0.342465753425	0.590909090909	0.235294117647	-11.5494	-9.1785	-1.16564
V1094K_C	595	0.342465753425	0.590909090909	0.235294117647	-11.5705	-9.21207	-2.42933
S121L_A	608	0.415584415584	0.529411764706	0.401459854015	-11.5639	-11.3671	-2.45638
N5V_A	613	0.415584415584	0.529411764706	0.401459854015	-11.0544	-11.3661	-3.71347
H126L_A	620	0.409090909091	0.529411764706	0.394160583942	-11.0242	-11.3931	-1.69443
D1085L_C	631	0.301369863014	0.545454545455	0.196078431373	-10.8054	-9.21944	-2.61776
L74G_A	638	0.422077922078	0.529411764706	0.408759124088	-10.8889	-11.4989	-1.56281
M154C_A	646	0.422077922078	0.529411764706	0.408759124088	-11.1066	-11.3125	-1.50003
K1030S_C	658	0.301369863014	0.545454545455	0.196078431373	-10.933	-8.93066	-2.52054
S49H_A	667	0.422077922078	0.529411764706	0.408759124088	-10.9353	-11.3062	-1.36268
P1070Q_C	676	0.301369863014	0.545454545455	0.196078431373	-11.5415	-9.07951	-5.27044
W1033I_C	684	0.287671232877	0.545454545455	0.176470588235	-11.5879	-9.11529	-4.59069
K1029S_C	694	0.301369863014	0.565217391304	0.18	-11.1818	-9.28612	-4.47
Q151W_A	704	0.415584415584	0.588235294118	0.394160583942	-11.1853	-11.7892	-2.67303
C1064E_C	709	0.287671232877	0.565217391304	0.16	-11.1002	-9.13317	-5.76527
F40I_A	715	0.402597402597	0.588235294118	0.379562043796	-10.6708	-11.5906	-1.78638
C1082S_C	734	0.287671232877	0.565217391304	0.16	-10.6677	-8.88734	-1.58123
D100W_A	746	0.38961038961	0.588235294118	0.36496350365	-10.513	-11.541	-1.61011
W71I_A	760	0.396103896104	0.588235294118	0.372262773723	-10.4717	-11.4581	-1.04663
Q1095A_C	780	0.27397260274	0.565217391304	0.14	-10.9249	-9.0234	-1.53942
D3W_A	795	0.402597402597	0.5625	0.384057971014	-10.9262	-11.6045	-1.40102
R102K_A	805	0.396103896104	0.5	0.384057971014	-10.8359	-11.0836	-1.50113
A121R_A	822	0.396103896104	0.5	0.384057971014	-10.8579	-11.1198	-1.23655
Y1094L_C	842	0.27397260274	0.565217391304	0.14	-10.9984	-9.21857	-3.19252
M29I_A	850	0.396103896104	0.5	0.384057971014	-11.3466	-11.6498	-2.75001
R121Q_A	858	0.396103896104	0.5	0.384057971014	-11.0902	-11.4151	-2.4091
E1036Y_C	870	0.27397260274	0.565217391304	0.14	-10.5753	-9.0718	-3.78633
G1034M_C	884	0.246575342466	0.521739130435	0.12	-10.4483	-9.13909	-3.2138
K1039A_C	895	0.246575342466	0.521739130435	0.12	-10.4864	-9.17778	-0.905241
N1074E_C	902	0.246575342466	0.521739130435	0.12	-10.5177	-9.17781	-1.95665
R61W_A	915	0.396103896104	0.5	0.384057971014	-10.4659	-11.419	-1.87786
Y1057H_C	935	0.246575342466	0.521739130435	0.12	-10.4648	-9.17754	-3.80704
C1081A_C	940	0.232876712329	0.521739130435	0.1	-10.4284	-8.98754	-1.40259
S155A_A	951	0.38961038961	0.5	0.376811594203	-10.78	-11.6802	-0.686636
M1034L_C	966	0.232876712329	0.521739130435	0.1	-10.7644	-8.76444	-1.34632
Y87K_A	980	0.383116883117	0.5	0.369565217391	-10.8692	-11.7029	-1.52178
Q128C_A	992	0.383116883117	0.5	0.369565217391	-10.8877	-11.7018	-2.73458
