name	count	identity	interface_identity	non_interface_identity	evolved_interaction	ancestral_interaction	stability
P1078W_C	2	0.986301369863	1.0	0.980392156863	-10.6207	-10.6783	-4.62828
A1053S_C	7	0.945205479452	0.954545454545	0.941176470588	-10.6223	-10.6186	-4.18765
I1089A_C	12	0.917808219178	0.909090909091	0.921568627451	-10.7356	-10.709	-1.05765
E1034S_C	23	0.890410958904	0.909090909091	0.882352941176	-10.5232	-10.4293	-1.35077
K74C_A	31	0.935064935065	0.894736842105	0.940740740741	-10.5355	-10.543	-14.6176
N98Q_A	38	0.902597402597	0.894736842105	0.903703703704	-10.6238	-10.6165	-11.232
S1032F_C	45	0.86301369863	0.863636363636	0.862745098039	-10.6442	-10.4546	-2.72193
V148L_A	52	0.857142857143	0.842105263158	0.859259259259	-10.6229	-10.6142	-2.60972
D19F_A	58	0.831168831169	0.789473684211	0.837037037037	-10.957	-10.8549	-1.24033
I1024S_C	64	0.821917808219	0.863636363636	0.803921568627	-10.7881	-10.4841	-2.12622
M73L_A	70	0.798701298701	0.789473684211	0.8	-10.7965	-10.7565	-1.40985
V57H_A	75	0.779220779221	0.789473684211	0.777777777778	-10.81	-10.8257	-1.39143
S1034D_C	86	0.753424657534	0.863636363636	0.705882352941	-10.9291	-10.4373	-2.81199
S1029V_C	94	0.698630136986	0.791666666667	0.65306122449	-13.5976	-11.2343	-1.84252
Q1095P_C	102	0.684931506849	0.75	0.65306122449	-13.6825	-11.3536	-2.37301
L1075T_C	107	0.657534246575	0.666666666667	0.65306122449	-13.9337	-11.419	-1.46267
F81A_A	119	0.727272727273	0.625	0.739130434783	-10.821	-10.0968	-1.74876
Q98I_A	128	0.720779220779	0.625	0.731884057971	-10.9708	-10.1259	-3.43361
W103Y_A	138	0.707792207792	0.625	0.717391304348	-10.9338	-9.82332	-2.54241
H57L_A	145	0.707792207792	0.625	0.717391304348	-10.8338	-9.70095	-2.69556
R33E_A	156	0.688311688312	0.625	0.695652173913	-10.7991	-9.68763	-0.954979
F67R_A	166	0.668831168831	0.625	0.673913043478	-10.8027	-9.72621	-1.09313
Q55L_A	173	0.649350649351	0.625	0.652173913043	-10.773	-9.70335	-0.742275
F147M_A	178	0.636363636364	0.625	0.63768115942	-10.7671	-9.8807	-0.656958
S138K_A	189	0.62987012987	0.625	0.630434782609	-11.0099	-9.87134	-1.12924
N126Y_A	198	0.616883116883	0.625	0.615942028986	-11.0244	-9.76516	-1.11395
S3R_A	208	0.597402597403	0.625	0.594202898551	-11.0244	-9.76586	-2.68297
R67P_A	222	0.584415584416	0.625	0.579710144928	-10.9889	-9.75285	-0.72808
M1060T_C	231	0.575342465753	0.608695652174	0.56	-10.9889	-8.0746	-1.3062
I60A_A	239	0.551948051948	0.625	0.54347826087	-10.9463	-9.69082	-2.27082
V54A_A	247	0.551948051948	0.625	0.54347826087	-10.9658	-9.58852	-1.30013
T30R_A	258	0.545454545455	0.625	0.536231884058	-11.1066	-9.92863	-1.77139
F100M_A	271	0.545454545455	0.6875	0.528985507246	-10.5578	-9.86192	-0.992888
C81R_A	278	0.538961038961	0.625	0.528985507246	-10.5043	-9.76588	-2.32783
Q61H_A	288	0.525974025974	0.625	0.514492753623	-10.5426	-9.77582	-2.15939
Q154T_A	296	0.525974025974	0.625	0.514492753623	-10.6044	-9.48112	-5.5289
Q153W_A	309	0.512987012987	0.625	0.5	-10.6057	-9.49982	-4.26385
K138S_A	314	0.512987012987	0.625	0.5	-10.6522	-9.49388	-1.74854
Q1025R_C	321	0.547945205479	0.583333333333	0.530612244898	-10.8246	-8.09757	-2.41853
A115F_A	327	0.5	0.625	0.485507246377	-10.7475	-9.60605	-5.96471
W53Q_A	340	0.480519480519	0.625	0.463768115942	-10.7441	-9.47739	-3.04727
K150Q_A	363	0.480519480519	0.625	0.463768115942	-10.6569	-9.62563	-0.992495
L1048I_C	386	0.520547945205	0.583333333333	0.489795918367	-10.6394	-7.96047	-1.15267
S137C_A	394	0.474025974026	0.625	0.45652173913	-10.449	-9.55962	-0.898641
G140A_A	401	0.467532467532	0.625	0.449275362319	-10.4047	-9.56612	-3.21546
M79R_A	409	0.467532467532	0.625	0.449275362319	-10.4049	-9.56612	-1.25365
Y93F_A	417	0.467532467532	0.625	0.449275362319	-10.3617	-9.58607	-1.79715
E49Y_A	425	0.441558441558	0.625	0.420289855072	-10.4062	-9.60793	-0.971635
N129V_A	433	0.441558441558	0.625	0.420289855072	-10.3979	-9.75041	-4.27025
P67D_A	442	0.441558441558	0.625	0.420289855072	-10.6408	-9.75355	-1.59772
A54Y_A	451	0.435064935065	0.625	0.413043478261	-10.5263	-10.0418	-1.64148
Q7I_A	456	0.428571428571	0.625	0.405797101449	-10.5424	-9.91356	-0.239972
H31R_A	474	0.422077922078	0.625	0.398550724638	-10.5408	-9.88142	-1.347
L91A_A	482	0.422077922078	0.6875	0.391304347826	-12.0964	-11.6837	-0.573706
M131F_A	492	0.428571428571	0.6875	0.398550724638	-12.1089	-11.6844	-2.32506
Q150T_A	507	0.428571428571	0.6875	0.398550724638	-12.1511	-11.7835	-1.34924
W1086P_C	514	0.41095890411	0.56	0.333333333333	-11.7603	-7.22448	-3.69021
F139K_A	520	0.441558441558	0.75	0.405797101449	-11.7363	-9.84212	-2.73291
N83T_A	529	0.435064935065	0.75	0.398550724638	-11.7644	-9.69239	-1.8512
L1081F_C	535	0.383561643836	0.48	0.333333333333	-11.6228	-7.09266	-4.62958
L94V_A	541	0.422077922078	0.75	0.384057971014	-11.6186	-11.6357	-2.94617
T29V_A	546	0.428571428571	0.75	0.391304347826	-11.6162	-11.4431	-6.87903
K139T_A	554	0.422077922078	0.6875	0.391304347826	-10.9441	-11.0051	-5.88177
I146R_A	560	0.422077922078	0.6875	0.391304347826	-11.1982	-11.361	-1.31621
K101Y_A	567	0.415584415584	0.6875	0.384057971014	-11.2515	-11.1696	-1.81539
L59I_A	574	0.409090909091	0.625	0.384057971014	-11.0845	-10.9202	-2.25106
Q100P_A	585	0.409090909091	0.625	0.384057971014	-11.1871	-10.9462	-2.00756
W142Y_A	595	0.409090909091	0.625	0.384057971014	-11.0225	-11.0917	-2.40076
H145V_A	609	0.402597402597	0.625	0.376811594203	-11.0181	-11.0917	-2.43148
F1043Y_C	622	0.342465753425	0.48	0.270833333333	-11.0246	-7.07911	-0.995421
A91Y_A	629	0.38961038961	0.625	0.36231884058	-10.806	-10.5718	-5.19039
S138H_A	639	0.37012987013	0.625	0.340579710145	-10.6415	-10.4352	-2.44588
I83K_A	645	0.37012987013	0.625	0.340579710145	-10.6507	-10.4318	-2.78213
K121P_A	655	0.37012987013	0.625	0.340579710145	-10.6556	-10.4458	-4.30161
V6I_A	663	0.37012987013	0.625	0.340579710145	-10.6514	-10.6572	-3.67421
I59T_A	669	0.363636363636	0.625	0.333333333333	-10.6113	-8.41042	-0.715435
D1034K_C	681	0.342465753425	0.48	0.270833333333	-10.8817	-8.13544	-1.63951
N1054I_C	697	0.342465753425	0.48	0.270833333333	-11.0132	-6.97278	-3.00854
R1071P_C	703	0.328767123288	0.48	0.25	-10.8342	-6.76304	-4.62203
L1049H_C	709	0.328767123288	0.458333333333	0.265306122449	-10.6534	-6.71624	-2.09892
Q49P_A	727	0.344155844156	0.5625	0.31884057971	-10.7276	-6.73409	-3.97387
L1032Q_C	738	0.315068493151	0.458333333333	0.244897959184	-10.8165	-7.70778	-3.08721
K106G_A	746	0.350649350649	0.5625	0.326086956522	-10.8282	-6.94948	-1.60199
A1094L_C	752	0.315068493151	0.458333333333	0.244897959184	-10.8134	-7.76114	-2.22729
N66W_A	763	0.357142857143	0.5625	0.333333333333	-10.8389	-6.7451	-5.45875
P4D_A	769	0.350649350649	0.5625	0.326086956522	-10.84	-6.80436	-3.88071
E1073D_C	778	0.301369863014	0.458333333333	0.224489795918	-10.8243	-7.62262	-1.4263
T59E_A	791	0.363636363636	0.5625	0.340579710145	-10.7513	-6.6652	-2.76207
V96I_A	803	0.37012987013	0.529411764706	0.350364963504	-10.762	-6.40301	-3.12607
H137I_A	813	0.363636363636	0.529411764706	0.343065693431	-10.7622	-6.41831	-1.91253
Q1028I_C	818	0.260273972603	0.333333333333	0.224489795918	-10.7787	-4.31899	-4.71223
Y1067L_C	831	0.246575342466	0.291666666667	0.224489795918	-10.8005	-4.03035	-4.06388
E19W_A	841	0.363636363636	0.529411764706	0.343065693431	-11.0626	-6.85981	-2.60881
T1081C_C	854	0.232876712329	0.291666666667	0.204081632653	-10.8253	-4.01558	-2.01894
I96R_A	865	0.337662337662	0.470588235294	0.321167883212	-10.8256	-6.73729	-1.49652
Y64C_A	874	0.324675324675	0.470588235294	0.306569343066	-10.8283	-6.53239	-0.971631
K138C_A	882	0.331168831169	0.470588235294	0.313868613139	-10.697	-7.02247	-1.57469
S80R_A	899	0.331168831169	0.470588235294	0.313868613139	-10.8487	-7.21953	-4.21027
K1076L_C	907	0.232876712329	0.291666666667	0.204081632653	-10.6239	-5.16942	-2.91175
K1027M_C	914	0.219178082192	0.25	0.204081632653	-10.5649	-3.85902	-4.3495
E70I_A	919	0.344155844156	0.470588235294	0.328467153285	-10.5967	-7.52213	-2.26623
L1047I_C	928	0.219178082192	0.25	0.204081632653	-10.5362	-4.38415	-6.87649
F59W_A	939	0.337662337662	0.470588235294	0.321167883212	-10.52	-6.39087	-3.3703
R1025G_C	950	0.219178082192	0.25	0.204081632653	-10.5771	-4.34789	-4.68123
F87W_A	956	0.337662337662	0.470588235294	0.321167883212	-10.6012	-6.36513	-1.47329
L1076Y_C	962	0.219178082192	0.25	0.204081632653	-10.8776	-3.35821	-4.25984
Y1033H_C	970	0.219178082192	0.25	0.204081632653	-10.8812	0.773398	-4.35774
G1025Y_C	982	0.205479452055	0.25	0.183673469388	-10.9148	-3.35392	-5.79983
Y68L_A	987	0.331168831169	0.5	0.308823529412	-11.6566	-6.38019	-2.54775
I113L_A	993	0.331168831169	0.5	0.308823529412	-11.4459	-6.43546	-5.74725
M4K_A	999	0.331168831169	0.5	0.308823529412	-11.7157	-6.57658	-4.79195
