name	count	identity	evolved_interaction	ancestral_interaction	stability
I1035G_C	1	0.986301369863	-10.4795	-10.4126	-5.2825
T85V_A	9	0.974025974026	-10.4949	-10.4666	-23
Q1076I_C	16	0.972602739726	-10.6714	-10.4517	-6.56143
G56V_A	21	0.922077922078	-10.7018	-10.6604	-13.6332
L1048I_C	30	0.917808219178	-10.8944	-10.6235	-4.17946
P125K_A	37	0.88961038961	-10.8741	-10.6659	-12.5516
N12W_A	42	0.876623376623	-10.613	-10.5292	-13.6366
R101Q_A	48	0.876623376623	-10.6094	-10.5221	-11.4186
V29M_A	53	0.857142857143	-11.1782	-10.9449	-6.9477
F137W_A	61	0.831168831169	-11.1889	-10.9658	-4.00716
G115K_A	71	0.811688311688	-10.9019	-10.8625	-4.47322
I96P_A	82	0.792207792208	-10.7677	-10.8981	-0.855096
P21L_A	91	0.766233766234	-10.9457	-10.9713	-0.99473
A1080F_C	105	0.780821917808	-10.8535	-10.4891	-1.24663
H1047M_C	115	0.767123287671	-10.7802	-10.4761	-4.66101
C148Q_A	122	0.727272727273	-10.8755	-10.8636	-2.39887
I1024D_C	132	0.72602739726	-11.2107	-11.1167	-1.87333
K14Q_A	137	0.707792207792	-10.8819	-10.6885	-2.6991
Q101C_A	144	0.694805194805	-10.5423	-10.7242	-3.15823
D37K_A	150	0.675324675325	-10.5586	-10.7466	-3.65725
Y58T_A	158	0.649350649351	-10.5348	-10.7226	-6.90207
D1050M_C	163	0.698630136986	-10.8241	-10.759	-2.66815
V56R_A	168	0.623376623377	-10.7858	-10.8232	-2.34738
M1060E_C	181	0.671232876712	-10.7847	-10.744	-1.79028
E49Y_A	190	0.61038961039	-11.032	-10.2821	-1.64423
I48E_A	205	0.597402597403	-11.0062	-10.0925	-1.62549
K15S_A	213	0.597402597403	-10.9036	-10.2445	-1.69258
Y36M_A	230	0.597402597403	-11.1583	-10.4922	-1.50732
S1033R_C	241	0.602739726027	-11.4317	-10.8879	-3.15079
D102R_A	247	0.577922077922	-11.5092	-10.7689	-2.42763
K1058D_C	252	0.58904109589	-11.048	-10.9005	-2.25487
S1025L_C	262	0.575342465753	-10.569	-10.8206	-3.13231
L1081M_C	274	0.547945205479	-10.728	-10.8821	-2.56165
G1057K_C	284	0.534246575342	-10.6176	-10.8467	-1.9126
S95C_A	309	0.525974025974	-10.6454	-9.30377	-3.01277
M32W_A	319	0.519480519481	-10.6248	-9.21081	-1.52123
T60A_A	330	0.512987012987	-10.6448	-9.24589	-3.11714
L4D_A	352	0.506493506494	-10.6198	-9.63839	-1.07037
Q39S_A	361	0.5	-10.7358	-9.81313	-1.07443
G150S_A	378	0.5	-11.0035	-9.6914	-1.82189
F24M_A	388	0.480519480519	-11.138	-9.79796	-1.16859
S1074N_C	401	0.465753424658	-10.9977	-10.3377	-3.04059
Q91I_A	410	0.480519480519	-10.8644	-9.79796	-2.20709
I1076M_C	422	0.438356164384	-10.9503	-10.1457	-3.09083
F21W_A	439	0.474025974026	-11.2322	-10.2582	-1.72402
Q1082K_C	448	0.438356164384	-11.181	-10.0479	-2.78308
S61I_A	454	0.467532467532	-10.8431	-10.1762	-4.70333
K1057G_C	464	0.438356164384	-10.614	-9.64885	-1.50243
C149F_A	484	0.454545454545	-10.5617	-9.97124	-4.38639
S49M_A	492	0.448051948052	-10.6781	-10.3526	-5.50818
K1054M_C	501	0.424657534247	-10.6614	-9.87448	-1.03023
F149H_A	551	0.448051948052	-10.5036	-9.90387	-4.42663
N106D_A	566	0.441558441558	-11.4899	-11.3111	-7.00561
K74W_A	572	0.435064935065	-11.7659	-11.3028	-6.08749
D145F_A	581	0.435064935065	-12.1023	-11.7828	-3.03029
C5V_A	592	0.422077922078	-12.1639	-11.9025	-2.65334
K146I_A	602	0.415584415584	-12.1744	-11.9547	-1.81497
N100G_A	610	0.409090909091	-12.0627	-11.9005	-2.0268
Q1055E_C	625	0.424657534247	-11.9559	-9.84652	-1.42558
R150Q_A	637	0.415584415584	-12.2617	-11.738	-3.43985
M1034W_C	645	0.424657534247	-11.8173	-9.6691	-1.71287
K144G_A	651	0.38961038961	-11.2019	-11.4521	-2.11859
Q71L_A	660	0.38961038961	-11.4101	-11.7153	-4.14658
R1043F_C	665	0.424657534247	-11.463	-9.65854	-2.70806
S139L_A	672	0.363636363636	-11.415	-11.8844	-2.04222
L139F_A	681	0.363636363636	-12.4606	-12.4497	-3.60124
I112F_A	692	0.337662337662	-12.3948	-12.357	-3.90345
K92N_A	697	0.337662337662	-12.3994	-12.347	-2.74082
H53V_A	715	0.337662337662	-12.54	-12.404	-1.79476
L127F_A	725	0.337662337662	-12.5822	-12.392	-2.35111
Q117K_A	733	0.324675324675	-12.5043	-12.2773	-1.39586
E129V_A	743	0.318181818182	-12.0168	-11.7368	-2.22937
R135E_A	751	0.305194805195	-11.5794	-11.3889	-1.61379
N92A_A	761	0.305194805195	-11.5913	-11.4325	-1.50661
M54A_A	772	0.305194805195	-11.6314	-11.4453	-0.896448
E1055K_C	779	0.369863013699	-11.4404	-9.98313	-3.64265
M1066W_C	786	0.369863013699	-11.013	-9.98215	-4.79033
W1079K_C	793	0.356164383562	-11.1789	-10.5298	-5.02454
S108Q_A	805	0.305194805195	-11.5677	-11.2805	-0.988716
S88V_A	828	0.305194805195	-11.591	-11.2802	-3.95593
A18L_A	835	0.305194805195	-11.9289	-11.9026	-2.57588
D1030R_C	844	0.356164383562	-11.8017	-10.2391	-3.44907
M1050T_C	851	0.342465753425	-11.666	-10.1217	-2.89368
L49D_A	861	0.305194805195	-11.6281	-11.4457	-3.14124
K66M_A	868	0.298701298701	-11.5795	-11.4167	-1.08246
Q130R_A	885	0.285714285714	-11.7403	-11.3498	-0.906616
E1080M_C	905	0.301369863014	-11.4841	-9.84592	-2.27519
L1085P_C	919	0.315068493151	-10.5996	-9.65283	-4.68586
M1054R_C	927	0.315068493151	-10.6193	-9.65087	-2.13785
Q118I_A	949	0.285714285714	-10.62	-10.7241	-2.55134
H75S_A	958	0.285714285714	-10.5746	-10.6942	-0.791892
L1075N_C	966	0.301369863014	-10.5941	-9.69819	-3.88132
H1058L_C	975	0.301369863014	-10.5957	-9.70045	-5.00053
Q1049C_C	990	0.287671232877	-10.9907	-9.60836	-2.63905
