name	count	identity	evolved_interaction	ancestral_interaction	stability
P125L_A	1	0.993506493506	-10.5034	-10.5197	-24.5385
T82K_A	8	0.974025974026	-10.5081	-10.482	-23.4675
E1094A_C	15	0.958904109589	-10.7009	-10.792	-5.39215
R139L_A	20	0.928571428571	-10.771	-10.5179	-20.0676
N126A_A	26	0.902597402597	-10.6628	-10.5275	-16.8974
D19L_A	31	0.88961038961	-10.8188	-10.6319	-15.8539
E12A_A	36	0.87012987013	-10.9749	-10.7986	-13.5009
A126D_A	42	0.850649350649	-11.0505	-10.7563	-14.3464
G55I_A	48	0.824675324675	-11.0671	-10.7894	-4.30904
K76C_A	54	0.805194805195	-11.0596	-10.7894	-3.75208
G69F_A	65	0.785714285714	-10.9023	-10.5264	-1.93961
E1059H_C	75	0.821917808219	-10.8796	-10.8039	-2.44177
M1049L_C	84	0.808219178082	-10.978	-10.7856	-2.33965
E49M_A	92	0.746753246753	-11.0671	-10.6136	-1.52816
Q1033M_C	100	0.780821917808	-11.073	-11.1498	-6.43209
F1054P_C	108	0.780821917808	-10.8668	-11.1483	-3.00495
G101T_A	115	0.707792207792	-10.8428	-10.4191	-1.63399
R1046M_C	131	0.72602739726	-10.7502	-12.2498	-4.57502
M3Q_A	139	0.701298701299	-10.6161	-10.4122	-3.74464
T61F_A	147	0.688311688312	-10.6532	-10.4321	-3.86652
D121K_A	154	0.675324675325	-10.6646	-10.4643	-2.05373
A39Y_A	165	0.675324675325	-10.6862	-10.2529	-5.40425
L111M_A	175	0.655844155844	-10.6821	-10.2508	-1.74227
L1062V_C	189	0.657534246575	-10.6701	-11.4846	-1.42285
N29W_A	198	0.636363636364	-10.6547	-10.2327	-3.40324
L19G_A	205	0.62987012987	-10.6715	-10.1418	-4.01292
E131W_A	212	0.616883116883	-11.3475	-10.4736	-2.07548
P72T_A	218	0.597402597403	-12.4913	-11.2312	-2.15482
V57N_A	228	0.577922077922	-12.7899	-11.3307	-1.42153
E101I_A	238	0.571428571429	-12.8898	-11.3307	-2.10015
A114C_A	252	0.558441558442	-11.832	-11.3503	-0.829438
A1051S_C	272	0.58904109589	-12.1849	-9.74908	-1.1299
A142E_A	287	0.532467532468	-12.1274	-12.3127	-3.08577
E1084K_C	296	0.534246575342	-10.9759	-8.29786	-2.24405
Y39F_A	302	0.525974025974	-10.9637	-12.4907	-2.91743
S152T_A	309	0.532467532468	-11.3825	-12.4956	-1.08421
E1034S_C	333	0.506849315068	-11.1605	-8.81508	-2.10674
C100I_A	340	0.519480519481	-11.1684	-12.5044	-2.58297
W29H_A	348	0.512987012987	-11.1676	-12.4991	-1.8601
K74M_A	356	0.5	-11.1633	-12.494	-1.56332
M95L_A	364	0.5	-11.1671	-12.501	-1.61315
W99K_A	371	0.5	-10.7925	-12.5591	-2.55867
N87D_A	378	0.5	-10.7172	-12.555	-2.41952
R42Q_A	386	0.487012987013	-10.8491	-12.5497	-2.64014
S136W_A	393	0.454545454545	-10.8471	-12.4015	-2.52306
A127Y_A	399	0.454545454545	-11.1007	-12.8223	-5.37746
H1051L_C	407	0.424657534247	-11.0996	-8.54052	-1.74035
I1088L_C	420	0.41095890411	-10.9664	-8.2554	-1.81676
A63D_A	432	0.422077922078	-11.1494	-13.0269	-3.66276
P28E_A	438	0.415584415584	-10.6616	-12.3221	-2.87006
M1047E_C	445	0.41095890411	-10.6994	-8.26099	-1.69243
W122Q_A	463	0.409090909091	-10.706	-12.2629	-1.49849
R8L_A	477	0.402597402597	-10.7122	-12.3443	-2.63835
K15F_A	484	0.396103896104	-10.7444	-12.4075	-4.46728
N52L_A	494	0.383116883117	-10.7415	-12.2892	-1.56561
C138G_A	506	0.383116883117	-10.8517	-12.2889	-1.16391
R146W_A	513	0.383116883117	-10.8789	-12.3534	-2.57121
P78K_A	522	0.376623376623	-10.8409	-12.3366	-0.870743
D35G_A	538	0.376623376623	-10.9767	-12.5003	-2.07245
P1075V_C	543	0.383561643836	-10.7743	-8.48557	-2.80741
F126D_A	551	0.376623376623	-10.7795	-12.5144	-1.99844
R107W_A	564	0.357142857143	-11.0089	-12.2228	-3.80282
F15L_A	570	0.350649350649	-10.9894	-12.1951	-1.53751
V1075C_C	585	0.369863013699	-10.9874	-8.78336	-1.43178
Y69R_A	602	0.337662337662	-10.6949	-12.3379	-3.39633
S117Q_A	612	0.344155844156	-10.6519	-12.4033	-3.11858
V43I_A	619	0.337662337662	-10.6378	-12.3049	-3.57687
M102H_A	629	0.337662337662	-10.6256	-12.3672	-2.6009
K82F_A	643	0.337662337662	-10.608	-12.4775	-5.93447
N57Q_A	653	0.331168831169	-10.7412	-12.4949	-2.18301
R1056Y_C	663	0.356164383562	-10.5077	-8.64612	-4.63126
P108N_A	674	0.324675324675	-10.5348	-12.2826	-2.21633
D135E_A	686	0.324675324675	-10.5372	-12.308	-1.73095
I1025V_C	696	0.356164383562	-10.5746	-8.62475	-2.50069
G138T_A	709	0.324675324675	-10.5778	-12.3623	-1.87177
A118L_A	721	0.324675324675	-10.5754	-12.3353	-6.26439
E53H_A	731	0.324675324675	-10.7157	-12.3457	-4.01831
V1043R_C	737	0.342465753425	-10.7551	-8.80228	-4.08751
T94D_A	745	0.311688311688	-10.8249	-12.3686	-1.80956
A48G_A	755	0.311688311688	-10.9554	-12.5392	-1.56841
R5T_A	761	0.305194805195	-10.9554	-12.5392	-2.40518
H147V_A	771	0.298701298701	-10.9561	-12.5424	-2.09801
L1088I_C	778	0.342465753425	-10.7435	-8.72832	-1.59298
T1073H_C	794	0.342465753425	-10.779	-8.76872	-1.96599
H102R_A	815	0.298701298701	-10.7789	-12.661	-1.98394
H1080R_C	831	0.342465753425	-10.8271	-8.75801	-1.66074
T76A_A	840	0.292207792208	-10.7552	-12.6738	-1.40826
N130C_A	857	0.285714285714	-10.7847	-12.682	-3.97084
C91E_A	866	0.285714285714	-10.7804	-12.6813	-4.38172
I3E_A	871	0.272727272727	-10.9049	-12.5232	-1.28449
N14T_A	884	0.272727272727	-10.9524	-12.5866	-2.37168
R108W_A	890	0.272727272727	-10.8947	-12.5352	-1.12367
N29W_A	914	0.279220779221	-10.8818	-12.5431	-1.46346
E127R_A	930	0.279220779221	-10.8801	-12.6417	-3.13678
N1059V_C	936	0.342465753425	-10.8827	-8.66858	-2.46649
F33M_A	946	0.279220779221	-10.8826	-12.618	-2.23688
W108L_A	956	0.279220779221	-10.7793	-12.5221	-1.86151
W107M_A	963	0.285714285714	-10.6911	-12.4612	-2.98649
V62H_A	974	0.272727272727	-11.1902	-12.4472	-1.9645
N1086E_C	985	0.328767123288	-11.4468	-9.8608	-2.45397
L153E_A	1000	0.272727272727	-11.4216	-12.4148	-1.07703
