name	count	identity	interface_identity	non_interface_identity	evolved_interaction	ancestral_interaction	stability
A133D_A	1	0.993506493506	1.0	0.992592592593	-10.4946	-10.5196	-23.3819
Y87A_A	6	0.967532467532	1.0	0.962962962963	-10.502	-10.4951	-20.4351
L120V_A	13	0.948051948052	1.0	0.940740740741	-10.4283	-10.6876	-14.9566
E1094R_C	18	0.931506849315	0.954545454545	0.921568627451	-10.7941	-10.5454	-2.15322
K48S_A	25	0.915584415584	1.0	0.904411764706	-10.9126	-10.6642	-8.74051
D121N_A	33	0.896103896104	1.0	0.882352941176	-10.9122	-10.6723	-3.4396
I60E_A	43	0.863636363636	1.0	0.845588235294	-10.9267	-10.6876	-1.35753
N126R_A	52	0.837662337662	0.944444444444	0.823529411765	-10.7997	-11.6033	-2.60706
C93Q_A	59	0.818181818182	0.944444444444	0.801470588235	-10.5876	-11.1635	-3.65978
L1055H_C	68	0.835616438356	0.863636363636	0.823529411765	-10.7001	-9.78913	-2.99216
Y58L_A	76	0.772727272727	0.933333333333	0.755395683453	-10.6986	-11.7065	-2.75556
K1035L_C	88	0.780821917808	0.818181818182	0.764705882353	-10.6588	-9.71956	-4.55075
Q1076Y_C	101	0.739726027397	0.772727272727	0.725490196078	-10.6786	-9.73371	-3.63953
D100T_A	117	0.75974025974	0.933333333333	0.741007194245	-10.7272	-11.8825	-1.24152
S48F_A	131	0.75974025974	0.933333333333	0.741007194245	-10.7173	-11.8882	-1.69794
R140D_A	142	0.75974025974	0.933333333333	0.741007194245	-10.7399	-11.4381	-2.40697
N144Y_A	150	0.75974025974	0.933333333333	0.741007194245	-12.4912	-11.3543	-4.91405
K1041R_C	156	0.602739726027	0.636363636364	0.588235294118	-12.1099	-11.5414	-4.16277
R139G_A	163	0.746753246753	0.933333333333	0.726618705036	-12.0907	-11.2827	-1.07549
G1042F_C	171	0.575342465753	0.636363636364	0.549019607843	-12.098	-11.5332	-3.91326
K30L_A	176	0.727272727273	0.933333333333	0.705035971223	-12.5051	-11.4563	-2.76257
D132M_A	191	0.714285714286	0.933333333333	0.690647482014	-12.5184	-11.9259	-1.57034
T108Y_A	205	0.694805194805	0.933333333333	0.669064748201	-12.5157	-11.9218	-1.91397
G115A_A	219	0.662337662338	0.866666666667	0.640287769784	-12.8983	-11.9595	-2.76635
E147K_A	225	0.642857142857	0.8	0.625899280576	-13.068	-11.631	-3.89479
I112C_A	233	0.623376623377	0.8	0.604316546763	-12.6188	-11.9947	-1.14485
K147T_A	243	0.616883116883	0.8	0.597122302158	-12.6042	-12.2641	-3.22185
S82I_A	249	0.603896103896	0.8	0.58273381295	-12.6103	-12.3016	-3.73764
R1047Y_C	256	0.506849315068	0.590909090909	0.470588235294	-11.0385	-10.0299	-1.81017
D1061T_C	264	0.493150684932	0.590909090909	0.450980392157	-11.074	-10.0301	-1.28792
L121E_A	282	0.584415584416	0.8	0.561151079137	-10.9995	-12.3315	-1.51098
A32Q_A	290	0.571428571429	0.8125	0.54347826087	-11.6468	-11.1791	-1.15464
Y1067M_C	304	0.452054794521	0.571428571429	0.403846153846	-11.122	-10.0989	-1.0032
E1062M_C	314	0.438356164384	0.5	0.408163265306	-12.6308	-9.81168	-2.95916
E1084L_C	320	0.424657534247	0.44	0.416666666667	-11.8881	-8.93694	-2.89094
Y1076A_C	327	0.424657534247	0.44	0.416666666667	-10.6836	-8.01167	-1.95141
K76R_A	336	0.519480519481	0.6875	0.5	-10.6278	-12.5686	-2.74153
C1071M_C	344	0.424657534247	0.44	0.416666666667	-10.6141	-8.04434	-1.84895
M148R_A	359	0.5	0.6875	0.478260869565	-10.6032	-11.9931	-1.0899
W7M_A	372	0.493506493506	0.6875	0.471014492754	-10.5982	-11.861	-3.21822
K31R_A	381	0.474025974026	0.625	0.45652173913	-10.4008	-12.0334	-3.81458
Q154T_A	392	0.461038961039	0.625	0.442028985507	-10.4663	-12.3752	-2.48787
H105Q_A	407	0.454545454545	0.625	0.434782608696	-10.467	-12.3531	-1.81718
K1082S_C	418	0.383561643836	0.44	0.354166666667	-10.7349	-7.34598	-0.503336
R31M_A	428	0.441558441558	0.647058823529	0.416058394161	-10.7608	-12.3337	-2.36647
Q117F_A	442	0.428571428571	0.588235294118	0.408759124088	-10.8715	-12.0744	-3.46685
S156G_A	455	0.422077922078	0.588235294118	0.401459854015	-10.8249	-12.3263	-2.13606
V110Y_A	460	0.428571428571	0.588235294118	0.408759124088	-10.9444	-12.3341	-2.78758
E98F_A	468	0.428571428571	0.555555555556	0.411764705882	-10.6955	-12.3673	-2.40864
K91Y_A	479	0.422077922078	0.555555555556	0.404411764706	-10.6662	-12.3452	-2.656
W1052A_C	492	0.397260273973	0.458333333333	0.367346938776	-10.9995	-7.28022	-3.02925
Y135A_A	503	0.422077922078	0.588235294118	0.401459854015	-10.5753	-10.0899	-1.55167
D93M_A	516	0.409090909091	0.588235294118	0.386861313869	-11.2276	-10.1864	-3.42605
C1039M_C	528	0.369863013699	0.458333333333	0.326530612245	-11.2879	-7.10564	-3.68286
G1094V_C	536	0.342465753425	0.416666666667	0.30612244898	-11.7274	-7.50508	-2.00166
Y108P_A	543	0.396103896104	0.5625	0.376811594203	-12.234	-10.2855	-4.48976
K15Y_A	550	0.383116883117	0.5625	0.36231884058	-12.2602	-11.5739	-2.87665
L4K_A	560	0.376623376623	0.5625	0.355072463768	-12.3033	-10.4144	-3.01994
K1027M_C	570	0.328767123288	0.375	0.30612244898	-12.286	-7.52874	-2.82745
P123I_A	581	0.357142857143	0.5	0.340579710145	-11.2265	-10.7121	-2.31109
Q32S_A	593	0.357142857143	0.470588235294	0.343065693431	-11.1709	-10.7128	-2.00569
T145L_A	604	0.357142857143	0.470588235294	0.343065693431	-11.0253	-10.6926	-3.35755
N1086D_C	619	0.301369863014	0.333333333333	0.285714285714	-11.4911	-6.96482	-2.95759
L111F_A	631	0.350649350649	0.473684210526	0.333333333333	-11.3349	-10.6943	-1.90737
P82D_A	641	0.350649350649	0.473684210526	0.333333333333	-11.3355	-10.6012	-2.25573
M1056W_C	650	0.315068493151	0.333333333333	0.30612244898	-11.3935	-7.05722	-1.85111
E121V_A	661	0.357142857143	0.526315789474	0.333333333333	-11.3937	-9.87333	-1.37545
V143P_A	677	0.357142857143	0.526315789474	0.333333333333	-11.2729	-10.7776	-0.933337
F1043I_C	706	0.287671232877	0.333333333333	0.265306122449	-11.8106	-7.33869	-1.30032
N118Y_A	715	0.350649350649	0.555555555556	0.323529411765	-12.7413	-9.40534	-2.83488
Y1062V_C	726	0.287671232877	0.375	0.244897959184	-12.8089	-8.00395	-1.23733
S110H_A	738	0.344155844156	0.555555555556	0.316176470588	-12.5341	-10.2711	-1.85561
F100L_A	747	0.344155844156	0.555555555556	0.316176470588	-12.2771	-10.2972	-2.34545
R19L_A	757	0.344155844156	0.555555555556	0.316176470588	-11.5769	-10.0645	-1.7299
R1044Y_C	768	0.27397260274	0.375	0.224489795918	-11.1484	-7.75816	-2.12131
Q1084L_C	778	0.27397260274	0.375	0.224489795918	-11.1505	-7.74528	-3.35557
P1040A_C	786	0.27397260274	0.375	0.224489795918	-11.2131	-7.65986	-1.98513
R1024I_C	792	0.260273972603	0.333333333333	0.224489795918	-11.2323	-7.56037	-1.51256
Y1080Q_C	798	0.260273972603	0.333333333333	0.224489795918	-11.3821	-7.60365	-1.52313
S1092V_C	806	0.246575342466	0.333333333333	0.204081632653	-11.0997	-7.48917	-3.82586
F48K_A	811	0.357142857143	0.5625	0.333333333333	-11.2034	-9.77816	-1.59343
D66Q_A	823	0.357142857143	0.5625	0.333333333333	-11.196	-9.77824	-3.14859
M93W_A	833	0.344155844156	0.5625	0.31884057971	-11.133	-9.76647	-2.77755
I96Y_A	840	0.344155844156	0.5625	0.31884057971	-10.8021	-9.83327	-2.14593
C30G_A	854	0.344155844156	0.5625	0.31884057971	-10.7383	-9.77557	-2.02735
I148C_A	861	0.337662337662	0.526315789474	0.311111111111	-10.7814	-9.84437	-1.67734
D3C_A	875	0.337662337662	0.526315789474	0.311111111111	-10.7876	-9.8423	-5.43292
Y96H_A	881	0.331168831169	0.526315789474	0.303703703704	-10.7829	-9.80701	-4.04208
T1077P_C	890	0.232876712329	0.333333333333	0.183673469388	-10.7809	-7.95129	-2.34247
M83L_A	897	0.318181818182	0.5	0.291044776119	-10.8092	-9.52791	-3.2044
K105T_A	905	0.311688311688	0.5	0.283582089552	-10.8159	-9.50077	-2.07597
M1095Q_C	917	0.246575342466	0.36	0.1875	-12.5436	-7.7491	-3.6677
C1023W_C	932	0.260273972603	0.36	0.208333333333	-12.343	-7.90059	-4.12312
D3R_A	950	0.318181818182	0.529411764706	0.29197080292	-12.2823	-8.84122	-2.63399
H20R_A	960	0.305194805195	0.470588235294	0.284671532847	-11.3207	-9.59791	-4.51023
H135W_A	968	0.305194805195	0.5	0.279411764706	-10.6318	-9.56505	-4.14698
Q1081D_C	977	0.246575342466	0.333333333333	0.204081632653	-11.0301	-6.74635	-2.61975
T61F_A	1000	0.285714285714	0.5	0.257352941176	-11.6082	-9.87755	-2.16137
