name	count	identity	evolved_interaction	ancestral_interaction	stability
M1049D_C	3	0.986301369863	-10.4448	-10.4787	-6.37213
P78L_A	10	0.980519480519	-10.4854	-10.5337	-22.8012
I60G_A	16	0.954545454545	-10.4481	-10.517	-18.4331
S95V_A	22	0.922077922078	-10.4509	-10.553	-11.1848
V95D_A	28	0.909090909091	-10.475	-10.4968	-7.77399
D100A_A	37	0.876623376623	-10.4427	-10.4657	-2.60459
R1047Q_C	46	0.890410958904	-10.4782	-9.50444	-3.25531
M45V_A	53	0.844155844156	-10.444	-10.4579	-1.19103
H1023S_C	60	0.849315068493	-10.4058	-9.46216	-4.00439
W134V_A	70	0.811688311688	-10.4065	-10.4582	-1.91599
N1040V_C	79	0.835616438356	-10.4571	-9.51716	-4.1934
D118A_A	91	0.779220779221	-10.6442	-10.5477	-2.34338
T1043V_C	97	0.808219178082	-10.6566	-10.5434	-5.02513
Y44P_A	102	0.772727272727	-11.6329	-11.4657	-7.73469
E121I_A	110	0.772727272727	-11.646	-11.4676	-8.01381
K141V_A	117	0.753246753247	-11.606	-11.4547	-4.30649
V57Q_A	126	0.74025974026	-11.1265	-11.4332	-5.64053
D33R_A	131	0.733766233766	-11.1526	-11.5537	-4.38606
S43A_A	137	0.733766233766	-11.3637	-11.4583	-4.23032
W16F_A	147	0.707792207792	-11.3637	-10.9544	-1.9832
E156I_A	158	0.707792207792	-11.5015	-11.0469	-1.56439
A106E_A	170	0.681818181818	-11.3562	-11.194	-1.5378
Y155W_A	178	0.662337662338	-11.4952	-11.2784	-2.43828
E143R_A	185	0.662337662338	-11.8529	-11.4964	-2.66726
K110P_A	200	0.642857142857	-11.843	-11.4224	-3.98916
M1083Q_C	211	0.684931506849	-10.9388	-9.29494	-3.24072
N126R_A	225	0.62987012987	-11.0408	-11.3942	-1.36467
D19T_A	237	0.623376623377	-11.7147	-11.6652	-1.19792
H6P_A	246	0.616883116883	-11.8958	-11.8585	-4.52884
L150N_A	251	0.61038961039	-12.1506	-10.5612	-4.11603
V1040A_C	257	0.643835616438	-12.1512	-8.36478	-4.99148
K27S_A	263	0.597402597403	-11.607	-10.1889	-5.13414
Q111N_A	269	0.584415584416	-11.6971	-10.2919	-0.806745
E67P_A	282	0.577922077922	-11.7474	-10.5512	-2.14472
I40K_A	288	0.571428571429	-11.4974	-10.2268	-1.5537
V113I_A	299	0.551948051948	-12.7692	-11.2749	-2.08898
N98K_A	308	0.551948051948	-12.5373	-11.1368	-2.36893
K146V_A	314	0.532467532468	-12.5555	-11.4715	-1.8867
A1091V_C	326	0.575342465753	-12.398	-8.30814	-1.21027
V3Q_A	336	0.519480519481	-12.494	-11.1409	-1.45441
T19Q_A	350	0.512987012987	-12.1413	-10.9453	-3.83069
I87K_A	369	0.506493506494	-10.5075	-9.04138	-1.58217
G1093A_C	377	0.561643835616	-10.4918	-8.31522	-0.982662
Y64F_A	386	0.480519480519	-10.4477	-8.97341	-6.08497
N88R_A	398	0.467532467532	-10.4483	-8.98508	-4.47586
D66S_A	407	0.461038961039	-10.7009	-9.0932	-2.20016
R88W_A	415	0.448051948052	-10.6091	-8.84999	-2.84997
F1065I_C	423	0.520547945205	-10.6183	-8.9483	-2.9525
K1027L_C	435	0.520547945205	-10.5726	-8.09963	-2.93198
K147L_A	442	0.428571428571	-10.6132	-8.90493	-2.46741
W1039E_C	447	0.520547945205	-10.602	-8.10412	-1.60257
I1080S_C	459	0.520547945205	-10.5045	-7.94987	-2.51419
K98F_A	473	0.422077922078	-10.7379	-8.90015	-1.50343
H1023A_C	478	0.506849315068	-10.7868	-7.99033	-4.40429
E137R_A	483	0.402597402597	-10.7825	-8.87718	-5.31338
E1080P_C	489	0.506849315068	-10.6866	-7.84907	-4.14012
I12R_A	494	0.396103896104	-10.5412	-8.8172	-4.24978
E106M_A	506	0.38961038961	-10.8562	-9.35607	-3.32698
W132C_A	516	0.38961038961	-10.7877	-9.30802	-2.13518
P125F_A	523	0.383116883117	-10.6965	-9.29515	-1.00994
M36I_A	530	0.37012987013	-10.9624	-9.24483	-1.30729
D1058H_C	543	0.479452054795	-10.9573	-8.53935	-4.93317
K30P_A	550	0.350649350649	-10.7989	-9.15596	-2.73955
E131N_A	556	0.344155844156	-10.8255	-9.19215	-3.78201
V1063S_C	563	0.479452054795	-10.8689	-8.54941	-3.48432
M1060V_C	570	0.465753424658	-10.8318	-8.54973	-2.01992
Y29E_A	581	0.344155844156	-10.7825	-9.13563	-1.5043
Y135I_A	588	0.344155844156	-10.7653	-9.13512	-1.00647
Y67F_A	607	0.337662337662	-10.7727	-9.19325	-1.12677
Y63E_A	616	0.337662337662	-10.7741	-9.13833	-0.841451
N111I_A	631	0.337662337662	-10.9946	-9.44902	-3.39786
P1075A_C	640	0.438356164384	-10.9947	-8.48883	-2.39101
Y134W_A	648	0.337662337662	-10.6782	-9.44952	-3.51643
E63W_A	654	0.331168831169	-10.7092	-9.49077	-2.85343
A91Q_A	659	0.324675324675	-10.6751	-9.49076	-2.91184
H150T_A	668	0.318181818182	-10.5304	-9.31688	-1.86879
T1042H_C	675	0.397260273973	-10.5309	-9.00829	-1.19942
T9S_A	689	0.318181818182	-10.5255	-9.32832	-2.71376
L155Y_A	702	0.318181818182	-10.5209	-9.20965	-3.2549
K14R_A	712	0.311688311688	-10.927	-9.68026	-1.59685
F35L_A	721	0.311688311688	-11.1847	-9.68598	-1.61172
I86F_A	727	0.311688311688	-10.756	-9.60484	-1.58949
H32Q_A	733	0.311688311688	-10.7332	-9.61595	-5.22748
P1080D_C	743	0.397260273973	-11.0153	-9.01057	-0.724906
V115H_A	768	0.311688311688	-11.059	-9.67478	-1.14784
A66C_A	775	0.311688311688	-11.3118	-9.66705	-0.835193
F67N_A	784	0.305194805195	-11.178	-9.53695	-3.44858
Q79D_A	798	0.298701298701	-11.1026	-9.58014	-2.07406
L44K_A	803	0.285714285714	-11.5007	-10.0365	-2.06043
L114S_A	814	0.279220779221	-11.6485	-9.95799	-0.982608
C1081Q_C	825	0.383561643836	-11.6576	-8.9665	-1.65834
C1064G_C	832	0.383561643836	-11.8716	-8.93996	-1.04873
A1040K_C	839	0.397260273973	-12.0093	-9.00093	-1.91147
H105K_A	846	0.279220779221	-11.9974	-10.154	-3.35189
S43T_A	854	0.272727272727	-11.9403	-10.3003	-3.46545
N1059S_C	866	0.383561643836	-11.5855	-8.06398	-1.0961
S101Y_A	883	0.279220779221	-11.6014	-10.792	-0.736094
D72P_A	898	0.285714285714	-11.5656	-10.7849	-5.95164
V36F_A	909	0.266233766234	-11.562	-10.8318	-1.60332
K32F_A	919	0.266233766234	-10.772	-10.8467	-1.53413
F125Y_A	936	0.266233766234	-10.6019	-10.8116	-1.00674
Q151N_A	942	0.253246753247	-10.5892	-10.813	-1.04873
I121A_A	962	0.24025974026	-10.5941	-10.7985	-1.33307
D112C_A	974	0.246753246753	-10.6458	-10.7259	-1.16807
N1033C_C	988	0.328767123288	-10.6324	-7.57989	-1.49648
