name	count	identity	evolved_interaction	ancestral_interaction	stability
K146T_A	1	0.993506493506	-10.4946	-10.5196	-25.3155
K1058G_C	8	0.958904109589	-10.4888	-10.3225	-4.54501
W103D_A	14	0.961038961039	-10.6709	-10.466	-17.3883
C1041W_C	20	0.917808219178	-10.8244	-10.8681	-4.92975
E143H_A	26	0.922077922078	-10.4268	-10.8584	-15.7663
V148Y_A	31	0.902597402597	-10.3982	-10.8686	-4.47074
Q117V_A	37	0.883116883117	-11.3409	-10.9329	-1.61697
N66L_A	45	0.87012987013	-13.1095	-9.92143	-3.03521
K147D_A	50	0.857142857143	-12.9772	-9.91913	-4.82284
D147E_A	56	0.844155844156	-12.988	-10.2019	-2.00416
Q1095I_C	63	0.767123287671	-12.0127	-10.5477	-1.50481
V86F_A	73	0.818181818182	-11.9784	-10.1268	-1.28217
T1077G_C	78	0.739726027397	-11.8918	-11.0972	-1.35659
Y82I_A	92	0.798701298701	-11.9388	-10.0792	-1.46991
Q1056R_C	98	0.712328767123	-11.8966	-11.1875	-0.987494
V117K_A	109	0.766233766234	-12.1998	-9.9176	-2.63566
L119W_A	120	0.753246753247	-10.7976	-10.2818	-1.32465
K1038M_C	131	0.671232876712	-10.7983	-10.6239	-2.9578
S35H_A	142	0.727272727273	-10.8613	-10.4239	-1.63487
K15I_A	147	0.701298701299	-10.8632	-10.3462	-1.75026
L141Y_A	157	0.688311688312	-10.7401	-9.91252	-2.402
M128G_A	163	0.675324675325	-10.7407	-9.50434	-5.23548
Y1025M_C	169	0.630136986301	-10.4608	-9.97209	-3.74125
I1047T_C	176	0.630136986301	-10.4608	-9.97209	-2.7876
M53S_A	183	0.642857142857	-10.4355	-9.51639	-3.53063
W1056H_C	188	0.630136986301	-10.4741	-9.9974	-0.84059
F7V_A	194	0.623376623377	-10.5969	-9.68908	-3.28476
P59T_A	201	0.616883116883	-10.5352	-9.67932	-2.43654
I1070H_C	214	0.58904109589	-10.6582	-9.76931	-2.79989
I1039Q_C	223	0.561643835616	-10.6787	-9.76858	-1.19868
F1036P_C	233	0.547945205479	-10.6772	-9.76646	-4.84874
I149L_A	247	0.590909090909	-10.669	-10.8161	-1.95958
W106H_A	253	0.584415584416	-10.5103	-10.8175	-2.80853
S1032P_C	260	0.520547945205	-10.5762	-9.78234	-2.12033
T3V_A	269	0.571428571429	-10.6125	-10.8843	-0.866853
G1073N_C	276	0.493150684932	-10.8657	-10.0031	-2.54531
I107W_A	285	0.558441558442	-11.218	-10.7917	-1.88607
C135Y_A	299	0.551948051948	-11.2364	-10.9242	-2.82786
I92V_A	305	0.532467532468	-11.9869	-8.85939	-0.781963
V59Q_A	313	0.525974025974	-11.2017	-8.85882	-2.595
R145F_A	322	0.519480519481	-10.8007	-9.10742	-2.4296
V1033C_C	330	0.424657534247	-10.829	-9.00463	-1.51829
R6P_A	336	0.519480519481	-10.9679	-10.1745	-3.58259
E63Y_A	342	0.506493506494	-11.9047	-10.0788	-2.01447
H106G_A	352	0.5	-11.9296	-9.98217	-4.43422
C82T_A	360	0.487012987013	-11.9486	-10.0641	-1.21821
D91Q_A	384	0.480519480519	-11.9479	-10.3399	-2.00621
I15R_A	396	0.474025974026	-11.6737	-9.9709	-1.37234
G143S_A	412	0.467532467532	-11.5374	-8.71707	-1.02133
D1046Y_C	421	0.397260273973	-11.3344	-9.59941	-0.795569
H1070A_C	439	0.397260273973	-10.7063	-10.0396	-1.21972
G1041L_C	453	0.41095890411	-10.7141	-9.71464	-3.42894
D1061V_C	460	0.397260273973	-10.7141	-9.71354	-3.36036
L1029T_C	467	0.397260273973	-10.5426	-9.59273	-0.927782
S127H_A	482	0.454545454545	-10.5442	-9.40398	-1.39665
C1055G_C	494	0.383561643836	-10.5736	-9.61795	-1.88966
I39C_A	513	0.441558441558	-10.5468	-9.17821	-1.57768
W16Y_A	524	0.428571428571	-10.4975	-9.16894	-1.56851
Q1076S_C	542	0.342465753425	-10.5095	-9.7332	-1.42015
N142L_A	555	0.415584415584	-10.5095	-9.14884	-2.47754
D93N_A	562	0.415584415584	-10.5217	-9.39977	-2.78012
Q1045S_C	570	0.342465753425	-10.6005	-9.73076	-0.946791
G56S_A	581	0.396103896104	-10.6005	-9.45849	-1.25782
V3D_A	589	0.396103896104	-10.6005	-8.09341	-1.09617
M55A_A	598	0.396103896104	-10.603	-8.19244	-4.14367
S138T_A	604	0.38961038961	-10.5966	-8.16295	-1.88148
A1070N_C	611	0.342465753425	-10.636	-9.67485	-2.52127
P1040R_C	622	0.342465753425	-10.6258	-9.66795	-0.881055
N48P_A	634	0.383116883117	-10.6359	-9.25635	-2.40282
R106Y_A	648	0.376623376623	-10.5877	-9.8397	-0.985367
N1042Q_C	676	0.342465753425	-10.5806	-9.6713	-1.34844
D121Q_A	685	0.357142857143	-10.6241	-9.91189	-2.31026
N1070R_C	698	0.342465753425	-11.0565	-9.67071	-1.3406
S143Q_A	704	0.337662337662	-12.145	-10.8073	-4.09716
Q105P_A	712	0.350649350649	-12.1027	-9.82517	-6.46638
S30C_A	721	0.344155844156	-12.7568	-9.79148	-3.01079
W75F_A	735	0.350649350649	-12.7646	-9.74887	-3.61343
T1058A_C	743	0.342465753425	-12.804	-7.88108	-1.57807
Q130S_A	753	0.344155844156	-13.4096	-9.82063	-1.68415
Y91T_A	764	0.337662337662	-12.6242	-10.1891	-2.82
R1047L_C	772	0.301369863014	-12.6055	-8.67671	-2.98755
G1075M_C	779	0.287671232877	-12.624	-8.67671	-4.84675
D1086R_C	788	0.27397260274	-12.4763	-8.45523	-4.8155
R51K_A	793	0.337662337662	-12.05	-9.70268	-2.09522
Y1052F_C	800	0.27397260274	-11.6943	-7.99163	-2.81334
E1034N_C	808	0.260273972603	-12.196	-7.09306	-2.14532
D1085E_C	817	0.246575342466	-12.2895	-8.73873	-1.09561
A74L_A	826	0.331168831169	-12.2223	-11.1067	-3.26876
F61Y_A	846	0.331168831169	-12.1542	-11.3516	-1.67376
R6H_A	856	0.331168831169	-11.0307	-11.4572	-1.83355
D1082G_C	867	0.232876712329	-11.4083	-7.26781	-4.33381
S118E_A	879	0.311688311688	-11.4239	-11.6416	-0.582096
Q65M_A	895	0.318181818182	-11.5728	-11.6205	-2.04257
V151F_A	902	0.318181818182	-11.6557	-11.3643	-1.59762
A79T_A	914	0.311688311688	-11.5195	-11.2312	-1.26939
Y131S_A	926	0.318181818182	-11.1386	-10.9824	-1.18918
Y21W_A	936	0.318181818182	-11.0848	-10.9235	-1.34957
F149G_A	946	0.318181818182	-11.0859	-10.9082	-2.36275
N117A_A	954	0.318181818182	-11.104	-11.1655	-2.1308
K1077L_C	965	0.232876712329	-11.0392	-6.98924	-1.29467
R1085I_C	984	0.232876712329	-11.2757	-7.31139	-1.78196
C5L_A	991	0.298701298701	-11.3604	-11.2687	-4.41248
