name	count	identity	interface_identity	non_interface_identity	evolved_interaction	ancestral_interaction	stability
E1059V_C	1	0.986301369863	1.0	0.980392156863	-10.4902	-10.3794	-7.9631
V62D_A	8	0.980519480519	1.0	0.977777777778	-10.5783	-10.5632	-18.9483
S138D_A	14	0.954545454545	1.0	0.948148148148	-10.4348	-10.4959	-18.6756
N98E_A	21	0.922077922078	1.0	0.911111111111	-10.4406	-10.4909	-6.98568
Q101N_A	27	0.902597402597	1.0	0.887218045113	-10.7487	-10.4958	-7.50061
Y87W_A	32	0.87012987013	1.0	0.84962406015	-10.7027	-10.5084	-2.65211
D100A_A	41	0.857142857143	1.0	0.834586466165	-10.6307	-9.57133	-0.370953
I85L_A	51	0.837662337662	0.952380952381	0.81954887218	-10.5763	-9.54401	0.588334
S122L_A	60	0.831168831169	0.952380952381	0.812030075188	-10.5325	-9.54835	-3.29243
S35I_A	66	0.811688311688	0.9	0.798507462687	-11.1097	-10.4863	-0.494147
A54F_A	82	0.798701298701	0.9	0.783582089552	-11.0082	-10.365	0.412982
W1094F_C	95	0.780821917808	0.913043478261	0.72	-11.0066	-10.7662	-1.3595
G1054K_C	107	0.767123287671	0.913043478261	0.7	-11.0042	-10.7595	-2.45572
C3R_A	126	0.772727272727	0.85	0.761194029851	-10.8918	-10.4508	0.643964
C121M_A	140	0.766233766234	0.85	0.753731343284	-10.9668	-10.5495	-1.30882
H1092F_C	151	0.698630136986	0.869565217391	0.62	-10.9994	-10.5819	-1.44611
M1049L_C	159	0.657534246575	0.826086956522	0.58	-11.0695	-10.6329	-4.81098
L1049Q_C	170	0.657534246575	0.826086956522	0.58	-11.4287	-10.3856	-1.7316
Q1038I_C	190	0.630136986301	0.739130434783	0.58	-11.9721	-10.8145	-1.47467
D1062Y_C	208	0.630136986301	0.739130434783	0.58	-12.0048	-10.8148	-1.84225
Q151R_A	218	0.701298701299	0.818181818182	0.681818181818	-11.4071	-10.5723	-2.20853
T1023Q_C	226	0.616438356164	0.739130434783	0.56	-11.2372	-10.9339	-2.77013
D145S_A	246	0.681818181818	0.818181818182	0.659090909091	-11.2234	-10.3561	-0.956348
I102C_A	260	0.675324675325	0.818181818182	0.651515151515	-12.3305	-10.2503	-1.92047
M1089V_C	267	0.58904109589	0.695652173913	0.54	-12.8101	-11.8832	-1.86923
K146Q_A	276	0.662337662338	0.818181818182	0.636363636364	-12.0579	-11.0785	-1.83035
K30F_A	291	0.642857142857	0.772727272727	0.621212121212	-11.3261	-10.7544	-1.36147
E150C_A	296	0.636363636364	0.772727272727	0.613636363636	-11.3165	-10.6415	-1.68618
V29I_A	307	0.623376623377	0.772727272727	0.598484848485	-11.3897	-10.6434	-2.4548
L94T_A	315	0.603896103896	0.772727272727	0.575757575758	-11.3981	-10.5543	-1.45931
Q7A_A	323	0.584415584416	0.772727272727	0.55303030303	-11.3988	-10.5524	-1.91928
F98M_A	340	0.571428571429	0.772727272727	0.537878787879	-11.4224	-10.821	-1.65425
A1093E_C	349	0.465753424658	0.608695652174	0.4	-11.3693	-9.84299	-3.33885
S1044F_C	362	0.465753424658	0.608695652174	0.4	-11.3624	-9.8532	-3.15993
N1086L_C	374	0.452054794521	0.565217391304	0.4	-11.7166	-10.1146	-4.25526
Q54E_A	379	0.558441558442	0.809523809524	0.518796992481	-11.5579	-10.795	-3.30009
N57W_A	386	0.558441558442	0.739130434783	0.526717557252	-13.8753	-11.4493	-3.99352
Q122M_A	394	0.551948051948	0.739130434783	0.519083969466	-13.7217	-11.4774	-1.05434
Q130Y_A	401	0.545454545455	0.708333333333	0.515384615385	-11.2716	-11.3238	-1.17214
G1046F_C	414	0.41095890411	0.478260869565	0.38	-11.3304	-7.50047	-3.37178
V1059L_C	422	0.424657534247	0.478260869565	0.4	-11.2839	-7.43462	-3.10315
D33M_A	439	0.512987012987	0.708333333333	0.476923076923	-11.6543	-11.479	-1.29185
N64Y_A	448	0.512987012987	0.708333333333	0.476923076923	-11.6751	-11.4872	-3.18883
A79N_A	454	0.506493506494	0.708333333333	0.469230769231	-12.6333	-11.4972	-1.0992
K27S_A	462	0.5	0.666666666667	0.469230769231	-12.3603	-11.0049	-5.40103
K1075F_C	470	0.397260273973	0.478260869565	0.36	-11.9769	-7.74217	-2.18257
S1029I_C	478	0.383561643836	0.434782608696	0.36	-11.6862	-8.71284	-1.07001
C101G_A	495	0.474025974026	0.666666666667	0.438461538462	-11.7147	-10.6894	-2.3039
V1073E_C	514	0.356164383562	0.434782608696	0.32	-11.6123	-8.79865	-1.19855
A70K_A	527	0.467532467532	0.666666666667	0.430769230769	-11.5984	-10.4971	-2.35566
S126R_A	537	0.467532467532	0.666666666667	0.430769230769	-11.5488	-10.6861	-3.03771
D1049N_C	546	0.369863013699	0.478260869565	0.32	-11.6301	-7.52936	-1.76411
D145I_A	557	0.461038961039	0.666666666667	0.423076923077	-11.6118	-11.5789	-2.1329
H142C_A	568	0.461038961039	0.666666666667	0.423076923077	-10.6197	-11.241	-2.64619
A1034M_C	584	0.369863013699	0.478260869565	0.32	-10.6795	-7.58587	-2.12809
Q106I_A	592	0.461038961039	0.666666666667	0.423076923077	-11.3614	-10.9993	-2.30551
N1051D_C	602	0.356164383562	0.478260869565	0.3	-10.4278	-7.36148	-4.00602
G1060L_C	612	0.356164383562	0.478260869565	0.3	-10.4358	-7.36125	-5.48553
S136E_A	620	0.435064935065	0.684210526316	0.4	-10.3958	-11.0226	-4.14455
R118C_A	626	0.428571428571	0.684210526316	0.392592592593	-10.4314	-10.4156	-3.15001
A76I_A	636	0.428571428571	0.684210526316	0.392592592593	-10.4827	-10.4149	-1.91861
K78P_A	660	0.435064935065	0.666666666667	0.404411764706	-10.5168	-10.4033	-4.25942
T51Y_A	670	0.422077922078	0.666666666667	0.389705882353	-10.4527	-10.4258	-1.51436
R110S_A	678	0.409090909091	0.666666666667	0.375	-10.3766	-10.3215	-4.84836
Q1076M_C	692	0.342465753425	0.478260869565	0.28	-10.357	-7.45205	-4.74006
I1072D_C	698	0.328767123288	0.478260869565	0.26	-10.7332	-7.86278	-1.39107
K93Y_A	707	0.396103896104	0.666666666667	0.360294117647	-10.7331	-10.3149	-4.01818
E1042K_C	714	0.328767123288	0.478260869565	0.26	-10.8047	-7.86291	-1.84331
L11A_A	721	0.383116883117	0.611111111111	0.352941176471	-10.9777	-11.2772	-2.24743
W153I_A	737	0.376623376623	0.611111111111	0.345588235294	-11.2519	-11.6065	-1.0284
N79H_A	749	0.376623376623	0.611111111111	0.345588235294	-10.9557	-11.5998	-1.07985
A146L_A	769	0.383116883117	0.578947368421	0.355555555556	-10.6774	-11.5979	-2.40865
M44S_A	781	0.383116883117	0.578947368421	0.355555555556	-10.7806	-11.5631	-1.54846
P59I_A	790	0.383116883117	0.578947368421	0.355555555556	-10.7744	-11.5631	-1.48972
A1054L_C	809	0.315068493151	0.434782608696	0.26	-10.7443	-7.79609	-2.00529
L1024A_C	816	0.301369863014	0.391304347826	0.26	-10.9638	-7.68599	-1.75609
G101K_A	831	0.376623376623	0.578947368421	0.348148148148	-10.9602	-11.8921	-1.20784
W1047A_C	854	0.287671232877	0.347826086957	0.26	-11.0954	-7.63523	-1.27014
K101I_A	864	0.37012987013	0.578947368421	0.340740740741	-11.1208	-12.083	-1.45074
Q1049M_C	874	0.301369863014	0.347826086957	0.28	-11.3546	-7.68481	-8.02184
Y93R_A	880	0.37012987013	0.578947368421	0.340740740741	-11.2897	-12.3811	-1.0269
S27H_A	892	0.37012987013	0.578947368421	0.340740740741	-12.2673	-12.7024	-1.63004
Q1041N_C	900	0.287671232877	0.347826086957	0.26	-12.6634	-7.60908	-5.65761
F18E_A	908	0.37012987013	0.578947368421	0.340740740741	-10.6822	-11.0488	-2.04052
A1024F_C	921	0.27397260274	0.363636363636	0.235294117647	-11.0767	-7.65017	-1.78907
P1023F_C	927	0.260273972603	0.363636363636	0.21568627451	-11.3512	-7.53632	-0.995048
H128E_A	935	0.376623376623	0.578947368421	0.348148148148	-11.5498	-10.9171	-4.86012
N1094W_C	943	0.260273972603	0.363636363636	0.21568627451	-11.1502	-7.38444	-2.50561
V32H_A	949	0.376623376623	0.578947368421	0.348148148148	-11.1158	-10.4939	-4.53295
A1047D_C	956	0.260273972603	0.363636363636	0.21568627451	-11.1635	-7.55123	-2.74468
C1056T_C	976	0.260273972603	0.363636363636	0.21568627451	-10.7901	-7.19998	-1.61788
C1058W_C	986	0.260273972603	0.363636363636	0.21568627451	-11.5475	-8.74204	-1.8526
A74E_A	995	0.38961038961	0.578947368421	0.362962962963	-10.7294	-11.19	-5.70275
