name	count	identity	evolved_interaction	ancestral_interaction	stability
K71H_A	1	0.993506493506	-10.4651	-10.5111	-26.3833
D100L_A	8	0.974025974026	-10.5602	-10.5449	-13.0183
K1040I_C	14	0.931506849315	-10.5535	-10.5192	-10.5996
S1062M_C	22	0.904109589041	-10.5504	-10.5166	-11.1854
P59M_A	28	0.915584415584	-10.5728	-10.6531	-5.89853
I107F_A	33	0.896103896104	-10.5089	-10.635	-4.36655
I93Y_A	38	0.876623376623	-10.5634	-10.6336	-7.09499
D1038K_C	46	0.876712328767	-10.7503	-10.3331	-10.0062
L1045Y_C	52	0.86301369863	-10.6373	-10.3295	-9.73503
F102V_A	63	0.824675324675	-11.1047	-11.5743	-1.0234
G53Q_A	73	0.798701298701	-11.08	-11.5558	-2.89127
Q1095T_C	83	0.808219178082	-11.7859	-9.67188	-2.55558
A141S_A	90	0.766233766234	-11.7812	-10.9128	-2.12443
K48C_A	96	0.75974025974	-12.0053	-10.9689	-6.67811
E131F_A	111	0.74025974026	-11.499	-10.4849	-2.6163
K1043N_C	116	0.780821917808	-11.4494	-10.0294	-1.24573
R76C_A	123	0.74025974026	-11.4771	-10.4866	-5.64229
Y68L_A	134	0.720779220779	-11.4764	-10.5012	-1.18054
C1091L_C	144	0.767123287671	-11.4989	-10.3773	-1.15305
R124L_A	155	0.701298701299	-11.1918	-9.77856	-2.52272
I1040P_C	164	0.753424657534	-11.1962	-10.1337	-3.13506
S136W_A	169	0.681818181818	-11.1772	-10.0361	-6.89279
K146H_A	177	0.662337662338	-11.1776	-10.0464	-5.94395
T1042F_C	190	0.698630136986	-10.4675	-6.36046	-2.66194
K15S_A	199	0.642857142857	-10.8658	-8.77843	-0.98511
P78A_A	206	0.636363636364	-11.318	-8.39669	-2.53923
K30D_A	218	0.623376623377	-11.1364	-6.52905	-1.09081
G115A_A	236	0.61038961039	-11.2759	-6.58228	-2.1018
N140W_A	242	0.590909090909	-11.0046	-6.26528	-5.97665
A43T_A	248	0.577922077922	-10.642	-5.56915	-2.79797
Y58F_A	255	0.564935064935	-10.6515	-5.565	-2.5947
A54W_A	265	0.551948051948	-10.6517	-5.54976	-0.708722
D1075F_C	278	0.657534246575	-10.6159	-7.50391	-1.20605
L4S_A	287	0.558441558442	-10.651	-5.65887	-1.61987
C48Q_A	301	0.551948051948	-10.6324	-5.65876	-1.01284
K147V_A	308	0.532467532468	-10.625	-5.38449	-3.75023
M36I_A	313	0.519480519481	-10.5765	-5.32058	-0.698632
L1081D_C	320	0.630136986301	-10.5551	-7.77493	-0.189045
I1024Y_C	327	0.616438356164	-11.1718	-9.62801	-2.06185
F10H_A	337	0.506493506494	-11.4166	-7.21559	-1.82139
H1093D_C	351	0.602739726027	-11.3689	-7.76384	-1.7099
I1040D_C	372	0.602739726027	-11.4035	-7.95063	-2.23279
H1055Q_C	385	0.575342465753	-11.118	-7.03804	-2.99687
N1080G_C	393	0.561643835616	-11.3083	-6.85908	-3.49203
I108P_A	403	0.487012987013	-11.2275	-7.26729	-0.995279
M1054E_C	408	0.534246575342	-10.5848	-8.86917	-3.19744
Q53N_A	423	0.487012987013	-10.5821	-7.04814	-2.93753
V86L_A	429	0.474025974026	-10.6005	-6.9948	-2.42374
K12N_A	442	0.467532467532	-10.6015	-7.02633	-1.14967
P110V_A	454	0.467532467532	-10.5887	-7.00652	-1.12065
L1061C_C	465	0.465753424658	-10.8581	-7.04668	-1.69939
N91I_A	475	0.461038961039	-10.7207	-6.96007	-8.56753
W16R_A	480	0.441558441558	-10.863	-7.2882	-2.08135
H71W_A	486	0.441558441558	-10.864	-7.2882	-2.55998
Y144F_A	493	0.428571428571	-11.3347	-7.70536	-3.0697
A34D_A	502	0.422077922078	-10.8955	-8.42115	-1.73394
E1079Q_C	519	0.424657534247	-10.7974	-6.8633	-2.78843
F137M_A	527	0.409090909091	-10.5818	-8.25303	-1.80702
L6E_A	537	0.396103896104	-10.6022	-8.1679	-3.87738
A1063G_C	543	0.41095890411	-10.5881	-6.98404	-3.23106
W31F_A	554	0.38961038961	-10.5949	-8.18461	-0.815421
I112F_A	561	0.383116883117	-10.6241	-8.22379	-0.35762
E1050T_C	575	0.369863013699	-10.5631	-5.69273	-4.75047
R136Y_A	585	0.376623376623	-10.5658	-8.12787	-5.26431
L38K_A	592	0.363636363636	-10.5721	-8.16219	-0.633682
V148C_A	611	0.357142857143	-10.5907	-8.16693	-1.07808
L109T_A	618	0.350649350649	-10.5922	-8.25454	-0.486503
M13L_A	628	0.350649350649	-10.657	-8.14426	-0.819784
A129I_A	635	0.344155844156	-10.6609	-8.20526	-1.19253
L19C_A	641	0.344155844156	-10.6686	-8.64012	-1.06713
T1054I_C	652	0.342465753425	-10.3638	-5.90122	-4.02884
W71L_A	665	0.344155844156	-10.3593	-8.06134	-2.62311
K1046R_C	674	0.356164383562	-10.3553	-5.97426	-1.95252
R82M_A	686	0.331168831169	-10.3524	-8.08213	-2.04524
S122C_A	700	0.318181818182	-10.4495	-8.22619	-0.102171
H1092W_C	716	0.342465753425	-10.777	-6.41484	-3.96255
W140Q_A	723	0.318181818182	-10.7719	-8.4073	-1.24471
C1086L_C	733	0.356164383562	-11.0268	-6.34893	-3.71919
S1029G_C	741	0.342465753425	-10.7274	-6.04275	-3.76969
M1060H_C	753	0.328767123288	-11.7406	-7.09851	-2.93371
F1036W_C	759	0.315068493151	-11.1	-7.15162	-2.81022
L1074R_C	778	0.301369863014	-11.1097	-7.20222	-2.31753
A1051H_C	795	0.287671232877	-11.1081	-7.22878	-2.47107
C1034W_C	808	0.287671232877	-11.1203	-7.26832	-2.24526
V76I_A	816	0.311688311688	-10.9394	-6.5824	-1.31844
V101A_A	834	0.311688311688	-10.7	-6.45913	-4.87928
F81Y_A	845	0.311688311688	-10.6945	-6.45896	-5.03092
T5S_A	856	0.305194805195	-10.6972	-6.25019	-5.45995
Q140M_A	863	0.305194805195	-10.6642	-6.14472	-3.71502
R1076W_C	871	0.27397260274	-10.7117	-6.98884	-3.15732
Y37R_A	879	0.298701298701	-10.9414	-6.67722	-2.21884
H1060D_C	895	0.27397260274	-10.9355	-6.97029	-1.89909
A1056M_C	909	0.27397260274	-11.4297	-6.95604	-3.81265
G120C_A	917	0.279220779221	-11.5273	-6.1129	-1.45476
V152A_A	924	0.285714285714	-11.5658	-6.12051	-4.53635
L1079W_C	930	0.27397260274	-11.4145	-6.86846	-3.24355
C100A_A	938	0.279220779221	-11.3865	-6.46321	-0.428079
R1038M_C	946	0.27397260274	-11.4828	-6.95232	-2.50608
C1044Q_C	956	0.287671232877	-11.4801	-6.93281	-1.99567
A1023T_C	973	0.287671232877	-11.4996	-6.93619	-1.66904
M5L_A	979	0.279220779221	-11.4996	-6.44329	-2.79614
M3E_A	997	0.272727272727	-11.5454	-6.62284	-0.0371346
