name	count	identity	interface_identity	non_interface_identity	evolved_interaction	ancestral_interaction	stability
F1065V_C	1	0.986301369863	1.0	0.980392156863	-10.4869	-10.5108	-7.28279
K1040S_C	6	0.958904109589	1.0	0.941176470588	-10.5309	-10.5087	-7.61206
Q130N_A	12	0.948051948052	1.0	0.940740740741	-10.5176	-10.5193	-28.7245
S127K_A	18	0.928571428571	1.0	0.918518518519	-10.5771	-10.5202	-25.6965
S138E_A	24	0.896103896104	1.0	0.881481481481	-10.5487	-10.4788	-15.8337
L94Y_A	30	0.876623376623	1.0	0.859259259259	-10.583	-10.5165	-18.1942
R135G_A	36	0.857142857143	1.0	0.837037037037	-10.581	-10.517	-13.0198
L97N_A	44	0.831168831169	1.0	0.807407407407	-10.5442	-10.5116	-8.92758
R104M_A	52	0.805194805195	1.0	0.777777777778	-10.5076	-10.4591	-5.35075
I1070T_C	60	0.86301369863	0.909090909091	0.843137254902	-10.5494	-10.6739	-2.09878
D1094L_C	73	0.849315068493	0.909090909091	0.823529411765	-10.9746	-10.7507	-3.66032
N1086Y_C	87	0.808219178082	0.818181818182	0.803921568627	-10.9709	-11.3528	-3.23144
M36C_A	94	0.779220779221	0.947368421053	0.755555555556	-10.6641	-10.4596	-1.59763
A106L_A	107	0.766233766234	0.947368421053	0.740740740741	-10.7293	-10.4465	-1.84771
F1052T_C	115	0.753424657534	0.818181818182	0.725490196078	-11.1083	-11.4806	-0.826418
M152K_A	130	0.733766233766	0.947368421053	0.703703703704	-11.0384	-10.5037	-2.33707
W145C_A	136	0.720779220779	0.947368421053	0.688888888889	-11.0998	-10.5038	-1.14747
L106F_A	143	0.714285714286	0.947368421053	0.681481481481	-10.5294	-10.5093	-1.49267
P65A_A	154	0.701298701299	0.947368421053	0.666666666667	-10.5588	-10.5403	-1.99336
K15H_A	163	0.675324675325	0.947368421053	0.637037037037	-10.7419	-10.9149	-0.776615
T91P_A	169	0.655844155844	0.947368421053	0.614814814815	-10.6717	-10.5154	-3.8103
E96F_A	183	0.649350649351	0.947368421053	0.607407407407	-10.6592	-10.5062	-3.71987
N79L_A	191	0.649350649351	0.947368421053	0.607407407407	-10.564	-10.5061	-4.46842
T1070I_C	200	0.684931506849	0.772727272727	0.647058823529	-10.7057	-10.9605	-2.2872
E12F_A	210	0.616883116883	0.947368421053	0.57037037037	-10.7347	-10.5131	-2.37872
V1058L_C	217	0.671232876712	0.772727272727	0.627450980392	-10.7219	-10.9671	-1.51308
P46M_A	224	0.590909090909	0.947368421053	0.540740740741	-10.762	-10.5565	-3.54333
S1029V_C	234	0.657534246575	0.727272727273	0.627450980392	-11.551	-11.7279	-2.9821
K14G_A	249	0.564935064935	0.894736842105	0.518518518519	-10.4894	-9.7865	-1.45164
H15V_A	255	0.545454545455	0.842105263158	0.503703703704	-10.8325	-10.1629	-2.38437
V7W_A	263	0.532467532468	0.842105263158	0.488888888889	-10.7801	-10.1618	-2.14347
H1024E_C	270	0.616438356164	0.727272727273	0.56862745098	-10.7327	-11.2279	-1.17945
T110M_A	279	0.525974025974	0.842105263158	0.481481481481	-10.9599	-10.4188	-4.50601
A1085R_C	286	0.58904109589	0.714285714286	0.538461538462	-11.9793	-10.3785	-2.44708
F136A_A	293	0.512987012987	0.85	0.462686567164	-11.9447	-11.138	-2.80574
P111K_A	302	0.512987012987	0.85	0.462686567164	-11.9829	-11.1424	-2.78891
A155K_A	310	0.506493506494	0.85	0.455223880597	-11.9384	-11.0975	-2.92764
H1058F_C	318	0.575342465753	0.666666666667	0.538461538462	-11.5337	-10.4026	-3.97536
K1054W_C	326	0.561643835616	0.666666666667	0.519230769231	-11.5335	-10.451	-1.80916
P91I_A	332	0.5	0.85	0.44776119403	-11.5306	-10.6907	-3.98213
D1042K_C	347	0.547945205479	0.666666666667	0.5	-11.5305	-10.3727	-1.79777
D1080M_C	362	0.520547945205	0.666666666667	0.461538461538	-11.4311	-10.2437	-2.27548
D8K_A	372	0.493506493506	0.85	0.440298507463	-11.5624	-10.2062	-2.678
Q122N_A	379	0.487012987013	0.85	0.432835820896	-11.0505	-10.206	-1.35991
M104Q_A	387	0.480519480519	0.85	0.425373134328	-10.8461	-10.0811	-2.5262
Q78W_A	392	0.480519480519	0.8	0.432835820896	-11.0845	-10.1601	-2.38536
V1041C_C	399	0.479452054795	0.666666666667	0.387755102041	-11.2075	-9.67163	-1.78062
H1092Y_C	408	0.465753424658	0.625	0.387755102041	-11.212	-8.4469	-1.4122
T117Y_A	414	0.474025974026	0.761904761905	0.428571428571	-11.363	-11.5917	-4.07185
F104V_A	425	0.480519480519	0.809523809524	0.428571428571	-10.7349	-11.1871	-2.97224
C1040E_C	432	0.424657534247	0.625	0.326530612245	-10.8331	-8.19242	-4.35689
I1035K_C	443	0.41095890411	0.625	0.30612244898	-10.9571	-7.97164	-4.35705
W71L_A	453	0.467532467532	0.8	0.417910447761	-10.9685	-10.9163	-2.83767
Y144D_A	460	0.461038961039	0.75	0.417910447761	-10.9828	-10.5358	-5.22125
K30L_A	467	0.441558441558	0.7	0.402985074627	-11.0091	-10.5267	-1.74085
I1034G_C	490	0.41095890411	0.625	0.30612244898	-10.8821	-7.99554	-1.41916
S67A_A	504	0.441558441558	0.666666666667	0.411764705882	-10.7507	-10.7017	-1.69103
Y117Q_A	516	0.428571428571	0.666666666667	0.397058823529	-10.516	-10.9486	-2.47727
E89W_A	534	0.422077922078	0.666666666667	0.389705882353	-10.5417	-10.7559	-2.5789
F106Q_A	541	0.422077922078	0.666666666667	0.389705882353	-10.5292	-10.7527	-1.2267
S1089Q_C	552	0.369863013699	0.541666666667	0.285714285714	-10.6006	-7.30952	-3.95353
W1044S_C	559	0.369863013699	0.541666666667	0.285714285714	-10.5998	-7.30952	-2.76762
F115C_A	570	0.415584415584	0.666666666667	0.382352941176	-10.9422	-10.4867	-1.58692
R1033G_C	581	0.369863013699	0.541666666667	0.285714285714	-10.8923	-7.58436	-1.46865
T1076D_C	594	0.369863013699	0.541666666667	0.285714285714	-10.9078	-7.58317	-1.00696
R1064W_C	605	0.356164383562	0.541666666667	0.265306122449	-10.955	-7.22124	-1.94764
H1032G_C	614	0.356164383562	0.541666666667	0.265306122449	-10.8459	-7.43145	-2.87158
L1061Q_C	624	0.356164383562	0.541666666667	0.265306122449	-10.9147	-7.42081	-2.47311
D100I_A	634	0.383116883117	0.666666666667	0.345588235294	-10.941	-10.5716	-1.42846
T44M_A	642	0.376623376623	0.666666666667	0.338235294118	-11.0127	-11.6201	-3.68148
V35N_A	649	0.37012987013	0.666666666667	0.330882352941	-10.9804	-11.6243	-2.66912
G14S_A	663	0.37012987013	0.666666666667	0.330882352941	-11.3835	-11.4672	-2.64367
N131L_A	673	0.357142857143	0.611111111111	0.323529411765	-10.3497	-11.5659	-2.40197
M63Q_A	685	0.357142857143	0.611111111111	0.323529411765	-10.3497	-11.5171	-2.34981
Y116V_A	691	0.357142857143	0.611111111111	0.323529411765	-10.345	-11.5688	-2.69222
C42Y_A	698	0.363636363636	0.611111111111	0.330882352941	-10.3875	-11.3465	-2.6214
C87S_A	710	0.357142857143	0.611111111111	0.323529411765	-10.3647	-11.5556	-2.70992
Q1061F_C	718	0.328767123288	0.541666666667	0.224489795918	-10.3761	-7.63613	-5.76115
D102Y_A	729	0.350649350649	0.611111111111	0.316176470588	-10.5513	-11.1131	-1.692
Y64D_A	737	0.344155844156	0.611111111111	0.308823529412	-11.036	-11.5218	-2.60278
K1080S_C	745	0.328767123288	0.541666666667	0.224489795918	-11.0649	-7.83798	-2.71596
N122V_A	761	0.337662337662	0.611111111111	0.301470588235	-11.0736	-11.4376	-4.4525
N132Y_A	768	0.337662337662	0.611111111111	0.301470588235	-10.858	-11.1698	-4.29768
Q33W_A	778	0.337662337662	0.611111111111	0.301470588235	-11.4739	-11.2911	-1.7049
C66D_A	786	0.331168831169	0.611111111111	0.294117647059	-11.4706	-10.3624	-1.07074
A135R_A	802	0.344155844156	0.611111111111	0.308823529412	-11.4894	-10.3862	-1.37074
L131Q_A	810	0.337662337662	0.611111111111	0.301470588235	-11.9564	-10.875	-3.27859
T9Q_A	817	0.337662337662	0.611111111111	0.301470588235	-12.0988	-11.04	-1.06002
Y139L_A	826	0.337662337662	0.611111111111	0.301470588235	-12.1694	-11.8981	0.0974934
K152R_A	834	0.337662337662	0.611111111111	0.301470588235	-12.2302	-11.1194	-2.69727
I1054L_C	844	0.315068493151	0.5	0.224489795918	-12.2236	-7.81102	-2.6576
D87E_A	855	0.331168831169	0.631578947368	0.288888888889	-12.4554	-11.0223	-1.64824
Y132F_A	869	0.331168831169	0.631578947368	0.288888888889	-12.5067	-11.0032	-1.23691
R1047C_C	882	0.301369863014	0.5	0.204081632653	-12.5116	-8.12428	-3.09972
M67D_A	889	0.331168831169	0.631578947368	0.288888888889	-12.6315	-11.0455	-1.57614
V6H_A	899	0.318181818182	0.578947368421	0.281481481481	-12.665	-11.2349	-1.73413
A1091G_C	911	0.27397260274	0.458333333333	0.183673469388	-12.6074	-8.04892	-2.92927
V49C_A	937	0.318181818182	0.578947368421	0.281481481481	-12.2925	-11.1971	-1.84267
V75I_A	944	0.305194805195	0.578947368421	0.266666666667	-12.3156	-11.196	-1.14706
R20H_A	956	0.311688311688	0.631578947368	0.266666666667	-12.0319	-10.8269	-2.34948
S70D_A	966	0.298701298701	0.578947368421	0.259259259259	-11.4308	-10.3337	-3.02836
A133L_A	975	0.292207792208	0.578947368421	0.251851851852	-11.5087	-10.3239	-2.3909
A25R_A	985	0.272727272727	0.578947368421	0.22962962963	-11.7054	-8.29178	-2.69144
I100V_A	1000	0.266233766234	0.588235294118	0.226277372263	-10.4791	-8.33933	-0.902171
