name	count	identity	evolved_interaction	ancestral_interaction	stability
R1093V_C	1	0.986301369863	-10.4515	-10.3341	-7.16278
S127Y_A	13	0.967532467532	-10.4656	-10.497	-29.0514
G34V_A	22	0.941558441558	-10.4559	-10.4924	-21.7834
M1049S_C	27	0.972602739726	-10.4633	-10.3173	-6.48594
F141M_A	35	0.896103896104	-10.4889	-10.5265	-5.87316
Y58M_A	45	0.876623376623	-10.5216	-10.5068	-2.67783
E1094D_C	52	0.904109589041	-10.7	-10.412	-3.6905
R125P_A	59	0.850649350649	-10.7399	-10.6421	-5.30653
W111C_A	65	0.831168831169	-10.464	-10.3437	-1.01525
S1049A_C	73	0.849315068493	-10.4864	-10.5978	-4.49649
W55H_A	81	0.785714285714	-10.46	-10.3592	-0.798019
F1033R_C	91	0.821917808219	-10.4951	-10.5815	-5.34167
K76R_A	105	0.753246753247	-10.4633	-10.3738	-1.75411
G115A_A	113	0.74025974026	-10.4591	-10.3727	-4.07749
K146L_A	121	0.720779220779	-10.596	-10.3421	-2.67754
N98I_A	131	0.714285714286	-10.4802	-10.3319	-2.55738
S70H_A	140	0.701298701299	-10.4692	-10.2866	-3.99281
V34N_A	149	0.688311688312	-10.6886	-10.4978	-8.32421
A32N_A	155	0.681818181818	-10.663	-10.4824	-6.89637
V1054R_C	160	0.698630136986	-11.0162	-11.2222	-4.95935
V1028L_C	167	0.671232876712	-11.0267	-11.2264	-5.73623
M1083V_C	174	0.657534246575	-11.0039	-11.3657	-2.98807
H70P_A	180	0.62987012987	-11.0558	-11.2157	-3.23213
A115Q_A	188	0.623376623377	-10.5777	-11.038	-3.9665
A106K_A	193	0.597402597403	-11.2646	-11.086	-3.74129
E99Y_A	204	0.577922077922	-11.0508	-10.7616	-1.83912
A1049F_C	213	0.575342465753	-10.9397	-10.8095	-6.0965
A133E_A	219	0.558441558442	-11.3775	-10.7865	-3.0789
A142F_A	225	0.564935064935	-11.3477	-10.7865	-5.42935
Q117M_A	230	0.551948051948	-10.9594	-10.7144	-5.04631
V40T_A	240	0.545454545455	-10.4844	-10.504	-3.79408
Q39V_A	247	0.532467532468	-10.4861	-10.4106	-1.99623
V1074Y_C	255	0.506849315068	-10.5306	-9.48114	-1.26743
Q1043Y_C	263	0.506849315068	-10.4533	-9.42196	-2.69184
M1056C_C	269	0.479452054795	-10.5502	-9.47794	-2.32752
G1061S_C	283	0.465753424658	-10.7097	-9.52839	-0.865539
L66W_A	298	0.5	-10.6237	-10.411	-1.8252
L97R_A	309	0.487012987013	-10.5019	-10.4089	-3.30789
T61Q_A	314	0.480519480519	-10.5076	-10.3893	-2.62826
H87C_A	321	0.474025974026	-10.5076	-10.4349	-2.26315
Q49W_A	328	0.474025974026	-10.7681	-10.421	-2.38674
D134E_A	337	0.467532467532	-10.9021	-10.4635	-3.07544
H1080C_C	346	0.452054794521	-10.8268	-9.83542	-1.21954
C136W_A	356	0.448051948052	-10.8643	-10.4092	-4.78256
L109V_A	367	0.435064935065	-10.8777	-10.4292	-4.5489
N34C_A	374	0.422077922078	-10.9162	-10.4755	-2.41552
V93I_A	380	0.422077922078	-10.7686	-10.5398	-2.77428
Y99A_A	391	0.422077922078	-10.7531	-10.5578	-2.48691
T7E_A	404	0.428571428571	-10.7468	-10.5537	-2.7691
V86E_A	410	0.422077922078	-10.9206	-10.5742	-2.81295
D1073G_C	417	0.465753424658	-11.0986	-9.60443	-3.32509
K15G_A	425	0.402597402597	-11.4781	-11.158	-2.37122
Y155K_A	433	0.38961038961	-10.945	-11.2317	-1.3786
L38F_A	445	0.376623376623	-11.2743	-10.5383	-1.75013
Y82M_A	466	0.37012987013	-11.1166	-10.9706	-1.10653
Q61M_A	490	0.376623376623	-10.9807	-11.3047	-1.56019
F52C_A	502	0.376623376623	-10.9529	-11.3044	-1.84837
C52E_A	511	0.383116883117	-10.8179	-11.2499	-4.22178
A4I_A	518	0.376623376623	-11.0776	-11.1145	-2.39481
D106H_A	538	0.383116883117	-10.9348	-10.6801	-1.00913
T135A_A	547	0.383116883117	-10.7103	-10.7552	-2.63033
H1023C_C	552	0.369863013699	-10.722	-8.43468	-2.5724
F142A_A	559	0.376623376623	-10.9059	-10.9167	-2.95201
S89H_A	564	0.376623376623	-10.6571	-10.8575	-2.32554
K1091L_C	573	0.342465753425	-10.751	-8.38092	-4.70554
F1052K_C	586	0.328767123288	-10.7338	-8.38393	-1.92456
S5P_A	597	0.376623376623	-10.7491	-10.8937	-4.43954
Y151F_A	610	0.376623376623	-10.5837	-10.8259	-1.34616
E99V_A	617	0.363636363636	-10.7192	-10.826	-1.39208
S98Q_A	633	0.363636363636	-10.6912	-11.0939	-1.26672
A131L_A	645	0.363636363636	-10.688	-11.0063	-2.41066
Y1076T_C	653	0.315068493151	-10.6808	-8.17758	-1.63962
C87A_A	662	0.357142857143	-10.6808	-11.006	-3.30526
L48C_A	669	0.363636363636	-10.6763	-10.9772	-1.16409
R14Q_A	682	0.357142857143	-10.6213	-10.7642	-1.44304
E86N_A	696	0.357142857143	-10.6209	-10.6359	-5.47863
V135R_A	703	0.357142857143	-10.5614	-10.5377	-3.4527
Y1074D_C	709	0.315068493151	-10.5837	-8.08145	-3.38428
P123A_A	718	0.350649350649	-10.5859	-10.5262	-2.31013
V3D_A	726	0.350649350649	-10.5531	-10.4468	-2.24185
N1025S_C	732	0.301369863014	-10.5381	-8.17639	-1.89931
Y29K_A	746	0.350649350649	-10.5469	-10.3544	-2.75021
E7M_A	766	0.350649350649	-10.411	-10.6507	-0.719543
Y77L_A	774	0.350649350649	-10.5094	-10.9067	-2.35487
I30P_A	780	0.350649350649	-10.5434	-10.8691	-2.89589
D111L_A	788	0.350649350649	-10.7519	-10.5161	-1.40683
I141R_A	796	0.350649350649	-10.5808	-10.6981	-3.29381
E19C_A	807	0.344155844156	-10.59	-10.8743	-2.65066
T108I_A	814	0.337662337662	-10.5937	-10.8733	-2.74718
A152R_A	821	0.331168831169	-10.6982	-10.9354	-1.42871
I1065W_C	835	0.27397260274	-10.629	-7.87016	-2.99183
A126E_A	845	0.324675324675	-10.6258	-11.0955	-2.71834
F118D_A	853	0.331168831169	-10.6061	-10.9237	-0.936052
C1027V_C	863	0.260273972603	-11.024	-8.21294	-4.2401
G1093Q_C	875	0.246575342466	-11.0081	-8.49517	-2.78774
Q121P_A	883	0.331168831169	-10.9882	-11.1153	-4.33686
S10M_A	893	0.324675324675	-11.0041	-11.3461	-2.32545
Q94K_A	903	0.324675324675	-11.0823	-11.3457	-0.954357
Q1073L_C	914	0.219178082192	-10.7433	-8.34665	-3.04294
S1038Q_C	929	0.219178082192	-10.5012	-8.22545	-3.17356
F52L_A	938	0.331168831169	-11.1256	-11.1538	-3.03711
A79N_A	945	0.324675324675	-11.4324	-10.6618	-2.13035
A1064D_C	960	0.219178082192	-11.3948	-8.99248	-1.36341
Y1058D_C	971	0.219178082192	-11.4588	-9.08203	-2.2288
G82H_A	977	0.331168831169	-11.4716	-10.9137	-2.39932
D3Y_A	985	0.331168831169	-11.4842	-10.6635	-2.91042
S1025F_C	993	0.219178082192	-11.4811	-10.8723	-4.49439
