name	count	identity	interface_identity	non_interface_identity	evolved_interaction	ancestral_interaction	stability
G115E_A	1	0.993506493506	1.0	0.992592592593	-10.4788	-10.5166	-27.6316
P78D_A	6	0.967532467532	1.0	0.962962962963	-10.565	-10.6001	-27.6878
Q151V_A	11	0.935064935065	1.0	0.925925925926	-10.6927	-10.7376	-19.4611
G34S_A	16	0.909090909091	1.0	0.896296296296	-10.8256	-10.879	-15.651
K153P_A	21	0.896103896104	1.0	0.878787878788	-11.2029	-10.8738	-12.4919
E1059D_C	28	0.917808219178	0.954545454545	0.901960784314	-11.2352	-10.8219	-1.36072
L6G_A	33	0.844155844156	0.954545454545	0.825757575758	-11.2541	-10.9263	-10.0571
R139P_A	39	0.818181818182	0.909090909091	0.80303030303	-11.4086	-10.9839	-6.33274
K10E_A	49	0.805194805195	0.863636363636	0.795454545455	-10.6782	-10.2801	-2.09157
E63H_A	61	0.798701298701	0.857142857143	0.789473684211	-10.7849	-10.2505	-2.82877
K1042D_C	69	0.849315068493	0.92	0.8125	-10.5443	-9.85026	-2.12043
F141Q_A	79	0.779220779221	0.857142857143	0.766917293233	-10.5467	-10.3017	-3.69676
K1041F_C	89	0.821917808219	0.92	0.770833333333	-10.9581	-10.132	-3.32983
E143A_A	94	0.753246753247	0.857142857143	0.736842105263	-10.6971	-10.4278	-3.16612
E60A_A	102	0.74025974026	0.857142857143	0.721804511278	-11.0274	-10.7537	-1.76632
T33Q_A	110	0.727272727273	0.857142857143	0.706766917293	-11.0177	-10.6403	-2.41592
C91Y_A	117	0.707792207792	0.857142857143	0.684210526316	-11.2805	-10.9514	-2.57919
F1058Y_C	125	0.780821917808	0.92	0.708333333333	-11.1203	-10.0493	-1.97307
Y1031C_C	132	0.767123287671	0.88	0.708333333333	-10.607	-9.63406	-2.53767
S138D_A	137	0.675324675325	0.894736842105	0.644444444444	-10.6101	-10.8545	-2.87203
K14H_A	147	0.655844155844	0.842105263158	0.62962962963	-14.3049	-11.4481	-2.14081
E101H_A	157	0.649350649351	0.842105263158	0.622222222222	-14.3489	-11.5151	-3.79587
N57I_A	162	0.642857142857	0.842105263158	0.614814814815	-13.8096	-11.0553	-5.80436
Q1076V_C	169	0.712328767123	0.84	0.645833333333	-10.7299	-12.1878	-1.31951
P69D_A	180	0.61038961039	0.833333333333	0.580882352941	-10.7379	-9.49657	-1.44044
Q33A_A	194	0.597402597403	0.833333333333	0.566176470588	-10.7472	-9.21766	-4.94675
A43C_A	200	0.584415584416	0.777777777778	0.558823529412	-10.8723	-9.07916	-14.1345
S39W_A	206	0.577922077922	0.777777777778	0.551470588235	-11.7087	-8.89009	-14.3476
P59E_A	212	0.558441558442	0.777777777778	0.529411764706	-11.7515	-8.73018	-14.0665
R57N_A	217	0.558441558442	0.777777777778	0.529411764706	-11.3648	-8.45634	-11.1653
Y91V_A	222	0.558441558442	0.777777777778	0.529411764706	-11.3022	-9.29992	-9.05404
A1075I_C	232	0.657534246575	0.8	0.583333333333	-11.3652	-12.5577	-2.0023
R1093L_C	240	0.630136986301	0.76	0.5625	-11.4077	-12.8752	-2.55931
S147P_A	257	0.532467532468	0.736842105263	0.503703703704	-11.2108	-9.2394	-1.38337
W146M_A	268	0.525974025974	0.736842105263	0.496296296296	-11.3727	-9.51452	-1.51924
W1054V_C	277	0.602739726027	0.72	0.541666666667	-11.4463	-12.5926	-3.99475
Y87M_A	291	0.506493506494	0.684210526316	0.481481481481	-11.1607	-9.48632	-3.92965
W39F_A	299	0.506493506494	0.684210526316	0.481481481481	-11.1664	-9.45101	-1.30733
Y100A_A	305	0.506493506494	0.684210526316	0.481481481481	-11.0009	-9.46067	-0.863691
I7P_A	319	0.506493506494	0.684210526316	0.481481481481	-11.0511	-9.30179	-0.53971
A33Q_A	330	0.5	0.684210526316	0.474074074074	-11.0508	-9.30093	-0.683604
F1065L_C	344	0.561643835616	0.64	0.520833333333	-10.9115	-12.4861	-1.86371
V44E_A	355	0.493506493506	0.684210526316	0.466666666667	-10.8023	-7.84051	-1.11594
C129Q_A	362	0.487012987013	0.684210526316	0.459259259259	-10.8227	-7.84376	-0.710997
I1072V_C	375	0.547945205479	0.64	0.5	-10.8125	-12.1036	-2.97825
A1053I_C	382	0.520547945205	0.64	0.458333333333	-10.7813	-12.4003	-2.18748
A78H_A	388	0.487012987013	0.684210526316	0.459259259259	-10.9978	-8.08748	-0.47096
Q33K_A	396	0.480519480519	0.684210526316	0.451851851852	-10.7435	-7.91935	-0.666318
A60T_A	409	0.474025974026	0.714285714286	0.436090225564	-10.7157	-8.25078	-1.89911
L39Q_A	417	0.493506493506	0.714285714286	0.458646616541	-10.7061	-8.17556	-1.28959
K75D_A	423	0.487012987013	0.714285714286	0.451127819549	-10.6758	-8.26198	-3.36253
S3F_A	432	0.474025974026	0.666666666667	0.443609022556	-10.98	-8.65014	-2.3986
Y1023G_C	438	0.493150684932	0.64	0.416666666667	-11.0166	-12.2239	-0.874686
Q104L_A	449	0.461038961039	0.666666666667	0.428571428571	-11.0332	-8.29738	-1.07659
S117M_A	456	0.461038961039	0.666666666667	0.428571428571	-10.7614	-8.19282	-2.21419
G49Y_A	466	0.461038961039	0.666666666667	0.428571428571	-10.9575	-7.85487	-2.62968
W19Y_A	474	0.461038961039	0.666666666667	0.428571428571	-10.7283	-7.93948	-4.4563
Y64C_A	482	0.454545454545	0.666666666667	0.421052631579	-10.9416	-8.30489	-1.04863
V1076E_C	494	0.452054794521	0.64	0.354166666667	-11.1246	-12.451	-2.91975
H147V_A	499	0.454545454545	0.666666666667	0.421052631579	-11.2193	-8.37344	-1.13186
K10M_A	510	0.448051948052	0.666666666667	0.413533834586	-11.2515	-9.87964	-3.04001
K1026L_C	517	0.465753424658	0.64	0.375	-10.8369	-12.6793	-7.88048
C64N_A	530	0.441558441558	0.666666666667	0.406015037594	-10.8871	-9.20165	-1.42686
A143D_A	539	0.435064935065	0.666666666667	0.398496240602	-10.6273	-9.21994	-1.21531
I1024S_C	548	0.424657534247	0.52	0.375	-10.6931	-12.2935	-3.41862
P67D_A	557	0.441558441558	0.666666666667	0.406015037594	-10.6092	-8.31626	-4.01068
Y1080Q_C	565	0.424657534247	0.52	0.375	-10.6078	-12.2586	-4.57279
L1026M_C	578	0.41095890411	0.52	0.354166666667	-10.4895	-12.2718	-5.92874
A79E_A	591	0.422077922078	0.666666666667	0.383458646617	-10.5603	-8.01112	-1.92795
G1023A_C	598	0.41095890411	0.52	0.354166666667	-10.5678	-12.3237	-6.89477
V1028T_C	607	0.397260273973	0.48	0.354166666667	-10.5574	-12.3218	-4.89787
D63R_A	617	0.415584415584	0.666666666667	0.375939849624	-11.3907	-8.11574	-1.85199
E78W_A	627	0.422077922078	0.684210526316	0.385185185185	-11.1434	-8.64918	-2.90277
K1038E_C	635	0.369863013699	0.44	0.333333333333	-12.0433	-11.2844	-1.70571
L1093M_C	643	0.369863013699	0.44	0.333333333333	-12.0753	-11.2744	-2.35161
K30Y_A	652	0.409090909091	0.684210526316	0.37037037037	-10.9536	-8.97035	-4.41463
K71T_A	663	0.396103896104	0.684210526316	0.355555555556	-10.9584	-9.09651	-2.31927
R154L_A	679	0.396103896104	0.65	0.358208955224	-11.0399	-8.46508	-2.98859
N85A_A	691	0.383116883117	0.65	0.34328358209	-11.052	-8.54669	-1.92209
I1075R_C	703	0.356164383562	0.423076923077	0.31914893617	-11.4556	-8.55492	0.0414444
E118T_A	715	0.376623376623	0.65	0.335820895522	-11.5428	-8.6374	-2.73653
Q1080F_C	729	0.356164383562	0.423076923077	0.31914893617	-11.545	-8.5446	0.382372
L4Q_A	743	0.350649350649	0.65	0.305970149254	-11.5897	-8.63342	-4.89735
Q1095Y_C	755	0.342465753425	0.384615384615	0.31914893617	-11.8563	-8.48056	-0.449655
G1070M_C	764	0.342465753425	0.384615384615	0.31914893617	-11.6654	-8.44931	-1.68181
K33L_A	772	0.350649350649	0.65	0.305970149254	-12.2232	-9.168	-2.74264
G51C_A	783	0.350649350649	0.65	0.305970149254	-12.2348	-9.10988	-2.00989
P39A_A	794	0.357142857143	0.65	0.313432835821	-10.8672	-8.87289	-4.43523
T118C_A	810	0.357142857143	0.65	0.313432835821	-10.6315	-8.67998	-3.46612
N146H_A	822	0.357142857143	0.684210526316	0.311111111111	-10.6319	-7.81408	-3.27247
I1035E_C	837	0.328767123288	0.384615384615	0.297872340426	-10.6715	-8.33939	-0.00130599
G1086R_C	850	0.342465753425	0.423076923077	0.297872340426	-10.6247	-8.50073	0.125108
W61N_A	871	0.350649350649	0.684210526316	0.303703703704	-11.7586	-9.57497	-2.81467
Y75S_A	901	0.350649350649	0.684210526316	0.303703703704	-11.6962	-9.48372	-2.51064
L33K_A	919	0.350649350649	0.684210526316	0.303703703704	-11.823	-9.5185	-7.50279
A1074V_C	924	0.328767123288	0.458333333333	0.265306122449	-11.0236	-9.12892	-0.521804
Y115M_A	934	0.344155844156	0.631578947368	0.303703703704	-11.0788	-8.71643	-6.04995
K136H_A	940	0.337662337662	0.529411764706	0.313868613139	-10.5872	-9.25633	-3.53793
A102D_A	956	0.337662337662	0.529411764706	0.313868613139	-10.4482	-9.29932	-2.24637
T11Q_A	964	0.337662337662	0.529411764706	0.313868613139	-10.4566	-9.15104	-2.78009
Q4E_A	982	0.331168831169	0.5	0.308823529412	-11.0443	-9.21113	-3.80071
T42E_A	987	0.331168831169	0.5	0.308823529412	-10.8499	-9.01355	-6.54824
E107R_A	992	0.331168831169	0.5	0.308823529412	-10.8386	-9.02292	-4.99606
E1076F_C	999	0.315068493151	0.375	0.285714285714	-10.8031	-10.3105	-2.05936
