name	count	identity	evolved_interaction	ancestral_interaction	stability
I96C_A	1	0.993506493506	-10.4946	-10.5197	-24.387
A1051T_C	7	0.972602739726	-10.4427	-10.3621	-9.38143
L9M_A	12	0.948051948052	-10.4761	-10.5184	-18.8635
L1045S_C	17	0.945205479452	-10.5582	-10.3434	-7.62405
P123S_A	26	0.88961038961	-10.6198	-10.6278	-4.93691
S136Q_A	41	0.857142857143	-10.5456	-10.5878	-3.24577
E1059P_C	50	0.917808219178	-10.5231	-9.79323	-7.3819
T91N_A	57	0.818181818182	-10.4859	-10.5766	-1.6485
Y1023T_C	66	0.890410958904	-10.4957	-10.6573	-3.72001
V31S_A	73	0.792207792208	-10.662	-10.5979	-2.08416
E1050L_C	82	0.849315068493	-10.8578	-10.8869	-3.76624
N124K_A	89	0.75974025974	-10.8739	-10.6644	-1.58527
A106Y_A	95	0.733766233766	-10.8824	-10.6914	-4.75352
V57F_A	102	0.714285714286	-11.4261	-11.5226	-3.28963
I1070H_C	111	0.808219178082	-11.3776	-10.4226	-4.54671
D19M_A	117	0.675324675325	-11.3664	-11.6543	-2.48188
T1077A_C	124	0.767123287671	-11.4335	-10.3072	-2.84892
E105A_A	137	0.662337662338	-11.6496	-11.7749	-1.31084
R1046K_C	147	0.739726027397	-11.6638	-10.3935	-3.09218
Y87S_A	156	0.636363636364	-11.5458	-11.7303	-0.961352
Q7D_A	161	0.62987012987	-11.5475	-11.7575	-2.603
Q101F_A	167	0.623376623377	-11.5465	-11.7534	-2.55991
T1053A_C	177	0.712328767123	-11.6339	-10.3555	-4.34996
D1075Q_C	185	0.657534246575	-11.6788	-10.6727	-1.58024
D100P_A	194	0.584415584416	-11.6002	-12.8304	-2.8543
W1074T_C	202	0.602739726027	-11.7968	-10.6252	-2.38612
C61V_A	215	0.577922077922	-11.796	-12.7951	-2.50601
A129W_A	224	0.558441558442	-11.8004	-12.8027	-1.55853
D1082K_C	231	0.575342465753	-10.6011	-9.75978	-1.88573
A114M_A	237	0.551948051948	-10.5678	-12.8059	-3.96091
G118H_A	244	0.538961038961	-10.4706	-12.6799	-4.22716
S70F_A	252	0.525974025974	-10.7031	-13.2063	-6.17855
L1024M_C	260	0.575342465753	-10.7733	-9.40867	-2.05846
K11F_A	268	0.5	-10.8104	-13.1187	-1.52461
N52W_A	279	0.480519480519	-10.851	-13.5381	-1.39962
K14H_A	302	0.467532467532	-11.0666	-13.7546	-3.56148
P128M_A	310	0.448051948052	-11.0855	-13.7536	-4.09081
A78S_A	326	0.441558441558	-11.9448	-14.0778	-1.14645
T1023R_C	336	0.561643835616	-12.1858	-9.75845	-1.74511
K1043W_C	344	0.561643835616	-12.4372	-9.76087	-2.17561
I131L_A	351	0.441558441558	-12.4351	-14.3769	-4.57629
L97Q_A	356	0.441558441558	-12.3794	-13.9734	-1.39316
C93R_A	361	0.415584415584	-12.3795	-13.9599	-4.46485
R27W_A	366	0.402597402597	-12.2437	-13.8546	-2.46593
R18Y_A	374	0.402597402597	-12.2833	-13.7292	-0.947486
K1046I_C	379	0.534246575342	-12.3344	-9.70064	-1.38294
K124L_A	388	0.396103896104	-12.3826	-13.5098	-3.69681
S31M_A	393	0.402597402597	-12.4119	-13.5163	-3.46175
G56V_A	399	0.38961038961	-12.416	-13.5282	-0.951846
S1032A_C	413	0.493150684932	-12.462	-9.83307	-2.08752
M1077E_C	419	0.493150684932	-12.5903	-9.91099	-0.868396
S1033I_C	426	0.479452054795	-11.8595	-10.1842	-1.91333
C1039R_C	433	0.465753424658	-11.7838	-10.0853	-1.48812
E79W_A	445	0.363636363636	-11.7838	-13.0991	-3.8312
M119L_A	454	0.363636363636	-11.7831	-12.636	-0.935222
L1091T_C	469	0.452054794521	-12.3035	-9.98579	-1.3851
T1074Y_C	481	0.465753424658	-12.1526	-9.98442	-2.28609
L150Q_A	497	0.344155844156	-11.9481	-12.9788	-1.48981
M99A_A	505	0.344155844156	-11.9979	-13.0463	-2.75091
K1082F_C	513	0.452054794521	-12.1901	-9.75362	-1.36418
D1061F_C	520	0.438356164384	-12.0777	-9.6903	-1.41861
D100H_A	528	0.331168831169	-12.1747	-13.3168	-2.24412
H118F_A	534	0.324675324675	-12.1609	-13.3168	-2.57062
F1093G_C	541	0.438356164384	-12.1704	-9.93401	-0.782056
M145T_A	549	0.318181818182	-11.5075	-11.9373	-1.85609
I92V_A	559	0.311688311688	-13.8055	-11.3837	-1.85555
Q1076M_C	572	0.383561643836	-13.701	-11.5827	-1.12355
D59T_A	577	0.298701298701	-13.6269	-11.7087	-2.64562
R79C_A	584	0.292207792208	-11.7469	-9.19473	-2.71637
A35E_A	590	0.292207792208	-11.8012	-9.13502	-2.35669
C38P_A	596	0.292207792208	-11.4886	-9.25176	-1.42328
C1082F_C	604	0.397260273973	-11.4844	-11.7762	-1.07257
I1072V_C	618	0.383561643836	-10.5371	-10.3195	-2.97793
Y1081L_C	630	0.397260273973	-11.0516	-10.5451	-2.10137
V98I_A	637	0.285714285714	-11.046	-8.86513	-2.1156
W134F_A	663	0.279220779221	-11.0175	-8.52425	-1.89943
M1060Q_C	671	0.369863013699	-11.172	-10.4941	-0.62782
D10K_A	684	0.285714285714	-12.375	-10.6013	-2.69293
P52R_A	695	0.285714285714	-12.3962	-10.6522	-2.5698
L31R_A	707	0.279220779221	-12.4963	-10.6594	-1.34196
A26T_A	719	0.272727272727	-12.4952	-9.7223	-1.48317
L1026F_C	730	0.342465753425	-12.4877	-10.7721	-1.9288
S60A_A	752	0.266233766234	-12.5671	-9.5654	-1.77079
T106K_A	765	0.266233766234	-12.571	-9.83443	-2.28021
K147D_A	771	0.266233766234	-12.3606	-10.1582	-1.151
T1091N_C	778	0.342465753425	-12.3596	-10.8183	-3.80043
F122C_A	790	0.266233766234	-11.7064	-9.64915	-1.93967
D63Q_A	797	0.266233766234	-11.6926	-9.62397	-0.823865
I121H_A	809	0.266233766234	-11.516	-9.49195	-1.17112
S85P_A	815	0.266233766234	-11.3346	-8.76174	-3.83436
R52H_A	822	0.266233766234	-11.339	-8.79181	-0.979219
R135W_A	831	0.253246753247	-10.9828	-8.67638	-1.77909
I6V_A	841	0.253246753247	-10.9387	-8.77184	-0.430148
V1035E_C	850	0.315068493151	-11.1666	-10.2819	-2.68415
Q5P_A	866	0.253246753247	-11.1618	-8.9969	-2.41708
P72A_A	873	0.24025974026	-11.1302	-8.96746	-2.26255
L91Y_A	881	0.233766233766	-11.1292	-8.92344	-1.58378
L100R_A	891	0.233766233766	-11.0522	-8.83867	-1.52491
A105N_A	901	0.233766233766	-11.1754	-8.81804	-0.501855
G23Q_A	921	0.227272727273	-11.4268	-9.0299	-1.97269
W107Q_A	928	0.214285714286	-11.5876	-9.26847	-1.89345
A152L_A	938	0.214285714286	-12.0623	-9.21366	-1.34445
Y109V_A	945	0.214285714286	-11.9491	-9.21845	-1.18714
Q116R_A	953	0.207792207792	-11.4343	-8.99849	-1.51975
A32T_A	966	0.207792207792	-11.912	-9.34126	-1.60114
W31V_A	975	0.201298701299	-11.4508	-9.56236	-2.31936
K1071F_C	982	0.315068493151	-11.3654	-10.3069	-1.22032
K153H_A	990	0.201298701299	-11.3344	-9.48032	-2.6246
R100T_A	995	0.201298701299	-11.3713	-9.48529	-1.29436
