name	count	identity	evolved_interaction	ancestral_interaction	stability
F137L_A	1	0.993506493506	-10.4881	-10.5132	-26.5944
E49F_A	6	0.980519480519	-10.559	-10.5371	-26.1539
E67W_A	11	0.954545454545	-10.481	-10.509	-23.1373
C5K_A	17	0.928571428571	-10.4936	-10.5357	-12.8118
S136K_A	22	0.896103896104	-10.47	-10.5105	-10.5708
S1033Q_C	27	0.931506849315	-10.5452	-9.65911	-2.92938
T108V_A	33	0.850649350649	-10.5089	-10.4801	-2.53627
L1081M_C	46	0.917808219178	-10.541	-10.5001	-2.22885
E1079Q_C	65	0.876712328767	-10.7218	-10.8147	-4.49719
S65G_A	75	0.818181818182	-10.5924	-10.4349	-1.08567
Y135A_A	84	0.811688311688	-10.4827	-10.4563	-1.57668
L114K_A	97	0.792207792208	-10.5336	-10.4962	-1.88205
K1054C_C	107	0.767123287671	-10.5246	-10.4662	-4.45991
Y87E_A	123	0.75974025974	-10.5245	-10.4973	-1.98186
Q101L_A	136	0.733766233766	-10.6106	-10.5099	-0.895539
Q1033C_C	156	0.739726027397	-10.6704	-10.5362	-4.4316
N126E_A	170	0.707792207792	-10.7476	-10.5449	-1.66473
T1077C_C	185	0.698630136986	-10.7601	-10.6535	-0.907292
L149Q_A	194	0.668831168831	-10.8182	-10.609	-1.18119
F1079K_C	205	0.698630136986	-10.802	-10.6477	-1.19394
N52T_A	214	0.655844155844	-10.6823	-10.4966	-2.68204
R1070D_C	226	0.671232876712	-10.9713	-10.5961	-1.36649
L1063F_C	237	0.630136986301	-11.005	-10.6309	-3.65124
F29K_A	243	0.62987012987	-11.0475	-10.5632	-2.12671
T1049V_C	250	0.630136986301	-11.0487	-10.6124	-4.82014
S95D_A	259	0.616883116883	-11.0434	-10.5727	-5.27498
K114I_A	267	0.61038961039	-10.9261	-10.4771	-6.24747
V113L_A	276	0.590909090909	-10.9816	-10.5638	-2.83287
S49V_A	285	0.590909090909	-11.015	-10.6294	-1.63065
C81R_A	295	0.584415584416	-11.0156	-10.6266	-2.64593
M136H_A	302	0.577922077922	-11.0413	-10.4778	-1.50944
M139F_A	309	0.577922077922	-11.1463	-10.478	-2.05224
S100G_A	326	0.558441558442	-10.8054	-10.4784	-1.24198
D1070V_C	346	0.58904109589	-10.4995	-10.9138	-1.84085
E142W_A	353	0.519480519481	-10.539	-10.5391	-2.59123
I1024F_C	360	0.561643835616	-10.6786	-10.9932	-0.869931
T1086M_C	377	0.561643835616	-10.9416	-11.2523	-3.91791
W142M_A	387	0.493506493506	-10.951	-10.5402	-2.13189
D1030E_C	397	0.547945205479	-10.967	-10.5616	-2.60914
Y1093W_C	404	0.547945205479	-10.9837	-10.5938	-2.46756
Q78W_A	412	0.493506493506	-10.9903	-10.5479	-6.17202
Q1045T_C	421	0.547945205479	-10.7636	-10.6058	-2.72456
V49L_A	427	0.467532467532	-10.7819	-10.3155	-2.82643
S1075Y_C	435	0.534246575342	-10.6781	-10.6605	-3.04328
E131P_A	445	0.454545454545	-10.6818	-10.0435	-2.89429
F1092K_C	454	0.534246575342	-10.7648	-9.97213	-2.37941
M33K_A	514	0.441558441558	-11.1599	-10.4525	-5.05129
P88V_A	521	0.435064935065	-10.8982	-10.1229	-0.811894
Q151F_A	526	0.428571428571	-10.9555	-10.1138	-1.54048
V101C_A	538	0.422077922078	-10.93	-10.1064	-1.181
M6R_A	548	0.422077922078	-10.9337	-10.1118	-1.7963
Q1056K_C	559	0.493150684932	-10.9679	-10.2317	-2.81148
F139Y_A	573	0.415584415584	-10.9675	-10.1093	-3.1781
N35H_A	582	0.422077922078	-10.9513	-10.0834	-1.87342
Q1055W_C	594	0.493150684932	-10.909	-10.1157	-1.15767
F1040E_C	609	0.493150684932	-11.0792	-10.1525	-1.40043
M1033H_C	618	0.479452054795	-11.1788	-10.3024	-2.6319
I3Y_A	625	0.409090909091	-12.14	-11.6382	-1.07536
M1074N_C	632	0.493150684932	-12.1003	-10.2727	-1.55705
V61L_A	644	0.402597402597	-12.0209	-11.6553	-2.78613
G1095H_C	658	0.493150684932	-12.1993	-10.3015	-1.55885
I114W_A	672	0.383116883117	-12.2549	-11.6609	-1.13001
I25R_A	696	0.37012987013	-11.4547	-10.5285	-1.02248
K1054I_C	704	0.465753424658	-11.5389	-10.4518	-1.6206
E150K_A	719	0.37012987013	-11.3535	-10.3296	-2.14518
G29Q_A	726	0.37012987013	-11.3173	-10.2653	-2.8681
R1064I_C	736	0.41095890411	-11.2959	-10.3258	-4.27031
D1082E_C	741	0.397260273973	-11.2408	-10.0639	-5.97661
M1050R_C	751	0.383561643836	-10.6444	-10.0718	-3.05305
M53N_A	759	0.363636363636	-10.6482	-9.2867	-1.25131
E1023R_C	778	0.397260273973	-10.5892	-9.96612	-2.38188
T149D_A	787	0.37012987013	-10.6558	-9.43714	-1.91119
H1095C_C	796	0.397260273973	-10.6789	-9.94355	-2.80292
F139W_A	816	0.350649350649	-10.6114	-9.46143	-1.34377
I107V_A	832	0.337662337662	-10.6217	-9.45884	-1.52422
C70Y_A	846	0.337662337662	-10.6875	-9.47712	-2.77877
R1050T_C	852	0.369863013699	-10.7439	-10.0214	-1.55692
E73F_A	861	0.331168831169	-10.7964	-9.31897	-3.14656
L61W_A	872	0.318181818182	-10.8214	-9.33513	-2.1346
Y58M_A	882	0.311688311688	-10.9354	-9.30214	-3.58361
V1079W_C	890	0.356164383562	-10.9791	-10.2138	-2.61025
T1045M_C	897	0.356164383562	-10.9487	-10.2329	-6.02295
S114T_A	903	0.311688311688	-11.7294	-9.3343	-1.99206
S1032H_C	909	0.328767123288	-11.7077	-10.9059	-4.63837
N1057Y_C	915	0.328767123288	-10.5057	-10.8885	-4.59046
I96M_A	925	0.292207792208	-11.6773	-9.60138	-4.76144
C1095P_C	931	0.315068493151	-11.696	-11.0559	-1.79838
Y82P_A	947	0.279220779221	-11.3461	-9.61234	-1.51484
Q100S_A	956	0.279220779221	-11.3439	-9.61319	-2.37198
D1085E_C	968	0.287671232877	-11.237	-10.1671	-2.00651
L127W_A	980	0.266233766234	-11.2978	-9.55033	-2.05994
M65Y_A	991	0.266233766234	-10.9908	-9.53209	-1.58385
