name	count	identity	evolved_interaction	ancestral_interaction	stability
A106K_A	1	0.993506493506	-10.4858	-10.5115	-26.6656
A1051Y_C	17	0.958904109589	-10.354	-10.3472	-11.5192
M1083D_C	26	0.931506849315	-10.9952	-11.0044	-6.584
F77L_A	32	0.941558441558	-10.8013	-10.4811	-17.849
I107E_A	37	0.928571428571	-10.801	-10.4892	-14.3323
P128I_A	43	0.909090909091	-10.7354	-10.4142	-7.84441
C5F_A	52	0.883116883117	-10.8043	-10.4903	-0.916571
A32D_A	59	0.857142857143	-10.7871	-10.4481	-3.44411
P88T_A	64	0.850649350649	-10.7754	-10.447	-1.71582
T61N_A	73	0.831168831169	-10.8048	-10.4198	-2.30405
Q151L_A	81	0.805194805195	-10.8258	-10.4089	-3.50658
D1061T_C	89	0.780821917808	-10.9662	-11.0439	-2.49441
G1062F_C	97	0.780821917808	-11.2008	-11.1223	-2.66085
L114Y_A	106	0.766233766234	-11.2557	-10.5964	-3.09396
E42K_A	113	0.746753246753	-11.2308	-10.6324	-2.38934
Y155K_A	118	0.733766233766	-11.2878	-10.6056	-0.856766
N61H_A	126	0.727272727273	-11.3514	-10.7514	-1.48507
E1094N_C	137	0.72602739726	-11.3685	-10.8824	-1.5812
Q1076M_C	156	0.698630136986	-11.3839	-10.883	-2.10704
K1041A_C	164	0.671232876712	-11.6135	-11.1261	-1.65661
Q117V_A	174	0.675324675325	-11.4143	-10.7285	-1.39286
T128N_A	186	0.662337662338	-11.4103	-10.7285	-6.46544
Q121C_A	194	0.642857142857	-11.5344	-10.7167	-8.52281
Y1062F_C	203	0.643835616438	-10.9151	-10.6643	-2.49765
M1076Q_C	210	0.630136986301	-11.0433	-10.7956	-2.98995
K30V_A	227	0.61038961039	-10.8145	-9.53118	-1.65427
K74T_A	234	0.590909090909	-12.2055	-11.1218	-2.95768
S156N_A	245	0.577922077922	-11.9764	-10.6345	-3.94719
Q111L_A	254	0.558441558442	-12.3777	-10.914	-3.04906
V1050L_C	260	0.561643835616	-12.4001	-10.2759	-2.26283
C129Y_A	266	0.538961038961	-12.4115	-10.9638	-2.91183
V142A_A	272	0.538961038961	-12.386	-10.9393	-3.51628
E131A_A	285	0.532467532468	-10.5403	-11.0286	-2.32511
R104M_A	295	0.512987012987	-10.5649	-11.0487	-2.21313
M139A_A	303	0.512987012987	-10.5319	-11.0488	-1.53103
N70F_A	311	0.5	-10.8057	-11.1251	-2.23304
A26T_A	335	0.487012987013	-10.4293	-10.4386	-1.39352
H136R_A	355	0.487012987013	-10.4701	-10.7756	-3.50523
F121M_A	366	0.474025974026	-11.7709	-12.6733	-5.06349
H91M_A	377	0.467532467532	-11.6353	-11.9842	-2.81159
E49A_A	385	0.454545454545	-11.573	-11.9965	-1.47623
G35A_A	411	0.454545454545	-11.443	-11.9946	-1.38014
Y124W_A	419	0.454545454545	-12.4621	-12.4651	-5.81686
F71H_A	430	0.454545454545	-12.5526	-12.0887	-2.78267
E1040Y_C	438	0.479452054795	-12.6472	-8.17163	-2.06579
R1047P_C	452	0.465753424658	-13.3483	-8.06133	-1.97053
S67K_A	462	0.441558441558	-12.1723	-12.7771	-4.3323
C57F_A	467	0.428571428571	-12.2433	-13.1938	-2.64489
K147L_A	472	0.415584415584	-12.9739	-12.5979	-3.83194
M96P_A	477	0.422077922078	-12.1062	-12.6345	-2.45065
M130N_A	485	0.415584415584	-12.089	-12.6285	-4.501
F1076K_C	493	0.424657534247	-11.9973	-8.17932	-1.01734
Q1073P_C	504	0.41095890411	-12.0039	-8.19634	-1.29848
A54F_A	510	0.402597402597	-12.0912	-12.6703	-2.98934
L147F_A	516	0.396103896104	-12.0996	-12.779	-2.03904
K27N_A	524	0.38961038961	-11.4396	-12.1053	-3.65511
Q101M_A	529	0.383116883117	-11.4471	-12.0862	-4.69446
Q109P_A	534	0.37012987013	-11.4839	-12.1202	-0.44555
V1036Y_C	548	0.397260273973	-11.9442	-8.73704	-4.42702
A31K_A	560	0.376623376623	-11.6729	-12.0912	-2.39883
P1078E_C	568	0.369863013699	-12.1328	-8.75317	-2.05425
L1045I_C	578	0.342465753425	-12.0512	-8.75763	-2.28711
I75L_A	591	0.357142857143	-12.1974	-12.4505	-1.76209
H143C_A	606	0.357142857143	-12.1949	-12.4164	-0.314152
K67L_A	618	0.357142857143	-12.1686	-12.3589	-0.47474
T40F_A	635	0.357142857143	-11.791	-12.1354	-2.04838
F40M_A	647	0.350649350649	-11.9233	-12.0171	-1.89993
P123F_A	663	0.344155844156	-11.2768	-11.2675	-1.32913
M51Y_A	673	0.337662337662	-10.4715	-11.5436	-3.62951
P21Y_A	691	0.324675324675	-11.2768	-12.4056	-1.20352
Q1070M_C	703	0.315068493151	-11.1762	-8.17383	-2.48551
W53I_A	712	0.324675324675	-11.4777	-12.1219	-1.68523
A98D_A	723	0.331168831169	-11.4599	-11.8078	-0.929044
I139Y_A	739	0.324675324675	-10.3966	-10.5616	-2.09798
Y139M_A	752	0.324675324675	-10.3929	-10.3805	-1.70109
L67F_A	769	0.331168831169	-10.4546	-10.5	-1.48518
F36K_A	781	0.324675324675	-10.3952	-10.65	-3.36289
L151S_A	792	0.318181818182	-10.3991	-10.7157	-0.921505
P78E_A	813	0.305194805195	-10.4178	-10.6441	-1.34419
V137A_A	829	0.305194805195	-10.4351	-10.1776	-2.70825
Q92F_A	840	0.305194805195	-10.7725	-10.6242	-1.19179
Y1042S_C	852	0.246575342466	-10.727	-8.58688	-3.73055
N34F_A	858	0.305194805195	-10.7342	-10.6696	-4.70766
C1061T_C	868	0.232876712329	-10.6689	-8.58695	-1.94146
R149M_A	882	0.298701298701	-10.669	-10.8861	-2.02049
Q44V_A	896	0.292207792208	-10.7255	-10.867	-2.30761
P96Y_A	903	0.279220779221	-10.7254	-10.9537	-0.683589
W105D_A	914	0.266233766234	-10.6995	-10.857	-3.50617
L4I_A	920	0.25974025974	-10.783	-11.031	-0.921856
T138Q_A	936	0.25974025974	-10.7723	-10.8578	-1.5615
G156A_A	946	0.25974025974	-10.6956	-10.7484	-2.56024
A1071Q_C	961	0.219178082192	-10.6962	-8.45274	-3.48756
R8L_A	975	0.246753246753	-10.7267	-10.5524	-1.97646
A137D_A	980	0.246753246753	-10.7418	-10.5038	-1.38731
N11H_A	989	0.24025974026	-10.6879	-10.6415	-2.16655
F49Y_A	995	0.24025974026	-10.7061	-10.7998	-1.54794
