name	count	identity	evolved_interaction	ancestral_interaction	stability
E1094V_C	2	0.986301369863	-10.5645	-10.447	-8.3444
P59L_A	8	0.980519480519	-10.4582	-10.5137	-19.7565
L6Q_A	14	0.961038961039	-10.4842	-10.5618	-14.9384
K31V_A	20	0.928571428571	-10.6133	-10.6346	-13.4359
P65Q_A	25	0.909090909091	-10.6354	-10.6352	-9.15194
I121C_A	30	0.896103896104	-10.6434	-10.6579	-7.7495
K1058N_C	40	0.849315068493	-10.637	-10.6109	-3.55383
R108A_A	47	0.87012987013	-10.566	-10.6142	-8.68311
K48Q_A	53	0.850649350649	-10.5581	-10.5967	-2.56881
A142E_A	61	0.824675324675	-10.7338	-10.7229	-3.45909
Q1095A_C	66	0.794520547945	-10.7191	-10.4587	-3.94091
R1064Q_C	72	0.767123287671	-10.6048	-10.3479	-3.51401
Q151A_A	79	0.779220779221	-10.8149	-10.8505	-1.2686
S1039G_C	86	0.753424657534	-10.8012	-10.3551	-2.89729
W31Y_A	93	0.753246753247	-10.8678	-10.6835	-1.34289
I10M_A	109	0.746753246753	-11.2004	-10.7235	-2.32096
Q101E_A	117	0.714285714286	-11.1901	-10.7361	-1.35375
Q154K_A	125	0.701298701299	-11.1901	-10.7273	-7.22785
A79I_A	130	0.681818181818	-11.1973	-10.7232	-4.15041
K141W_A	136	0.655844155844	-11.2043	-10.7232	-6.20286
I107E_A	145	0.636363636364	-11.016	-10.5449	-3.06641
Q1076C_C	154	0.671232876712	-10.9295	-10.9327	-1.13809
V75M_A	159	0.61038961039	-10.9527	-10.244	-1.78996
S147L_A	165	0.603896103896	-12.6497	-11.5769	-2.93271
A118L_A	174	0.597402597403	-12.7164	-11.5652	-4.94515
S122E_A	181	0.577922077922	-10.7007	-9.26782	-4.84618
E101K_A	188	0.564935064935	-10.4415	-8.93191	-3.34232
R1093I_C	197	0.58904109589	-10.4723	-11.2622	-1.82018
M1025Y_C	213	0.58904109589	-10.4258	-11.3768	-1.60416
R42T_A	222	0.519480519481	-10.4687	-9.36161	-2.87108
G1057K_C	234	0.547945205479	-10.7316	-11.4832	-2.05854
K27M_A	242	0.512987012987	-11.4247	-9.82848	-3.64982
D1040C_C	248	0.561643835616	-11.8008	-11.7205	-2.61438
M27V_A	257	0.506493506494	-11.6432	-10.033	-1.27815
P1044E_C	268	0.534246575342	-11.6811	-11.9471	-2.83353
F93W_A	274	0.493506493506	-11.6799	-10.0409	-1.9606
L20G_A	282	0.493506493506	-12.4082	-10.5613	-1.15782
W63M_A	292	0.487012987013	-12.1005	-10.5613	-2.77338
I98R_A	302	0.487012987013	-11.843	-10.6251	-0.740488
A1043W_C	317	0.506849315068	-11.8538	-11.4615	-1.47276
A1095C_C	342	0.506849315068	-11.0345	-11.3563	-0.99049
Q134F_A	349	0.474025974026	-11.1069	-9.55946	-3.11716
L97Y_A	355	0.467532467532	-11.1071	-9.47403	-1.43656
H37W_A	373	0.461038961039	-11.3999	-9.72394	-2.2376
F134M_A	383	0.454545454545	-11.2807	-9.70014	-0.986408
K30W_A	394	0.448051948052	-10.997	-9.55058	-2.59089
Y1061H_C	401	0.465753424658	-10.9601	-11.2158	-3.93767
I49T_A	408	0.441558441558	-10.9142	-9.61447	-4.19123
P105I_A	416	0.428571428571	-10.609	-9.53616	-0.291498
D1034I_C	459	0.424657534247	-10.9191	-11.3206	-2.42627
A1033R_C	470	0.41095890411	-11.0265	-11.288	-3.01364
L147E_A	480	0.422077922078	-11.0623	-10.1237	-3.37898
Y31K_A	486	0.415584415584	-11.0763	-10.1275	-3.33935
K153S_A	495	0.402597402597	-11.1621	-9.77443	-3.10639
V1039Y_C	503	0.397260273973	-12.344	-11.2169	-4.31783
R1055H_C	509	0.369863013699	-12.9753	-11.2173	-4.6025
I1088M_C	519	0.369863013699	-12.1781	-10.6461	-4.77706
E138K_A	527	0.396103896104	-12.1549	-11.3056	-2.8714
R1033I_C	532	0.356164383562	-12.2861	-10.6656	-5.20652
F1030Y_C	543	0.342465753425	-12.5675	-10.3714	-1.07732
F113Y_A	555	0.383116883117	-12.4837	-11.385	-2.0167
I1093C_C	565	0.301369863014	-11.2691	-8.88901	-1.46787
E1032T_C	579	0.301369863014	-11.0803	-8.71633	-3.47025
S35W_A	586	0.363636363636	-11.0791	-11.3984	-1.44815
T1032C_C	601	0.301369863014	-11.3804	-9.03365	-3.37735
I1034A_C	616	0.301369863014	-10.6153	-8.30309	-1.88302
Q115H_A	633	0.357142857143	-10.6186	-11.3816	-1.27073
G57H_A	650	0.350649350649	-11.2805	-11.891	-4.75725
Q100H_A	655	0.350649350649	-11.4548	-11.501	-2.54848
W52Y_A	663	0.350649350649	-11.4548	-11.501	-1.31379
C124Q_A	671	0.350649350649	-11.3535	-11.3319	-4.29323
Y52N_A	677	0.357142857143	-11.4311	-11.3319	-2.8514
C1040R_C	684	0.27397260274	-11.8144	-9.39523	-3.64448
Q89F_A	691	0.350649350649	-11.5271	-11.0161	-2.31281
W35F_A	701	0.350649350649	-11.5055	-10.9785	-4.69179
M140Y_A	710	0.350649350649	-11.546	-11.0209	-2.75084
S156K_A	726	0.344155844156	-11.4794	-10.7112	-1.64101
K97H_A	739	0.344155844156	-11.4845	-11.0799	-5.75298
H33K_A	756	0.324675324675	-11.504	-11.3048	-2.34245
Q117M_A	764	0.318181818182	-11.4295	-11.2113	-4.28183
A15I_A	773	0.318181818182	-11.6304	-10.9012	-3.84136
G4P_A	781	0.311688311688	-11.6283	-10.8984	-2.59427
V42N_A	792	0.305194805195	-11.8544	-11.1407	-3.54138
T122F_A	799	0.305194805195	-11.8543	-11.1374	-3.94745
H100K_A	810	0.298701298701	-11.4651	-11.0513	-1.84128
D88F_A	819	0.298701298701	-11.4079	-10.3321	-1.29816
K5A_A	829	0.292207792208	-11.1787	-10.5907	-2.59234
Y1044C_C	836	0.246575342466	-11.09	-9.07401	-0.972056
C1076V_C	841	0.246575342466	-11.0914	-9.07741	-2.32689
L114Q_A	850	0.285714285714	-11.1906	-10.5722	-1.1251
P4L_A	856	0.292207792208	-11.1837	-10.6897	-2.91937
V1060Q_C	861	0.246575342466	-11.1896	-9.19606	-1.51729
Q131K_A	872	0.292207792208	-10.9625	-11.0769	-1.80407
A1042F_C	892	0.246575342466	-10.7987	-9.05278	-2.43764
K1035W_C	899	0.246575342466	-10.812	-9.12864	-1.641
S107C_A	909	0.279220779221	-10.8709	-11.5287	-1.6671
S1061L_C	921	0.219178082192	-10.8686	-9.12426	-1.42136
I1030L_C	935	0.219178082192	-11.0197	-9.34615	-2.70013
C29G_A	943	0.279220779221	-11.0063	-11.4538	-1.21015
R54K_A	953	0.279220779221	-11.0139	-11.4366	-1.2177
N104H_A	960	0.272727272727	-11.0123	-11.4352	-2.00429
S126D_A	975	0.266233766234	-11.0075	-11.4342	-1.9575
N1063L_C	988	0.246575342466	-10.8926	-9.00809	-4.87432
T1039F_C	996	0.246575342466	-10.8917	-9.00952	-4.8043
