name	count	identity	interface_identity	non_interface_identity	evolved_interaction	ancestral_interaction	stability
P21H_A	1	0.993506493506	0.947368421053	1.0	-10.537	-10.5497	-23.1573
G90L_A	6	0.974025974026	0.947368421053	0.977777777778	-10.4345	-10.4552	-3.86338
A79Y_A	12	0.954545454545	0.894736842105	0.962962962963	-12.5396	-12.2341	-3.85002
G42T_A	23	0.941558441558	0.833333333333	0.955882352941	-12.3183	-11.5939	-5.66889
S136V_A	28	0.915584415584	0.8125	0.927536231884	-12.4466	-11.5341	-2.1133
K1038T_C	36	0.876712328767	0.818181818182	0.901960784314	-12.5229	-10.3567	-1.94331
Q101T_A	48	0.876623376623	0.75	0.891304347826	-11.8683	-10.8922	-0.831893
L114Q_A	55	0.850649350649	0.6875	0.869565217391	-11.3568	-10.3819	-4.32195
R1046H_C	63	0.835616438356	0.782608695652	0.86	-11.3924	-10.1757	-1.40864
T91K_A	75	0.811688311688	0.722222222222	0.823529411765	-11.4763	-10.3557	-2.36557
A106W_A	86	0.792207792208	0.722222222222	0.801470588235	-11.8138	-10.8215	-2.09046
N110P_A	92	0.785714285714	0.722222222222	0.794117647059	-11.3257	-10.9224	-3.33893
N96Y_A	98	0.779220779221	0.722222222222	0.786764705882	-10.6486	-10.9255	-2.76117
E99Q_A	106	0.772727272727	0.722222222222	0.779411764706	-11.0324	-10.9999	-1.78044
N126M_A	119	0.75974025974	0.722222222222	0.764705882353	-10.6915	-10.9799	-1.9897
L156V_A	125	0.753246753247	0.722222222222	0.757352941176	-10.5326	-10.8799	-1.48093
M1060T_C	132	0.684931506849	0.727272727273	0.666666666667	-10.5644	-8.95397	-1.48922
S89G_A	145	0.720779220779	0.722222222222	0.720588235294	-10.7834	-10.8394	-3.88653
E49P_A	154	0.688311688312	0.722222222222	0.683823529412	-10.7749	-10.807	-3.22789
H1046S_C	165	0.671232876712	0.727272727273	0.647058823529	-10.8001	-9.14964	-1.83174
D1080C_C	170	0.643835616438	0.727272727273	0.607843137255	-11.0282	-9.18352	-1.37734
T1043H_C	175	0.630136986301	0.727272727273	0.588235294118	-10.9069	-9.15299	-3.46427
S138D_A	182	0.636363636364	0.666666666667	0.632352941176	-10.9116	-10.9466	-1.68809
D33G_A	189	0.616883116883	0.666666666667	0.610294117647	-10.9805	-11.0079	-3.57538
Q43S_A	206	0.61038961039	0.666666666667	0.602941176471	-10.9352	-10.9319	-6.90499
D118L_A	212	0.597402597403	0.666666666667	0.588235294118	-10.9348	-10.9217	-6.49655
I1074L_C	221	0.58904109589	0.695652173913	0.54	-10.7146	-9.15827	-2.0938
C66N_A	235	0.590909090909	0.666666666667	0.580882352941	-10.7171	-10.9839	-2.42215
L1045D_C	247	0.575342465753	0.695652173913	0.52	-10.8176	-9.25288	-1.74224
M76V_A	255	0.577922077922	0.666666666667	0.566176470588	-10.5991	-10.5685	-1.16571
S1033M_C	261	0.547945205479	0.695652173913	0.48	-10.8717	-9.45479	-2.315
F11K_A	268	0.551948051948	0.666666666667	0.536764705882	-10.7855	-10.5048	-2.82567
K91V_A	274	0.538961038961	0.666666666667	0.522058823529	-10.6902	-10.5269	-2.27145
A1091R_C	281	0.506849315068	0.652173913043	0.44	-10.7598	-9.38427	-1.16266
T42C_A	311	0.532467532468	0.666666666667	0.514705882353	-10.5897	-10.4721	-1.386
A97R_A	319	0.525974025974	0.666666666667	0.507352941176	-10.6115	-10.4229	-4.48237
K147N_A	324	0.506493506494	0.666666666667	0.485294117647	-10.6091	-10.4198	-1.48609
T1038A_C	330	0.506849315068	0.652173913043	0.44	-10.7278	-9.36094	-1.64329
S3P_A	347	0.480519480519	0.666666666667	0.455882352941	-10.7305	-10.5767	-1.19248
F114W_A	359	0.480519480519	0.666666666667	0.460431654676	-11.4326	-9.43731	-1.68755
N150D_A	365	0.480519480519	0.666666666667	0.460431654676	-11.5221	-9.39919	-1.75746
T136W_A	375	0.480519480519	0.666666666667	0.460431654676	-11.1711	-9.95054	-1.10665
N1075A_C	385	0.452054794521	0.590909090909	0.392156862745	-10.9058	-9.49647	-1.56519
I127S_A	398	0.480519480519	0.666666666667	0.460431654676	-10.6517	-10.0397	-1.20986
M1049I_C	405	0.438356164384	0.590909090909	0.372549019608	-10.7113	-9.5234	-2.1194
E1042Y_C	414	0.438356164384	0.590909090909	0.372549019608	-10.7711	-8.25123	-4.28031
I112R_A	423	0.467532467532	0.666666666667	0.446043165468	-11.2789	-10.7769	-1.6495
W1065I_C	429	0.424657534247	0.608695652174	0.34	-11.2428	-9.31976	-3.62948
M40L_A	437	0.474025974026	0.733333333333	0.446043165468	-11.243	-10.82	-3.38719
S1046Y_C	442	0.424657534247	0.590909090909	0.352941176471	-10.9637	-9.31922	-6.43088
H1040Q_C	448	0.424657534247	0.590909090909	0.352941176471	-10.9514	-9.31937	-7.58643
K1073P_C	457	0.424657534247	0.590909090909	0.352941176471	-11.1598	-8.6672	-7.74652
V5R_A	469	0.448051948052	0.733333333333	0.41726618705	-11.0618	-10.0725	-1.84036
T1055R_C	478	0.438356164384	0.590909090909	0.372549019608	-11.1113	-9.80467	-6.01628
C42V_A	485	0.435064935065	0.733333333333	0.402877697842	-11.0968	-10.1995	-2.21094
K65C_A	491	0.435064935065	0.733333333333	0.402877697842	-11.0974	-10.2386	-1.91852
Y155Q_A	498	0.428571428571	0.733333333333	0.395683453237	-11.0147	-10.1722	-2.00364
R1064K_C	510	0.41095890411	0.590909090909	0.333333333333	-11.054	-9.46069	-1.57831
P3C_A	522	0.422077922078	0.75	0.384057971014	-11.3865	-10.4517	-4.33037
E126D_A	530	0.422077922078	0.75	0.384057971014	-11.4875	-10.5158	-14.7523
V116L_A	537	0.409090909091	0.6875	0.376811594203	-11.72	-10.9151	-10.5694
M32N_A	544	0.402597402597	0.6875	0.369565217391	-12.251	-10.9017	-2.90111
I1080N_C	556	0.397260273973	0.590909090909	0.313725490196	-12.1955	-10.2606	-1.6382
I108K_A	563	0.409090909091	0.6875	0.376811594203	-12.1818	-10.9637	-2.53614
R1093H_C	574	0.383561643836	0.590909090909	0.294117647059	-12.2355	-10.2988	-0.894467
F82P_A	584	0.402597402597	0.6875	0.369565217391	-11.6381	-10.5878	-3.19434
K10A_A	607	0.402597402597	0.6875	0.369565217391	-11.4328	-10.3047	-2.35571
S35C_A	625	0.402597402597	0.6875	0.369565217391	-11.3937	-10.1725	-1.46298
N54A_A	647	0.409090909091	0.6875	0.376811594203	-11.4315	-10.2137	-1.89078
A24S_A	654	0.409090909091	0.6875	0.376811594203	-11.4062	-10.2748	-2.31727
Y57H_A	663	0.409090909091	0.6875	0.376811594203	-11.1413	-10.1652	-1.92503
M1024R_C	668	0.356164383562	0.590909090909	0.254901960784	-10.7297	-8.27273	-2.27302
W1043D_C	680	0.356164383562	0.590909090909	0.254901960784	-10.7384	-8.27217	-1.56068
M1028N_C	689	0.356164383562	0.590909090909	0.254901960784	-10.7025	-8.22822	-1.73214
H57L_A	702	0.396103896104	0.666666666667	0.36690647482	-10.449	-9.81685	-1.82211
L40V_A	722	0.396103896104	0.666666666667	0.36690647482	-10.4388	-9.80735	-0.775203
H135F_A	750	0.38961038961	0.666666666667	0.359712230216	-10.4387	-9.79538	-1.35573
W100K_A	757	0.38961038961	0.666666666667	0.359712230216	-10.4778	-9.68317	-1.18316
D143S_A	769	0.38961038961	0.666666666667	0.359712230216	-10.5931	-10.1228	-4.23123
L1076W_C	780	0.342465753425	0.590909090909	0.235294117647	-10.5062	-9.288	-3.0689
S1025F_C	790	0.342465753425	0.590909090909	0.235294117647	-10.5475	-9.18262	-3.63199
F151W_A	798	0.38961038961	0.625	0.36231884058	-10.6295	-9.8792	-4.4025
K1058T_C	810	0.328767123288	0.590909090909	0.21568627451	-11.5774	-9.30333	-1.61091
D150T_A	818	0.38961038961	0.625	0.36231884058	-11.5149	-10.7846	-3.95567
Y7R_A	823	0.376623376623	0.625	0.347826086957	-11.5201	-10.8968	-2.3834
H101G_A	832	0.37012987013	0.5625	0.347826086957	-11.1591	-11.1511	-2.94311
K1038M_C	844	0.315068493151	0.590909090909	0.196078431373	-11.1894	-9.1012	-1.47776
A1027E_C	856	0.328767123288	0.590909090909	0.21568627451	-11.3121	-8.97791	-3.23054
V98C_A	869	0.357142857143	0.5625	0.333333333333	-11.3334	-10.5935	-2.77241
P46L_A	877	0.344155844156	0.5625	0.31884057971	-11.3424	-10.5094	-2.02168
S122T_A	891	0.331168831169	0.5	0.311594202899	-11.3789	-11.2923	-1.10577
T1077I_C	904	0.301369863014	0.590909090909	0.176470588235	-11.3782	-9.07057	-1.59468
K79I_A	912	0.324675324675	0.5	0.304347826087	-11.3564	-11.2742	-2.89044
E1049N_C	924	0.301369863014	0.590909090909	0.176470588235	-11.431	-9.08645	-3.40024
V1064W_C	935	0.301369863014	0.590909090909	0.176470588235	-11.4554	-9.0946	-2.90174
N108H_A	950	0.324675324675	0.5	0.304347826087	-11.279	-11.1104	-1.32925
N1033F_C	963	0.287671232877	0.545454545455	0.176470588235	-10.5791	-7.07786	-1.96224
E70F_A	976	0.318181818182	0.5	0.297101449275	-10.572	-11.1933	-3.8644
E153W_A	984	0.311688311688	0.4375	0.297101449275	-10.6056	-11.2403	-2.72936
Y1047P_C	990	0.287671232877	0.545454545455	0.176470588235	-10.4716	-7.25367	-2.85323
A1085D_C	997	0.301369863014	0.590909090909	0.176470588235	-11.0246	-8.53266	-4.71068
