name	count	identity	evolved_interaction	ancestral_interaction	stability
N98M_A	1	0.993506493506	-10.4946	-10.5197	-26.8331
N66H_A	11	0.967532467532	-10.4105	-10.3848	-34.1057
P69C_A	17	0.941558441558	-10.5444	-10.3978	-19.9447
I45S_A	23	0.915584415584	-10.5138	-10.3344	-10.2721
A1091L_C	29	0.917808219178	-10.471	-10.6374	-12.9287
Q1073F_C	34	0.876712328767	-10.8692	-10.7152	-10.8665
D1075K_C	40	0.835616438356	-10.9069	-10.7069	-10.5271
R1064S_C	46	0.808219178082	-10.7374	-10.5141	-8.37731
Y1067C_C	57	0.780821917808	-10.6178	-10.4485	-4.88962
A1042S_C	64	0.739726027397	-10.9725	-10.373	-4.67841
A6N_A	73	0.824675324675	-11.163	-10.9146	-1.27208
T131N_A	83	0.818181818182	-11.2622	-10.9376	-3.60172
G141W_A	92	0.805194805195	-10.8994	-10.8526	-2.71142
G1034Q_C	107	0.698630136986	-11.3379	-9.85567	-6.09183
A32H_A	121	0.772727272727	-11.2943	-11.3794	-1.409
E67G_A	129	0.75974025974	-11.2583	-11.374	-1.42235
D121N_A	142	0.74025974026	-11.2649	-11.3661	-2.3007
E63Q_A	150	0.727272727273	-11.2476	-11.2439	-1.95873
L1091M_C	157	0.657534246575	-11.33	-9.83529	-3.02596
V62C_A	166	0.707792207792	-11.314	-11.251	-3.1211
L122D_A	175	0.688311688312	-11.7263	-9.37286	-1.87198
E1059G_C	193	0.643835616438	-11.9354	-9.72452	-0.812821
E1050T_C	207	0.630136986301	-11.9356	-9.72452	-0.904374
H20K_A	215	0.636363636364	-12.7919	-10.7898	-1.73728
C5S_A	228	0.616883116883	-13.1286	-11.4996	-1.21686
S1029L_C	243	0.602739726027	-13.5832	-10.5959	-3.64732
Q1076S_C	249	0.58904109589	-13.4839	-10.5022	-3.1049
D145Q_A	259	0.571428571429	-13.4576	-10.8403	-1.45911
Q154T_A	265	0.571428571429	-13.4037	-10.7594	-3.37264
H135W_A	274	0.558441558442	-13.1815	-10.7712	-4.32595
R10K_A	283	0.545454545455	-13.0066	-11.3139	-1.11833
K20Y_A	295	0.545454545455	-11.9924	-9.15337	-1.98788
Q145T_A	305	0.545454545455	-11.9232	-9.40278	-3.57922
M70F_A	312	0.545454545455	-11.7834	-9.47533	-1.89664
A1067G_C	320	0.520547945205	-11.8972	-10.2716	-1.71986
E99M_A	330	0.532467532468	-11.9763	-10.2815	-2.93626
H1092M_C	335	0.493150684932	-10.6605	-8.79159	-8.20254
S127G_A	350	0.525974025974	-10.4236	-10.9013	-1.56077
Y1041L_C	368	0.438356164384	-10.4956	-8.23251	-3.2813
K31D_A	376	0.519480519481	-10.7612	-10.8325	-1.01282
R1055S_C	388	0.41095890411	-10.774	-8.18694	-3.96355
T61Y_A	400	0.506493506494	-10.9619	-10.4642	-1.3692
K15W_A	410	0.5	-10.4358	-10.1614	-1.81755
Q3P_A	432	0.5	-10.4488	-10.1021	-2.20095
S71V_A	451	0.5	-10.5358	-10.5343	-4.4899
E135M_A	461	0.506493506494	-10.6244	-10.5683	-2.99143
V116K_A	468	0.493506493506	-10.589	-10.4577	-1.5634
D154I_A	478	0.493506493506	-10.4814	-10.1985	-4.59434
H117L_A	483	0.480519480519	-10.4818	-10.164	-5.87658
T108Y_A	488	0.467532467532	-10.7163	-10.1888	-6.60766
Q143R_A	496	0.461038961039	-11.2861	-10.2945	-4.68136
F101T_A	506	0.461038961039	-11.2432	-10.292	-3.88045
Y71F_A	520	0.448051948052	-11.2789	-10.5813	-2.34246
L1067I_C	537	0.342465753425	-11.4187	-9.16205	-2.40767
Y38P_A	544	0.435064935065	-11.3654	-9.72454	-4.47274
S1051V_C	552	0.342465753425	-11.3603	-9.12062	-1.64412
R1071H_C	567	0.328767123288	-11.0014	-9.33273	-1.53191
P105K_A	575	0.422077922078	-10.9622	-10.0023	-2.86935
I154N_A	582	0.415584415584	-10.9656	-10.1045	-3.28574
A1047F_C	605	0.328767123288	-10.8425	-9.53703	-1.51367
M1065W_C	617	0.328767123288	-10.7545	-9.66297	-2.37002
H153W_A	629	0.415584415584	-10.7667	-9.58994	-3.0587
H1094R_C	640	0.328767123288	-11.2611	-9.33539	-2.27865
Y1034N_C	653	0.342465753425	-11.005	-9.03195	-3.05583
L149Q_A	665	0.409090909091	-11.0275	-9.89409	-3.73299
D139F_A	677	0.409090909091	-11.0442	-11.4392	-1.75877
V127I_A	692	0.402597402597	-10.9819	-11.2818	-1.48393
V12I_A	700	0.402597402597	-11.0035	-11.3677	-2.1949
E1091G_C	708	0.342465753425	-11.9396	-9.58035	-2.56594
I50Y_A	720	0.402597402597	-12.0748	-11.2639	-5.36876
N121C_A	732	0.38961038961	-12.0596	-11.5491	-1.36863
L1066T_C	741	0.328767123288	-12.4823	-9.07902	-2.5351
W1043Q_C	749	0.315068493151	-12.4799	-9.08291	-2.07941
N150D_A	760	0.37012987013	-12.3676	-11.6995	-1.12412
A8T_A	770	0.37012987013	-12.3988	-11.4455	-0.867837
M81Y_A	779	0.37012987013	-12.394	-11.5985	-0.135878
L118A_A	785	0.37012987013	-12.3828	-11.6473	0.888093
L1042Y_C	795	0.301369863014	-11.1348	-8.80342	-2.28081
V101I_A	808	0.376623376623	-11.4758	-10.7376	-5.95686
L46M_A	815	0.363636363636	-11.9758	-11.4557	-4.77756
F100E_A	822	0.363636363636	-12.4106	-11.6065	-4.48102
H1033Y_C	827	0.301369863014	-12.4297	-8.61738	-3.81406
W1050R_C	833	0.301369863014	-11.8356	-8.30717	-4.17808
F77K_A	841	0.350649350649	-11.841	-10.786	-1.4801
K1079C_C	848	0.301369863014	-11.7764	-9.19511	-1.30356
E66F_A	859	0.344155844156	-11.5347	-10.801	-1.30281
E1051K_C	872	0.301369863014	-11.3025	-9.14451	-1.10345
G56A_A	883	0.337662337662	-11.3066	-10.785	-1.2872
I127D_A	897	0.337662337662	-11.6876	-10.7756	-2.95492
R1050M_C	903	0.301369863014	-12.4496	-8.47253	-5.59549
I1064L_C	910	0.287671232877	-12.2394	-7.84993	-4.54009
N1034L_C	920	0.287671232877	-12.3675	-8.18968	-2.66384
K122V_A	932	0.337662337662	-12.3974	-11.3443	-0.774349
K139N_A	942	0.337662337662	-12.4436	-11.3798	-3.29126
H1040D_C	949	0.27397260274	-12.4442	-8.26397	-6.31748
R63C_A	957	0.344155844156	-12.4639	-11.374	-2.19185
N139K_A	964	0.344155844156	-12.7693	-11.8012	-2.82192
V122A_A	971	0.331168831169	-12.5293	-11.5756	-1.89275
F49L_A	982	0.331168831169	-12.5255	-11.7565	-0.967036
C1056T_C	991	0.27397260274	-12.2982	-8.24001	-2.22209
C121Q_A	997	0.318181818182	-12.2703	-11.051	-2.11613
