name	count	identity	interface_identity	non_interface_identity	evolved_interaction	ancestral_interaction	stability
L9T_A	1	0.993506493506	1.0	0.992592592593	-10.4915	-10.5244	-24.1538
R139Q_A	9	0.974025974026	1.0	0.97037037037	-10.9332	-10.526	-20.7061
P59E_A	17	0.948051948052	1.0	0.940740740741	-10.9766	-10.5746	-20.6081
G44R_A	23	0.915584415584	0.947368421053	0.911111111111	-12.0026	-11.9485	-12.4935
N124F_A	28	0.883116883117	0.894736842105	0.881481481481	-10.7364	-10.2124	-7.95729
Q130R_A	35	0.863636363636	0.894736842105	0.859259259259	-10.7194	-10.2332	-2.76701
F77V_A	41	0.837662337662	0.894736842105	0.82962962963	-10.7115	-10.174	-2.14442
L1081N_C	46	0.931506849315	0.961538461538	0.914893617021	-10.8542	-10.9211	-5.35271
T1077S_C	60	0.917808219178	0.961538461538	0.893617021277	-10.9331	-10.9146	-3.7863
H1092R_C	66	0.890410958904	0.923076923077	0.872340425532	-11.6718	-9.81173	-2.57572
T110E_A	73	0.772727272727	0.857142857143	0.759398496241	-11.3545	-10.2464	-2.4714
S35A_A	80	0.753246753247	0.809523809524	0.744360902256	-11.5227	-10.286	-2.18988
E131Q_A	90	0.74025974026	0.809523809524	0.729323308271	-11.023	-9.37889	-1.26309
F137H_A	102	0.727272727273	0.809523809524	0.714285714286	-10.6912	-9.37947	-3.2785
R1071A_C	108	0.794520547945	0.8	0.791666666667	-10.611	-9.48844	-1.65758
M142H_A	115	0.688311688312	0.809523809524	0.669172932331	-10.6214	-9.27459	-2.46448
L120M_A	125	0.662337662338	0.809523809524	0.639097744361	-10.7261	-9.36497	-2.51166
K147N_A	136	0.642857142857	0.761904761905	0.624060150376	-10.7234	-9.86965	-1.10863
E59R_A	148	0.642857142857	0.761904761905	0.624060150376	-10.9307	-8.65886	-1.16975
E63W_A	159	0.62987012987	0.761904761905	0.609022556391	-10.9168	-8.15093	-2.85604
R1055M_C	167	0.698630136986	0.695652173913	0.7	-10.5227	-9.11394	-2.84425
L39Q_A	180	0.62987012987	0.75	0.611940298507	-10.8542	-8.19218	-1.0552
A35D_A	186	0.616883116883	0.75	0.597014925373	-10.7644	-8.37283	-2.62027
D1061F_C	197	0.671232876712	0.695652173913	0.66	-10.7687	-8.64632	-2.12152
T3W_A	211	0.597402597403	0.75	0.574626865672	-10.8185	-8.49311	-0.880323
R1093N_C	227	0.657534246575	0.695652173913	0.64	-10.771	-8.60057	-2.36721
P128S_A	236	0.564935064935	0.75	0.537313432836	-10.9131	-8.36241	-1.90527
N48E_A	241	0.558441558442	0.75	0.529850746269	-10.8935	-8.20632	-1.40655
E48L_A	253	0.545454545455	0.75	0.514925373134	-10.9126	-8.37037	-2.10186
Y131L_A	259	0.551948051948	0.75	0.522388059701	-10.9247	-8.2762	-1.00988
K153R_A	279	0.532467532468	0.7	0.507462686567	-11.2211	-8.31797	-2.46199
H142S_A	291	0.512987012987	0.7	0.485074626866	-11.1231	-8.33096	-1.25795
K146Y_A	312	0.493506493506	0.65	0.470149253731	-11.041	-8.44586	-1.49641
L154E_A	325	0.487012987013	0.65	0.462686567164	-11.1041	-7.11634	-5.09338
E1034A_C	337	0.561643835616	0.695652173913	0.5	-10.6907	-9.35315	-1.48701
G55R_A	345	0.461038961039	0.55	0.44776119403	-10.8543	-6.45794	-0.784108
I111L_A	360	0.467532467532	0.55	0.455223880597	-13.4164	-7.5483	-1.38804
Q1073K_C	368	0.520547945205	0.565217391304	0.5	-13.1664	-9.52454	-1.85216
T9E_A	376	0.461038961039	0.55	0.44776119403	-13.0432	-7.22276	-3.79935
G104S_A	382	0.461038961039	0.55	0.44776119403	-13.2991	-7.68125	-3.00691
V121D_A	389	0.461038961039	0.55	0.44776119403	-13.2175	-7.17783	-1.93131
C73E_A	395	0.461038961039	0.55	0.44776119403	-13.3444	-7.76553	-1.83446
K1054D_C	403	0.465753424658	0.565217391304	0.42	-13.3062	-9.75236	-1.8744
F131Q_A	410	0.454545454545	0.5	0.44776119403	-12.0871	-7.74134	-0.592074
W1058V_C	420	0.452054794521	0.5	0.428571428571	-13.1093	-8.41303	-2.5194
Y58M_A	430	0.435064935065	0.5	0.425373134328	-13.5228	-8.46913	-1.26806
A117Q_A	441	0.441558441558	0.5	0.432835820896	-13.8968	-8.40463	-1.83972
F156L_A	452	0.428571428571	0.45	0.425373134328	-11.0993	-7.86691	-0.798793
Q16I_A	465	0.422077922078	0.45	0.417910447761	-11.2721	-7.93264	-2.50357
Q1024W_C	475	0.41095890411	0.48	0.375	-10.8631	-8.95678	-1.91973
F35T_A	483	0.422077922078	0.45	0.417910447761	-10.9506	-7.84028	-2.29114
S104R_A	490	0.435064935065	0.45	0.432835820896	-10.9062	-7.92395	-4.20794
L150Y_A	496	0.415584415584	0.45	0.410447761194	-10.8105	-7.92455	-1.2375
F1037Y_C	509	0.383561643836	0.48	0.333333333333	-10.7663	-8.76988	-3.33119
C1080A_C	516	0.369863013699	0.44	0.333333333333	-10.7873	-8.45718	-4.11724
R142K_A	527	0.402597402597	0.47619047619	0.390977443609	-10.8589	-8.74621	-2.79372
D1082M_C	533	0.342465753425	0.416666666667	0.30612244898	-10.5076	-8.01238	-2.35256
N156R_A	547	0.396103896104	0.47619047619	0.383458646617	-10.5403	-8.71815	-1.0672
E143I_A	566	0.38961038961	0.47619047619	0.375939849624	-10.5408	-8.7023	-1.42367
Y1058Q_C	585	0.342465753425	0.416666666667	0.30612244898	-10.4952	-8.00703	-1.78052
C89M_A	601	0.376623376623	0.47619047619	0.360902255639	-10.4922	-8.68772	-1.54916
T145M_A	617	0.37012987013	0.47619047619	0.353383458647	-10.5389	-8.72146	-3.05561
R4M_A	627	0.363636363636	0.47619047619	0.345864661654	-10.5106	-8.66249	-5.78607
E1036A_C	635	0.301369863014	0.416666666667	0.244897959184	-10.4532	-7.81942	-2.49378
E15W_A	647	0.350649350649	0.47619047619	0.330827067669	-10.6555	-8.90574	-1.62003
W63C_A	656	0.350649350649	0.47619047619	0.330827067669	-10.5964	-8.9014	-1.58734
F129L_A	674	0.350649350649	0.47619047619	0.330827067669	-10.8146	-9.04097	-1.70406
R1092F_C	686	0.301369863014	0.4	0.25	-11.0541	-7.2631	-2.70936
K141L_A	693	0.337662337662	0.470588235294	0.321167883212	-11.0835	-8.98713	-4.93584
C29Y_A	700	0.337662337662	0.470588235294	0.321167883212	-11.0809	-9.07322	-2.65917
Q7L_A	713	0.324675324675	0.470588235294	0.306569343066	-11.1055	-9.12225	-1.15364
Q122K_A	720	0.324675324675	0.470588235294	0.306569343066	-11.1268	-8.37645	-1.67191
D121P_A	728	0.324675324675	0.470588235294	0.306569343066	-11.1138	-8.39577	-3.51902
P34G_A	733	0.318181818182	0.470588235294	0.299270072993	-11.1638	-8.99041	-9.25423
W42Y_A	741	0.324675324675	0.470588235294	0.306569343066	-11.0184	-8.9004	-6.86275
E54N_A	748	0.318181818182	0.470588235294	0.299270072993	-11.7261	-8.56146	-3.22728
E1081Q_C	758	0.287671232877	0.4	0.229166666667	-12.1111	-7.5421	-3.169
D126M_A	771	0.324675324675	0.470588235294	0.306569343066	-11.838	-7.73998	-1.41502
R1067L_C	788	0.27397260274	0.36	0.229166666667	-12.3131	-8.5097	-3.49591
D1068L_C	806	0.260273972603	0.32	0.229166666667	-11.0607	-6.44804	-2.83942
G51S_A	818	0.318181818182	0.3125	0.31884057971	-10.9265	-7.52461	-5.99839
Y1037F_C	832	0.27397260274	0.347826086957	0.24	-10.8083	-6.46106	-4.72041
I1066Y_C	847	0.260273972603	0.347826086957	0.22	-10.465	-6.20453	-1.89673
S3M_A	874	0.318181818182	0.3125	0.31884057971	-10.4457	-7.41693	-0.937499
E1046T_C	888	0.260273972603	0.347826086957	0.22	-10.5012	-6.19622	-2.32264
N94D_A	895	0.311688311688	0.3125	0.311594202899	-10.5386	-7.78962	-1.77429
C1055A_C	906	0.260273972603	0.347826086957	0.22	-10.5385	-6.19622	-2.84063
L1027W_C	921	0.260273972603	0.347826086957	0.22	-10.5028	-6.67993	-1.67122
M1082F_C	935	0.260273972603	0.347826086957	0.22	-10.419	-6.74299	-2.26674
A43S_A	946	0.292207792208	0.25	0.297101449275	-10.4568	-7.60079	-4.58741
T71Q_A	955	0.298701298701	0.25	0.304347826087	-10.5226	-7.11398	-4.56634
Y147V_A	960	0.298701298701	0.1875	0.311594202899	-10.4909	-7.38805	-2.50563
Y155K_A	967	0.292207792208	0.1875	0.304347826087	-10.5247	-7.52522	-1.04601
G68S_A	994	0.292207792208	0.1875	0.304347826087	-11.0077	-7.51928	-0.86446
