name	count	identity	interface_identity	non_interface_identity	evolved_interaction	ancestral_interaction	stability
K76E_A	1	0.993506493506	1.0	0.992592592593	-10.4826	-10.5201	-25.0094
E1059R_C	8	0.986301369863	1.0	0.980392156863	-10.5599	-10.5032	-8.08755
I112K_A	15	0.961038961039	1.0	0.955555555556	-10.6779	-10.5607	-2.76076
S3N_A	22	0.948051948052	1.0	0.940740740741	-10.7971	-10.5835	-1.72591
I1035E_C	27	0.86301369863	0.909090909091	0.843137254902	-10.8088	-10.6939	-2.87317
D1085T_C	34	0.835616438356	0.863636363636	0.823529411765	-10.6278	-10.555	-2.43737
T1085M_C	44	0.821917808219	0.818181818182	0.823529411765	-10.5215	-10.5324	-3.63231
Q1037I_C	50	0.808219178082	0.818181818182	0.803921568627	-11.0109	-10.798	-5.00249
P128A_A	56	0.863636363636	0.9375	0.855072463768	-10.9668	-10.706	-1.30358
K1058C_C	67	0.780821917808	0.818181818182	0.764705882353	-10.9554	-10.7916	-2.78366
V116I_A	76	0.837662337662	0.9375	0.826086956522	-10.8186	-10.569	-4.73596
L149D_A	81	0.818181818182	0.9375	0.804347826087	-10.9167	-10.5514	-1.79269
K1027Q_C	95	0.739726027397	0.739130434783	0.74	-11.1865	-10.406	-4.18332
R1093T_C	107	0.712328767123	0.695652173913	0.72	-10.7528	-10.3189	-1.20863
H83K_A	114	0.779220779221	0.875	0.768115942029	-10.8239	-11.5179	-15.9995
Y64V_A	119	0.766233766234	0.875	0.753623188406	-10.8284	-11.5186	-13.802
L120E_A	125	0.75974025974	0.875	0.746376811594	-10.823	-11.5088	-12.1127
A133P_A	131	0.753246753247	0.875	0.739130434783	-10.8254	-11.5114	-11.875
D121F_A	139	0.720779220779	0.8125	0.710144927536	-12.7356	-11.4592	-2.48682
D145L_A	149	0.707792207792	0.8125	0.695652173913	-12.6018	-11.4785	-2.5126
N3Q_A	160	0.688311688312	0.75	0.68115942029	-12.614	-11.45	-1.27503
N75V_A	172	0.681818181818	0.6875	0.68115942029	-13.4035	-12.3927	-4.79599
T108E_A	180	0.668831168831	0.6875	0.666666666667	-13.6478	-12.4883	-3.3172
C1058T_C	194	0.643835616438	0.695652173913	0.62	-12.5525	-9.99792	-2.68773
L1066V_C	217	0.616438356164	0.608695652174	0.62	-10.8994	-8.52711	-2.26276
T1062S_C	222	0.616438356164	0.608695652174	0.62	-11.3062	-8.84811	-2.15147
N32V_A	228	0.649350649351	0.647058823529	0.649635036496	-11.2741	-11.155	-2.9117
E1041V_C	242	0.58904109589	0.565217391304	0.6	-10.8396	-8.6549	-2.76915
D1061S_C	248	0.575342465753	0.565217391304	0.58	-10.8911	-8.63974	-2.11838
V1041L_C	256	0.547945205479	0.521739130435	0.56	-10.5115	-8.26126	-3.74754
G148C_A	269	0.62987012987	0.647058823529	0.627737226277	-10.5174	-11.3788	-3.68245
K14A_A	278	0.616883116883	0.5625	0.623188405797	-10.7295	-10.4936	-2.35142
I120N_A	287	0.616883116883	0.5625	0.623188405797	-10.7291	-9.71584	-4.93858
A34Y_A	295	0.61038961039	0.5625	0.615942028986	-10.9124	-9.70467	-5.68782
T1043N_C	302	0.452054794521	0.521739130435	0.42	-10.9419	-8.6405	-2.90814
S1029V_C	310	0.424657534247	0.478260869565	0.4	-11.4334	-9.36935	-2.80939
V38M_A	321	0.584415584416	0.5625	0.586956521739	-10.6533	-9.62004	-5.86824
E1079M_C	326	0.383561643836	0.434782608696	0.36	-10.6615	-8.22035	-3.81635
E42T_A	333	0.558441558442	0.5625	0.557971014493	-10.7596	-9.72895	-7.52267
R105A_A	340	0.551948051948	0.5625	0.550724637681	-10.7099	-9.66566	-2.03442
M91T_A	347	0.551948051948	0.5625	0.550724637681	-10.7488	-9.71032	-1.34041
W16F_A	358	0.551948051948	0.529411764706	0.554744525547	-10.8965	-9.90244	-2.37736
L1035Q_C	367	0.383561643836	0.434782608696	0.36	-10.895	-8.24797	-0.905807
S136H_A	375	0.532467532468	0.529411764706	0.532846715328	-11.1861	-10.1038	-5.04368
F16S_A	385	0.525974025974	0.5	0.528985507246	-11.0421	-10.9321	-5.17624
R1059Q_C	395	0.383561643836	0.434782608696	0.36	-10.8018	-7.61988	-2.40276
F1092M_C	405	0.369863013699	0.434782608696	0.34	-10.7601	-7.59117	-3.2474
R1055I_C	410	0.356164383562	0.434782608696	0.32	-10.7739	-7.59416	-2.03539
L119Y_A	419	0.5	0.466666666667	0.503597122302	-10.7925	-9.97052	-2.56328
W11H_A	428	0.493506493506	0.466666666667	0.496402877698	-10.8517	-10.0626	-1.18668
Q7E_A	441	0.474025974026	0.466666666667	0.474820143885	-10.61	-9.99412	-1.95451
W5M_A	450	0.474025974026	0.466666666667	0.474820143885	-10.6106	-9.99555	-4.31075
D100F_A	458	0.461038961039	0.466666666667	0.460431654676	-10.6144	-10.0025	-2.13104
V112L_A	474	0.454545454545	0.466666666667	0.453237410072	-10.6052	-9.94346	-2.74133
V3C_A	481	0.441558441558	0.466666666667	0.438848920863	-10.6049	-9.98009	-2.16702
V88A_A	492	0.441558441558	0.5	0.434782608696	-10.7099	-9.9885	-1.21553
I45L_A	498	0.428571428571	0.5	0.420289855072	-10.9562	-9.4764	-0.977115
M1092R_C	507	0.356164383562	0.434782608696	0.32	-10.8387	-6.92628	-1.02753
D1032F_C	519	0.356164383562	0.434782608696	0.32	-10.7829	-6.88138	-1.97781
S1061K_C	527	0.356164383562	0.434782608696	0.32	-10.8328	-6.88976	-1.21417
A88R_A	536	0.415584415584	0.5	0.402985074627	-10.8715	-9.74126	-2.80548
W20F_A	545	0.409090909091	0.5	0.39552238806	-11.0796	-8.98086	-1.56395
F1086M_C	558	0.356164383562	0.434782608696	0.32	-10.46	-6.53717	-1.74476
E1075H_C	565	0.356164383562	0.434782608696	0.32	-10.5912	-6.52867	-2.36391
W135Q_A	572	0.402597402597	0.52380952381	0.383458646617	-10.5925	-8.95491	-3.90275
K40Y_A	578	0.38961038961	0.52380952381	0.368421052632	-10.6468	-8.93238	-2.61017
S1025E_C	583	0.342465753425	0.434782608696	0.3	-10.901	-6.5796	-7.18308
Y1071G_C	591	0.342465753425	0.434782608696	0.3	-10.9615	-6.52489	-3.50027
M1083T_C	597	0.315068493151	0.347826086957	0.3	-10.6073	-6.43735	-1.39845
M110P_A	605	0.376623376623	0.545454545455	0.348484848485	-10.5536	-8.48733	-2.36483
K140W_A	620	0.37012987013	0.545454545455	0.340909090909	-10.5551	-8.46888	-3.1608
P71F_A	629	0.37012987013	0.545454545455	0.340909090909	-10.4348	-8.50936	-5.73549
L48W_A	635	0.376623376623	0.545454545455	0.348484848485	-10.4313	-8.49724	-2.77385
A100R_A	640	0.376623376623	0.545454545455	0.348484848485	-10.4066	-8.62043	-3.2705
Q121R_A	654	0.376623376623	0.545454545455	0.348484848485	-10.5011	-8.67088	-3.2864
E1034V_C	660	0.301369863014	0.347826086957	0.28	-10.4411	-6.09932	-2.03972
F20R_A	673	0.363636363636	0.52380952381	0.338345864662	-10.4312	-9.12462	-6.96786
P110T_A	680	0.37012987013	0.52380952381	0.345864661654	-10.4668	-8.97294	-3.78651
K71A_A	692	0.363636363636	0.52380952381	0.338345864662	-10.4675	-8.8715	-2.0511
L89C_A	701	0.350649350649	0.52380952381	0.323308270677	-10.5483	-10.2929	-2.31862
P127C_A	715	0.350649350649	0.52380952381	0.323308270677	-10.5317	-10.3451	-6.46107
L108Q_A	720	0.350649350649	0.545454545455	0.318181818182	-10.5356	-10.3276	-5.72729
P123Q_A	727	0.344155844156	0.545454545455	0.310606060606	-10.582	-10.314	-2.54096
L148W_A	734	0.331168831169	0.454545454545	0.310606060606	-10.5489	-10.1883	-2.25286
L1040S_C	744	0.287671232877	0.347826086957	0.26	-10.4489	-6.04153	-2.46202
V96L_A	755	0.344155844156	0.454545454545	0.325757575758	-10.5717	-10.0734	-4.43586
V141I_A	763	0.337662337662	0.409090909091	0.325757575758	-10.6235	-10.1799	-6.50185
H83S_A	771	0.331168831169	0.409090909091	0.318181818182	-10.568	-10.3747	-5.94
C1023G_C	776	0.27397260274	0.333333333333	0.244897959184	-10.5685	-6.0199	-3.28019
H1062D_C	784	0.260273972603	0.333333333333	0.224489795918	-10.5687	-6.04257	-1.92229
C146N_A	802	0.305194805195	0.409090909091	0.287878787879	-10.7479	-10.3394	-2.31787
T1083C_C	809	0.260273972603	0.333333333333	0.224489795918	-10.7791	-6.34668	-4.71406
W134N_A	819	0.292207792208	0.409090909091	0.272727272727	-10.7905	-10.4804	-1.38661
N4K_A	831	0.285714285714	0.409090909091	0.265151515152	-10.8003	-10.3787	-2.74843
K98N_A	842	0.285714285714	0.363636363636	0.272727272727	-10.7992	-10.4905	-2.62039
N89V_A	864	0.279220779221	0.363636363636	0.265151515152	-10.7177	-10.4904	-1.52789
F1039V_C	879	0.260273972603	0.333333333333	0.224489795918	-10.9302	-6.18569	-1.76617
V78T_A	887	0.279220779221	0.363636363636	0.265151515152	-10.9314	-10.4772	-1.59166
V85H_A	905	0.279220779221	0.363636363636	0.265151515152	-11.1945	-11.7434	-2.09023
K115Q_A	912	0.285714285714	0.363636363636	0.272727272727	-11.186	-11.7409	-1.47539
E1051C_C	924	0.260273972603	0.333333333333	0.224489795918	-11.186	-6.18164	-2.5844
C1041E_C	932	0.260273972603	0.333333333333	0.224489795918	-11.168	-6.15784	-3.24708
W129F_A	949	0.279220779221	0.380952380952	0.263157894737	-11.3081	-11.7364	-1.51409
T40R_A	960	0.279220779221	0.380952380952	0.263157894737	-11.7163	-11.7389	-2.75761
D1062R_C	970	0.27397260274	0.375	0.224489795918	-11.8786	-7.22525	-2.58777
W48A_A	976	0.279220779221	0.380952380952	0.263157894737	-11.527	-11.6893	-1.50244
W140K_A	993	0.285714285714	0.380952380952	0.270676691729	-11.514	-11.6882	-2.28141
