name	count	identity	interface_identity	non_interface_identity	evolved_interaction	ancestral_interaction	stability
K141R_A	1	0.993506493506	1.0	0.992592592593	-10.4944	-10.5195	-26.8256
Q1095N_C	7	0.972602739726	0.954545454545	0.980392156863	-10.433	-10.3067	-4.47323
P69A_A	14	0.948051948052	1.0	0.941176470588	-10.4725	-10.5284	-18.999
N52A_A	20	0.935064935065	1.0	0.926470588235	-10.4714	-10.5227	-19.2065
S1033Y_C	28	0.890410958904	0.916666666667	0.877551020408	-11.5076	-10.2493	-5.64593
D1075F_C	34	0.86301369863	0.916666666667	0.836734693878	-11.4721	-10.3056	-4.07019
P1044K_C	39	0.835616438356	0.875	0.816326530612	-12.122	-10.1762	-1.20819
D102I_A	45	0.87012987013	0.941176470588	0.861313868613	-11.944	-11.8933	-14.0877
P132T_A	50	0.844155844156	0.941176470588	0.832116788321	-11.7937	-11.7375	-2.66604
Y1067F_C	63	0.821917808219	0.833333333333	0.816326530612	-11.1947	-10.004	-2.81362
F24M_A	71	0.805194805195	0.882352941176	0.795620437956	-11.1809	-11.4486	-1.96622
P125R_A	77	0.792207792208	0.882352941176	0.78102189781	-11.1868	-11.4073	-1.15931
A79S_A	85	0.779220779221	0.875	0.768115942029	-11.3238	-11.2281	-2.44558
L114V_A	91	0.75974025974	0.875	0.746376811594	-11.0894	-11.2592	-1.64513
K76M_A	99	0.746753246753	0.875	0.731884057971	-11.0372	-11.307	-2.4362
A129M_A	108	0.74025974026	0.875	0.724637681159	-10.6347	-11.3476	-1.57196
S1029T_C	122	0.671232876712	0.708333333333	0.65306122449	-11.4413	-10.5155	-6.17271
D19F_A	132	0.707792207792	0.75	0.702898550725	-11.9831	-11.9009	-4.4284
D110A_A	139	0.701298701299	0.764705882353	0.693430656934	-12.9045	-12.1055	-2.02764
E1034G_C	153	0.602739726027	0.666666666667	0.571428571429	-13.0396	-10.2487	-1.9706
M1086W_C	162	0.602739726027	0.666666666667	0.571428571429	-12.4721	-10.3685	-1.23733
K1077Q_C	175	0.602739726027	0.666666666667	0.571428571429	-12.662	-10.5689	-1.35519
M54A_A	191	0.675324675325	0.733333333333	0.669064748201	-12.5732	-12.1119	0.0874281
V143I_A	202	0.675324675325	0.733333333333	0.669064748201	-12.5932	-12.1193	-0.805152
R1071M_C	210	0.575342465753	0.666666666667	0.530612244898	-12.5343	-10.518	-2.33132
K14E_A	218	0.642857142857	0.625	0.644927536232	-10.8023	-10.1165	-1.63462
R1057G_C	237	0.58904109589	0.666666666667	0.551020408163	-10.7543	-10.1522	-4.04592
N154I_A	246	0.616883116883	0.625	0.615942028986	-10.7605	-10.0756	-1.26022
F1037Y_C	253	0.575342465753	0.666666666667	0.530612244898	-11.8226	-10.1485	-1.05231
K15Y_A	262	0.590909090909	0.625	0.586956521739	-11.697	-11.3403	-2.28515
K1040V_C	276	0.561643835616	0.666666666667	0.510204081633	-11.7154	-10.2437	-2.15259
Q31H_A	288	0.584415584416	0.625	0.579710144928	-12.3644	-11.4478	-2.83851
Q1073L_C	293	0.547945205479	0.666666666667	0.489795918367	-12.3646	-11.1482	-2.96752
Q117K_A	301	0.545454545455	0.5625	0.54347826087	-12.3405	-11.8439	-2.25426
Y1037N_C	309	0.520547945205	0.583333333333	0.489795918367	-12.2839	-10.2654	-1.15684
F29Q_A	318	0.532467532468	0.5625	0.528985507246	-11.6292	-11.8563	-1.66388
G1046S_C	328	0.493150684932	0.5	0.489795918367	-11.2994	-9.18711	-2.72879
P35F_A	334	0.512987012987	0.5625	0.507246376812	-11.413	-11.9205	-2.20616
P46L_A	339	0.5	0.5625	0.492753623188	-11.3446	-12.0578	-2.16109
D99C_A	344	0.493506493506	0.5625	0.485507246377	-11.3455	-12.0388	-1.37552
S153M_A	351	0.493506493506	0.5625	0.485507246377	-10.8674	-11.887	-1.96841
Y1025P_C	368	0.493150684932	0.565217391304	0.46	-10.8617	-8.80952	-5.48862
L1024I_C	382	0.493150684932	0.521739130435	0.48	-11.4821	-8.86828	-1.2233
Q114D_A	409	0.474025974026	0.5	0.471014492754	-11.3866	-11.664	-1.56014
S1032D_C	422	0.493150684932	0.478260869565	0.5	-11.3741	-8.76537	-1.35542
I75Q_A	428	0.467532467532	0.5	0.463768115942	-11.3592	-11.6126	-3.77283
T121P_A	466	0.454545454545	0.4375	0.45652173913	-11.9219	-12.3121	-2.85281
E94L_A	474	0.461038961039	0.4375	0.463768115942	-11.1259	-10.1941	-2.74483
D114A_A	481	0.461038961039	0.4375	0.463768115942	-11.2238	-11.6285	-1.73865
T108I_A	488	0.454545454545	0.4375	0.45652173913	-11.1794	-11.5752	-4.12513
A106N_A	494	0.441558441558	0.4375	0.442028985507	-10.78	-11.2431	-2.50256
A110R_A	502	0.441558441558	0.4375	0.442028985507	-11.2416	-11.6253	-2.50608
F74I_A	508	0.441558441558	0.4375	0.442028985507	-11.1389	-11.6318	-5.42065
N1093R_C	517	0.493150684932	0.478260869565	0.5	-10.8355	-8.29756	-1.2642
W48T_A	533	0.422077922078	0.375	0.427536231884	-11.0433	-11.7328	-3.28472
V151M_A	538	0.422077922078	0.375	0.427536231884	-11.0503	-11.6648	-3.4343
R1093I_C	551	0.465753424658	0.478260869565	0.46	-11.5912	-8.6304	-1.446
R8I_A	558	0.396103896104	0.368421052632	0.4	-11.4296	-11.6908	-3.17872
R1047S_C	568	0.41095890411	0.478260869565	0.38	-11.1964	-8.11853	-3.86871
C100T_A	577	0.396103896104	0.368421052632	0.4	-11.058	-11.5645	-3.8969
L1063W_C	583	0.397260273973	0.478260869565	0.36	-11.0717	-8.23826	-0.930551
Q75L_A	594	0.383116883117	0.368421052632	0.385185185185	-11.0634	-11.5889	-7.18266
R1065T_C	600	0.383561643836	0.434782608696	0.36	-11.0544	-8.02859	-5.49806
S154Q_A	606	0.37012987013	0.388888888889	0.367647058824	-10.9927	-11.5813	-1.7284
T79E_A	614	0.376623376623	0.388888888889	0.375	-11.0751	-11.5349	-1.99406
M129Y_A	629	0.37012987013	0.388888888889	0.367647058824	-10.9933	-11.5098	-1.90753
R1043H_C	638	0.342465753425	0.434782608696	0.3	-11.0685	-8.05908	-2.70758
K95W_A	652	0.363636363636	0.388888888889	0.360294117647	-11.1288	-11.645	-2.54416
S132Y_A	659	0.363636363636	0.388888888889	0.360294117647	-11.073	-11.3266	-3.79429
I87K_A	665	0.363636363636	0.388888888889	0.360294117647	-11.294	-11.7103	-2.55843
K87A_A	670	0.357142857143	0.315789473684	0.362962962963	-12.186	-11.703	-3.5196
E131F_A	676	0.350649350649	0.315789473684	0.355555555556	-12.1976	-11.8654	-3.61407
L94D_A	682	0.344155844156	0.315789473684	0.348148148148	-12.224	-11.8796	-2.24257
A39W_A	692	0.344155844156	0.318181818182	0.348484848485	-11.8208	-12.0805	-4.34287
I108R_A	701	0.344155844156	0.318181818182	0.348484848485	-11.921	-12.1361	-3.75011
S1062R_C	710	0.301369863014	0.391304347826	0.26	-11.6531	-7.49313	-3.41124
F19W_A	724	0.344155844156	0.304347826087	0.351145038168	-11.5394	-12.0752	-1.73645
M54N_A	744	0.344155844156	0.304347826087	0.351145038168	-12.1631	-12.6439	-1.46378
I145M_A	757	0.337662337662	0.304347826087	0.343511450382	-12.2119	-12.5539	-1.50335
K20Y_A	764	0.324675324675	0.260869565217	0.335877862595	-11.3781	-11.8964	-2.04932
H1043C_C	774	0.301369863014	0.391304347826	0.26	-11.3267	-7.73883	-2.54652
G101W_A	782	0.324675324675	0.263157894737	0.333333333333	-11.3303	-11.9387	-1.19016
H138K_A	789	0.318181818182	0.263157894737	0.325925925926	-11.3051	-11.9578	-3.51398
E104Y_A	799	0.311688311688	0.263157894737	0.318518518519	-11.3762	-11.9578	-5.46878
L128R_A	805	0.311688311688	0.263157894737	0.318518518519	-10.8705	-12.1558	-4.79532
A87D_A	812	0.305194805195	0.263157894737	0.311111111111	-10.7613	-12.5491	-4.92605
T4K_A	822	0.292207792208	0.263157894737	0.296296296296	-11.8711	-12.61	-2.37587
A18Y_A	833	0.292207792208	0.263157894737	0.296296296296	-11.0099	-11.7877	-1.49005
K69R_A	855	0.292207792208	0.263157894737	0.296296296296	-11.0318	-11.1264	-1.90206
A1089L_C	880	0.287671232877	0.391304347826	0.24	-11.0121	-8.58921	-4.47051
R1055K_C	886	0.27397260274	0.391304347826	0.22	-11.0947	-8.60154	-1.49873
E1086A_C	895	0.260273972603	0.347826086957	0.22	-10.9779	-10.0523	-1.88907
M21P_A	900	0.292207792208	0.315789473684	0.288888888889	-11.005	-11.2176	-4.73508
L125Q_A	909	0.292207792208	0.315789473684	0.288888888889	-11.096	-11.2161	-2.90781
K1031N_C	916	0.260273972603	0.347826086957	0.22	-10.6865	-8.28831	-2.02776
T1037I_C	925	0.260273972603	0.347826086957	0.22	-10.5947	-8.26334	-4.09945
Q91V_A	936	0.279220779221	0.352941176471	0.270072992701	-10.4014	-11.1675	-1.40774
K4N_A	945	0.279220779221	0.333333333333	0.272058823529	-10.6203	-11.1788	-1.62739
R1062A_C	958	0.260273972603	0.347826086957	0.22	-10.5806	-8.45886	-2.4397
S136Q_A	964	0.266233766234	0.333333333333	0.257352941176	-10.5769	-11.0568	-0.778738
V14K_A	974	0.272727272727	0.388888888889	0.257352941176	-10.7064	-11.1448	-2.93576
V128E_A	979	0.272727272727	0.388888888889	0.257352941176	-10.7493	-11.0306	-2.14964
N123Q_A	987	0.272727272727	0.388888888889	0.257352941176	-11.1658	-9.48904	-1.19591
