name	count	identity	interface_identity	non_interface_identity	evolved_interaction	ancestral_interaction	stability
F81T_A	1	0.993506493506	1.0	0.992592592593	-10.4946	-10.5196	-22.3167
V1028T_C	6	0.945205479452	0.909090909091	0.960784313725	-10.4805	-10.468	-7.53168
S136A_A	12	0.961038961039	1.0	0.956204379562	-10.6652	-9.80136	-22.049
T61G_A	17	0.948051948052	1.0	0.941605839416	-10.6598	-9.78795	-19.9723
D1076T_C	23	0.890410958904	0.909090909091	0.882352941176	-10.6655	-10.5243	-5.79722
A1074M_C	29	0.86301369863	0.909090909091	0.843137254902	-10.6938	-10.5481	-5.82881
G55H_A	36	0.896103896104	1.0	0.883211678832	-10.6817	-9.92157	-7.69518
H129I_A	41	0.876623376623	1.0	0.861313868613	-10.7252	-10.7074	-11.7085
Y144Q_A	47	0.857142857143	1.0	0.839416058394	-10.7897	-10.7814	-3.20109
D33P_A	57	0.837662337662	0.941176470588	0.824817518248	-10.6319	-10.7024	-1.12585
V5I_A	73	0.824675324675	0.941176470588	0.810218978102	-10.6219	-10.6961	-2.52366
P128T_A	82	0.805194805195	0.941176470588	0.788321167883	-10.6063	-10.701	-3.91808
Q101R_A	87	0.785714285714	0.941176470588	0.766423357664	-10.6959	-10.7019	-3.57445
L1026K_C	95	0.753424657534	0.818181818182	0.725490196078	-10.5078	-10.4886	-2.18611
K76Q_A	100	0.753246753247	0.941176470588	0.729927007299	-10.4744	-10.711	-4.60168
C35S_A	107	0.746753246753	0.941176470588	0.722627737226	-10.4741	-10.7355	-2.77855
M155K_A	116	0.727272727273	0.882352941176	0.70802919708	-10.5202	-10.7742	-1.80561
V148D_A	122	0.694805194805	0.882352941176	0.671532846715	-10.6779	-10.8951	-1.22535
K1078H_C	137	0.712328767123	0.818181818182	0.666666666667	-10.9	-10.5294	-3.33237
F25Y_A	146	0.681818181818	0.941176470588	0.649635036496	-10.9252	-10.9752	-1.48231
A54L_A	154	0.662337662338	0.941176470588	0.627737226277	-10.9595	-10.9719	-1.16785
G56S_A	163	0.649350649351	0.941176470588	0.613138686131	-11.0346	-10.775	-3.32153
P125A_A	172	0.62987012987	0.941176470588	0.591240875912	-11.0258	-10.7684	-1.36724
K155L_A	184	0.623376623377	0.941176470588	0.583941605839	-10.7399	-10.7626	-2.2145
G150R_A	198	0.623376623377	0.941176470588	0.583941605839	-11.0216	-11.265	-2.8677
A81Y_A	216	0.61038961039	0.941176470588	0.569343065693	-11.34	-11.8359	-1.68788
S136H_A	224	0.597402597403	0.941176470588	0.554744525547	-11.5809	-12.2674	-3.34477
R104I_A	229	0.584415584416	0.941176470588	0.540145985401	-10.6829	-11.6898	-2.82942
W134N_A	235	0.564935064935	0.941176470588	0.518248175182	-10.6747	-11.7052	-1.42813
N107W_A	242	0.558441558442	0.941176470588	0.510948905109	-10.6482	-11.6985	-2.83938
K57N_A	252	0.558441558442	0.941176470588	0.510948905109	-11.002	-10.6588	-1.20095
I1095V_C	260	0.602739726027	0.772727272727	0.529411764706	-10.9786	-9.983	-4.80378
Y82R_A	275	0.519480519481	0.941176470588	0.467153284672	-11.0382	-10.9205	-1.251
K14A_A	285	0.506493506494	0.882352941176	0.459854014599	-10.6603	-10.395	-2.20578
M1060Y_C	293	0.534246575342	0.772727272727	0.43137254902	-10.6557	-10.0132	-1.34646
N134S_A	300	0.493506493506	0.882352941176	0.445255474453	-11.862	-10.3705	-2.50211
T1043E_C	306	0.506849315068	0.727272727273	0.411764705882	-10.952	-9.2683	-3.13213
Y123P_A	315	0.5	0.882352941176	0.452554744526	-10.9523	-10.4247	-1.46219
T51E_A	324	0.493506493506	0.882352941176	0.445255474453	-11.1684	-10.3308	-0.975796
A66W_A	335	0.487012987013	0.882352941176	0.43795620438	-11.1588	-10.42	-0.872564
W16L_A	351	0.474025974026	0.777777777778	0.433823529412	-10.872	-9.93158	-2.85868
H122E_A	361	0.467532467532	0.823529411765	0.423357664234	-10.9132	-10.0187	-0.882578
F77S_A	367	0.454545454545	0.75	0.420289855072	-10.9937	-10.9195	-0.754142
I132R_A	374	0.454545454545	0.75	0.420289855072	-11.0063	-10.9219	-1.64828
L1032G_C	383	0.452054794521	0.666666666667	0.34693877551	-11.2011	-10.1778	-3.85565
I125V_A	397	0.448051948052	0.75	0.413043478261	-11.2177	-10.9093	-1.07944
D145W_A	405	0.441558441558	0.75	0.405797101449	-11.1444	-10.9093	-1.14921
Q48H_A	413	0.435064935065	0.75	0.398550724638	-11.069	-10.9086	-4.03217
N1034W_C	419	0.452054794521	0.666666666667	0.34693877551	-11.0758	-10.0881	-1.80412
P1039K_C	430	0.452054794521	0.666666666667	0.34693877551	-10.9431	-10.1038	-3.77935
C1061P_C	438	0.438356164384	0.666666666667	0.326530612245	-10.9414	-10.1038	-2.90076
E81I_A	450	0.415584415584	0.6875	0.384057971014	-10.7316	-10.8582	-0.988016
N63I_A	466	0.415584415584	0.6875	0.384057971014	-10.6288	-10.8582	-2.45119
S134C_A	471	0.409090909091	0.6875	0.376811594203	-10.5979	-10.8947	-5.20509
T10E_A	480	0.402597402597	0.6875	0.369565217391	-10.4412	-10.7062	-2.16035
L38M_A	490	0.402597402597	0.6875	0.369565217391	-11.968	-10.694	-2.42812
A1044P_C	498	0.452054794521	0.64	0.354166666667	-12.1361	-10.233	-2.94986
T1070C_C	513	0.438356164384	0.6	0.354166666667	-12.2294	-10.3167	-2.58445
S138M_A	521	0.37012987013	0.6875	0.333333333333	-12.9764	-10.4455	-2.11025
V52I_A	533	0.37012987013	0.6875	0.333333333333	-12.9525	-10.4267	-4.85196
K79D_A	538	0.357142857143	0.625	0.326086956522	-13.2077	-10.1746	-1.08488
H135Q_A	553	0.350649350649	0.5625	0.326086956522	-13.0644	-8.59536	-1.90449
D101H_A	560	0.350649350649	0.5625	0.326086956522	-11.0093	-8.35303	-2.21277
M1074I_C	567	0.424657534247	0.555555555556	0.347826086957	-11.0112	-6.97112	-3.33149
G130L_A	577	0.350649350649	0.5625	0.326086956522	-11.0177	-8.29367	-2.45933
E125Q_A	589	0.350649350649	0.5625	0.326086956522	-10.5525	-8.04412	-0.48213
P1044F_C	597	0.397260273973	0.518518518519	0.326086956522	-10.5474	-6.00305	-1.98284
G87C_A	604	0.344155844156	0.5625	0.31884057971	-10.5473	-8.01458	-3.72263
L130Y_A	614	0.344155844156	0.611111111111	0.308823529412	-11.4471	-9.13946	-0.463863
R1071C_C	627	0.383561643836	0.52	0.3125	-10.3647	-5.52349	-2.14571
N1086L_C	635	0.356164383562	0.48	0.291666666667	-10.5635	-5.95354	-1.45238
M94V_A	640	0.344155844156	0.611111111111	0.308823529412	-10.5036	-6.23152	-2.60049
F1044R_C	646	0.342465753425	0.458333333333	0.285714285714	-10.7034	-6.50369	-6.32138
V1034L_C	651	0.342465753425	0.458333333333	0.285714285714	-10.8548	-6.85567	-7.18976
S49K_A	657	0.331168831169	0.611111111111	0.294117647059	-10.8916	-7.46438	-1.73153
F88E_A	666	0.331168831169	0.578947368421	0.296296296296	-11.8656	-7.10265	-0.66784
Y7R_A	681	0.331168831169	0.578947368421	0.296296296296	-11.9064	-4.92597	-1.21603
M62L_A	688	0.324675324675	0.5	0.298507462687	-10.4336	-2.52028	-1.71388
C1070M_C	697	0.315068493151	0.416666666667	0.265306122449	-10.4938	-6.27209	-4.22452
I138V_A	707	0.324675324675	0.5	0.298507462687	-10.5085	-2.65401	-5.03445
C134V_A	716	0.324675324675	0.5	0.298507462687	-10.8359	-2.5302	-1.24323
K141R_A	725	0.311688311688	0.5	0.283582089552	-10.845	-2.526	-2.1931
A43T_A	734	0.305194805195	0.45	0.283582089552	-10.7172	-2.49444	-0.580989
N29M_A	747	0.298701298701	0.45	0.276119402985	-10.6996	-2.48903	-2.52073
V52W_A	758	0.298701298701	0.45	0.276119402985	-12.4276	-3.98442	-7.28015
V127R_A	765	0.292207792208	0.45	0.268656716418	-12.3994	-3.98742	-2.72358
K155F_A	771	0.285714285714	0.388888888889	0.272058823529	-13.1622	-5.2644	-2.73663
G124F_A	776	0.285714285714	0.388888888889	0.272058823529	-11.6767	-5.32128	-4.49575
V75R_A	782	0.272727272727	0.388888888889	0.257352941176	-11.7344	-5.42631	-1.34764
M1082I_C	791	0.27397260274	0.333333333333	0.244897959184	-11.492	-4.69955	-4.36953
C87R_A	802	0.266233766234	0.388888888889	0.25	-10.7614	-5.45118	-1.94224
D148L_A	810	0.266233766234	0.388888888889	0.25	-10.8664	-5.26092	-4.44234
S77I_A	815	0.266233766234	0.388888888889	0.25	-10.8121	-5.39529	-4.57104
N125S_A	826	0.25974025974	0.388888888889	0.242647058824	-10.7961	-5.40219	-1.06012
V36I_A	837	0.25974025974	0.421052631579	0.237037037037	-10.6903	-7.22402	-2.27481
A1058E_C	845	0.260273972603	0.333333333333	0.224489795918	-10.7614	-4.20172	-3.02503
K1042A_C	855	0.246575342466	0.333333333333	0.204081632653	-10.7838	-4.20203	-1.60016
F55G_A	865	0.25974025974	0.421052631579	0.237037037037	-10.9035	-6.78473	-1.6513
C135H_A	871	0.25974025974	0.421052631579	0.237037037037	-10.6759	-7.55072	-4.01932
V89K_A	880	0.253246753247	0.421052631579	0.22962962963	-10.7308	-6.94179	-2.24628
V116I_A	888	0.24025974026	0.352941176471	0.226277372263	-10.8834	-6.62313	-2.56002
F1037M_C	894	0.232876712329	0.333333333333	0.183673469388	-10.8984	-4.25593	-2.93345
F49L_A	906	0.24025974026	0.352941176471	0.226277372263	-10.8793	-6.6914	-4.29115
H126D_A	916	0.233766233766	0.352941176471	0.21897810219	-10.8812	-6.33593	-2.17057
P74T_A	926	0.233766233766	0.333333333333	0.220588235294	-11.2292	-6.36662	-3.77794
L136W_A	932	0.227272727273	0.333333333333	0.213235294118	-11.2005	-6.16794	-2.23009
W48P_A	942	0.233766233766	0.388888888889	0.213235294118	-11.2015	-6.11857	-2.92197
K119N_A	960	0.233766233766	0.388888888889	0.213235294118	-11.1614	-6.08384	-2.42819
T74H_A	968	0.220779220779	0.35	0.201492537313	-11.8225	-6.12311	-1.74312
V1054K_C	981	0.232876712329	0.333333333333	0.183673469388	-11.3893	-4.24126	-1.3305
I36M_A	995	0.227272727273	0.35	0.208955223881	-11.3138	-6.03335	-1.27365
