name	count	identity	evolved_interaction	ancestral_interaction	stability
R1047E_C	2	0.986301369863	-10.4946	-10.3764	-9.90137
P132R_A	9	0.967532467532	-10.4764	-10.5176	-3.45664
T1077E_C	22	0.945205479452	-10.4267	-10.4404	-5.41999
S122F_A	35	0.935064935065	-10.5113	-10.484	-2.34001
T61R_A	43	0.915584415584	-10.4736	-10.4898	-3.56192
H20K_A	57	0.902597402597	-10.8719	-10.0573	-3.79809
K147H_A	66	0.876623376623	-11.0872	-10.2222	-1.06348
I37Q_A	76	0.857142857143	-11.123	-10.2193	-1.29887
Y87P_A	90	0.831168831169	-11.1826	-10.2976	-2.34279
I114F_A	98	0.818181818182	-12.3389	-10.3276	-1.9746
L97R_A	110	0.785714285714	-12.3311	-10.2855	-1.84966
Y54D_A	117	0.75974025974	-11.9242	-10.1722	-1.13888
E1034I_C	124	0.808219178082	-12.2692	-12.1706	-2.18213
E1090F_C	134	0.780821917808	-11.2639	-8.50805	-1.84329
Q111D_A	143	0.714285714286	-11.1798	-9.99988	-2.08989
R132S_A	153	0.701298701299	-11.1799	-10.0007	-2.36755
W53Y_A	161	0.675324675325	-11.1838	-10.0252	-1.57812
F81M_A	169	0.668831168831	-11.2526	-11.0832	-1.98894
Q117R_A	178	0.662337662338	-11.1865	-11.3116	-3.99033
Y1067T_C	185	0.739726027397	-10.6316	-8.49119	-1.14019
D1066L_C	193	0.739726027397	-10.502	-8.51299	-2.21058
A1062T_C	218	0.72602739726	-10.7153	-8.42039	-1.17368
T79F_A	234	0.642857142857	-10.6372	-11.1993	-1.22606
R143T_A	248	0.649350649351	-10.6253	-11.1865	-2.92775
K1076R_C	257	0.712328767123	-10.5976	-8.19658	-3.63714
K76N_A	266	0.62987012987	-10.471	-11.5627	-5.19966
F79L_A	275	0.616883116883	-10.4674	-11.5635	-2.63451
D1075T_C	287	0.643835616438	-11.8058	-7.66603	-2.42383
S132Q_A	299	0.616883116883	-11.6031	-11.3908	-2.00609
K14F_A	305	0.597402597403	-11.9524	-12.2035	-0.805637
E129N_A	322	0.584415584416	-12.1055	-12.2969	-2.11515
F90A_A	332	0.584415584416	-11.4309	-12.2972	-13.2272
Q39N_A	337	0.564935064935	-11.5573	-12.4028	-11.7729
N1043C_C	342	0.561643835616	-11.5255	-6.59912	-4.44829
I1079M_C	347	0.534246575342	-11.6232	-6.61648	-1.87523
V116H_A	353	0.538961038961	-12.8107	-13.0473	-4.14146
D54C_A	359	0.532467532468	-13.8007	-12.6807	-2.96371
N92D_A	368	0.525974025974	-13.7863	-12.687	-0.919891
G1042T_C	382	0.506849315068	-13.7603	-8.22735	-0.942253
A133I_A	399	0.512987012987	-12.9303	-12.7236	-1.37314
A67Y_A	415	0.5	-12.9376	-12.7328	-1.32354
Q126E_A	426	0.493506493506	-13.0402	-12.653	-1.93021
F14N_A	437	0.487012987013	-12.4235	-11.011	-1.49191
I139R_A	447	0.493506493506	-12.593	-11.1125	-3.47038
C93I_A	453	0.487012987013	-12.0815	-10.239	-1.83541
K1058F_C	462	0.438356164384	-12.1037	-7.27394	-3.52692
K146R_A	470	0.474025974026	-11.593	-10.239	-1.73764
E1039M_C	480	0.424657534247	-11.6972	-6.98426	-10.6827
K1054E_C	487	0.397260273973	-11.4328	-6.91713	-2.93433
C54H_A	500	0.461038961039	-11.4791	-10.228	-1.85716
S1080F_C	519	0.383561643836	-11.265	-6.95607	-2.147
F137N_A	525	0.441558441558	-11.1527	-9.68259	-2.72008
N52M_A	537	0.435064935065	-11.195	-10.8078	-2.5011
I1034M_C	543	0.383561643836	-11.6897	-7.21572	-1.60621
D118A_A	557	0.422077922078	-11.7272	-10.804	-1.79752
N1040L_C	562	0.356164383562	-11.9032	-7.10859	-2.03862
M3R_A	570	0.409090909091	-13.4359	-10.1819	-6.01935
W22S_A	580	0.409090909091	-10.8189	-8.4493	-3.04134
C1079H_C	590	0.342465753425	-10.8147	-5.80385	-1.77006
K1023H_C	596	0.356164383562	-10.8222	-5.82911	-2.43474
P132W_A	611	0.402597402597	-11.0019	-8.49523	-1.79134
M1032D_C	619	0.342465753425	-11.1191	-6.13097	-3.01672
Y106C_A	629	0.402597402597	-11.1192	-8.47336	-3.74747
Q10V_A	635	0.396103896104	-11.1821	-8.60327	-4.52725
V129R_A	642	0.38961038961	-10.867	-8.61775	-4.01518
L30E_A	651	0.38961038961	-11.0216	-8.37078	-1.63657
T1062H_C	659	0.342465753425	-11.3839	-5.34398	-3.2082
N98L_A	664	0.383116883117	-11.2684	-9.55776	-3.31104
W132D_A	673	0.376623376623	-11.296	-9.63861	-1.59101
E1023Q_C	681	0.328767123288	-11.2922	-4.922	-1.21394
T19W_A	692	0.363636363636	-11.9866	-9.50392	-2.16432
E49P_A	700	0.344155844156	-12.1423	-9.59106	-1.84642
T123R_A	706	0.344155844156	-11.7789	-9.49029	-1.33701
K32Y_A	717	0.344155844156	-11.4337	-9.6675	-2.00211
N148M_A	725	0.344155844156	-10.8847	-8.96391	-8.5012
N3E_A	732	0.344155844156	-11.6567	-9.25744	-7.51875
H89N_A	739	0.331168831169	-11.6775	-7.72561	-2.28547
L6K_A	749	0.324675324675	-11.6035	-7.72561	-1.48069
I153Q_A	758	0.311688311688	-11.6556	-7.77945	-4.66844
T4W_A	767	0.298701298701	-11.6598	-7.76539	-1.59195
Y1060A_C	774	0.356164383562	-11.6045	-5.54103	-0.669588
C95F_A	783	0.292207792208	-11.5746	-7.76197	-3.36815
D132C_A	789	0.292207792208	-11.5563	-7.74327	-1.24947
W44E_A	800	0.292207792208	-10.6963	-7.78006	-1.90806
F1045Y_C	811	0.356164383562	-10.9546	-5.5762	0.181073
H22Q_A	821	0.298701298701	-11.4853	-7.71226	-4.20367
E44F_A	827	0.298701298701	-11.4129	-7.83801	-5.09479
C61K_A	834	0.292207792208	-11.7021	-7.96352	-2.44463
N66R_A	840	0.285714285714	-11.669	-8.01546	-3.25206
F1040Y_C	848	0.328767123288	-11.3487	-7.33938	-1.53882
W96Y_A	859	0.272727272727	-12.9919	-8.44545	-1.38891
G1049F_C	867	0.328767123288	-13.0215	-7.34345	-3.96869
A126K_A	875	0.272727272727	-12.1437	-8.10859	-2.64948
Y32N_A	884	0.266233766234	-11.9777	-8.14998	-2.42144
T1051V_C	892	0.301369863014	-11.9596	-6.56315	-2.27457
K71Q_A	914	0.253246753247	-12.617	-10.5256	-2.02132
T151I_A	920	0.253246753247	-12.6099	-10.2975	-4.67033
T1093L_C	931	0.301369863014	-12.6718	-4.62075	-1.17822
P46T_A	937	0.253246753247	-12.7443	-10.5943	-1.57164
C1070L_C	947	0.287671232877	-12.6725	-4.49034	-1.17751
Y104F_A	956	0.253246753247	-12.7382	-10.132	-1.4291
Y1089D_C	966	0.287671232877	-12.7901	-5.90033	-3.06598
Q1023Y_C	972	0.287671232877	-12.5539	-5.89703	-3.50382
V134W_A	980	0.272727272727	-11.6963	-9.96595	-4.59877
R135L_A	985	0.266233766234	-11.6526	-10.0262	-4.35538
V1077P_C	997	0.27397260274	-11.6532	-5.52637	-2.11775
