name	count	identity	evolved_interaction	ancestral_interaction	stability
G1031D_C	1	0.986301369863	-10.374	-10.4757	-4.70781
A1051K_C	14	0.958904109589	-10.4837	-10.4178	-4.5013
F77E_A	24	0.948051948052	-10.4937	-9.68203	-6.50678
I1070N_C	32	0.917808219178	-10.4422	-10.2938	-3.40372
E131A_A	37	0.909090909091	-10.4279	-9.56244	-0.0397286
L1066Q_C	44	0.849315068493	-11.2252	-10.3731	-2.79325
N126I_A	54	0.88961038961	-11.3021	-9.56414	-1.01844
Y87E_A	65	0.87012987013	-11.3523	-9.67189	0.413767
E11S_A	73	0.850649350649	-11.4107	-9.71642	-1.36098
E67Q_A	81	0.824675324675	-10.6838	-9.70094	-0.913469
I155L_A	88	0.818181818182	-10.7639	-10.6629	-4.73884
R139H_A	97	0.792207792208	-10.7629	-10.6511	-4.79392
G55D_A	103	0.772727272727	-11.2094	-10.6914	-1.33439
F29V_A	119	0.779220779221	-11.5051	-10.6837	-2.43219
Q67G_A	134	0.772727272727	-11.4293	-10.6837	-1.24534
A152G_A	143	0.74025974026	-11.4401	-10.6329	-1.18103
C1081K_C	158	0.72602739726	-11.2955	-9.28048	-3.75001
D87V_A	166	0.727272727273	-11.4639	-10.8173	-1.92948
M1054N_C	174	0.698630136986	-11.5051	-9.34841	-3.39495
K153T_A	188	0.714285714286	-11.5068	-10.9776	-2.20726
A79M_A	196	0.694805194805	-11.1201	-10.5907	-2.14585
S1032Y_C	210	0.630136986301	-10.9933	-9.138	-1.76231
S136L_A	216	0.681818181818	-11.0023	-10.24	-3.19253
T153L_A	226	0.681818181818	-10.949	-10.215	-1.741
D131E_A	231	0.688311688312	-10.8823	-10.4879	-4.6302
Y68L_A	239	0.668831168831	-10.8358	-10.4532	-2.74394
Q1073W_C	249	0.561643835616	-10.9314	-9.23235	-1.42829
E1050A_C	265	0.547945205479	-10.7578	-9.21948	-3.75062
E1059K_C	277	0.534246575342	-10.3735	-8.62106	-4.12287
L155Q_A	285	0.623376623377	-10.4212	-10.4778	-3.51836
V1028N_C	290	0.520547945205	-10.5864	-8.63838	-2.23389
L38E_A	297	0.597402597403	-10.7469	-10.2162	-2.965
V57M_A	309	0.584415584416	-10.9137	-10.5098	-3.2139
W99F_A	321	0.577922077922	-10.7717	-10.4041	-1.57958
N1086K_C	334	0.493150684932	-10.6278	-8.73235	-3.2823
S122H_A	348	0.538961038961	-11.0979	-10.5974	-1.63812
D121G_A	355	0.538961038961	-11.213	-11.5969	-2.07514
K15E_A	366	0.506493506494	-11.1247	-11.143	-2.08351
M36L_A	377	0.5	-11.092	-11.1594	-1.12798
N1054S_C	388	0.465753424658	-10.8795	-9.07321	-2.29141
L149H_A	399	0.474025974026	-10.8891	-11.2169	-2.39526
D64F_A	411	0.480519480519	-10.6386	-11.0265	-7.32986
H1047T_C	420	0.465753424658	-10.7352	-9.11425	-1.62807
S1054C_C	428	0.465753424658	-10.7333	-9.0838	-1.45327
N76K_A	433	0.454545454545	-10.9291	-11.023	-4.34095
K1058V_C	443	0.452054794521	-10.9086	-9.09134	-2.70591
I151Q_A	453	0.461038961039	-10.9874	-10.5034	-2.41474
V100R_A	477	0.454545454545	-10.9709	-10.5523	-1.60089
E1094L_C	487	0.424657534247	-10.9662	-8.47811	-3.19754
F89W_A	502	0.454545454545	-11.4704	-10.5597	-3.09521
I1071E_C	507	0.424657534247	-11.3261	-8.91606	-2.95411
D1075M_C	517	0.41095890411	-10.9068	-8.55118	-3.97315
L1074F_C	531	0.397260273973	-10.9118	-8.5218	-2.18562
L150K_A	538	0.435064935065	-11.1871	-8.0747	-2.0843
G115Y_A	549	0.428571428571	-11.375	-8.5458	-5.51492
P35N_A	558	0.415584415584	-11.6665	-8.52105	-3.37188
S1076A_C	568	0.383561643836	-11.5544	-9.15711	-4.36691
E95C_A	575	0.396103896104	-11.5488	-8.19582	-2.63779
K1079I_C	588	0.356164383562	-11.6282	-9.14698	-2.89006
F114M_A	595	0.38961038961	-12.2241	-8.23572	-1.21704
I1072M_C	601	0.315068493151	-11.2836	-7.86433	-5.54217
I145L_A	609	0.38961038961	-11.2386	-8.21484	-3.30727
I3N_A	618	0.376623376623	-11.0248	-10.3859	-0.944815
H66E_A	771	0.363636363636	-11.1601	-10.2754	-3.31772
H149M_A	778	0.363636363636	-11.0194	-10.0893	-5.86461
R135W_A	783	0.363636363636	-10.8579	-9.78673	-4.34235
G1044T_C	796	0.287671232877	-10.8037	-7.86499	-1.22977
F1050C_C	809	0.287671232877	-10.8092	-7.86499	-1.10845
P6A_A	818	0.350649350649	-10.832	-9.84385	-1.15604
V87A_A	832	0.350649350649	-10.8319	-9.84387	-5.59992
I77S_A	839	0.344155844156	-10.5639	-9.84403	-4.71377
I112V_A	852	0.337662337662	-10.5404	-9.68185	-1.37681
N39G_A	857	0.344155844156	-10.8089	-9.68154	-6.92467
G56A_A	866	0.337662337662	-10.8089	-9.69717	-4.47588
I1043G_C	874	0.301369863014	-10.8053	-7.35337	-1.73016
F1086E_C	886	0.301369863014	-10.916	-7.36985	-2.16987
D129C_A	898	0.337662337662	-11.5537	-9.89971	-2.63865
Y67H_A	906	0.337662337662	-11.3736	-9.89986	-1.27607
C48A_A	917	0.337662337662	-10.7491	-9.86398	-2.78171
Q1071C_C	929	0.27397260274	-10.5022	-7.01763	-1.54346
I147Y_A	937	0.318181818182	-10.5019	-9.69119	-1.24024
M1093L_C	945	0.27397260274	-10.5596	-6.9244	-1.67319
Y111P_A	963	0.311688311688	-10.5674	-9.75206	-3.18719
S101R_A	970	0.305194805195	-11.084	-10.5024	-5.54199
L88N_A	979	0.298701298701	-11.0831	-10.5024	-2.93661
W125V_A	991	0.305194805195	-11.1136	-10.4201	-1.40954
