name	count	identity	interface_identity	non_interface_identity	evolved_interaction	ancestral_interaction	stability
T91S_A	1	0.993506493506	1.0	0.992592592593	-10.4492	-10.5224	-25.9944
G109N_A	6	0.967532467532	1.0	0.962962962963	-10.5032	-10.5005	-25.2311
V1028H_C	12	0.972602739726	0.954545454545	0.980392156863	-10.4757	-10.4629	-6.93851
Q1073T_C	17	0.958904109589	0.954545454545	0.960784313725	-10.4862	-10.463	-6.72748
E1034M_C	27	0.931506849315	0.909090909091	0.941176470588	-11.0915	-10.9336	-5.34191
L1066N_C	36	0.876712328767	0.863636363636	0.882352941176	-11.1473	-10.9312	-2.03351
E67M_A	46	0.883116883117	1.0	0.867647058824	-10.6028	-10.96	-2.9067
A32P_A	54	0.863636363636	1.0	0.845588235294	-10.7122	-11.1151	-3.91749
S1029Q_C	64	0.808219178082	0.739130434783	0.84	-10.7827	-7.57634	-4.24456
Q75Y_A	70	0.831168831169	1.0	0.805970149254	-10.9219	-10.7336	-0.563209
K141A_A	79	0.818181818182	1.0	0.791044776119	-10.8039	-11.8376	-0.353821
E11N_A	92	0.811688311688	0.952380952381	0.789473684211	-10.8767	-12.0107	0.546818
I1035L_C	97	0.698630136986	0.652173913043	0.72	-10.7586	-7.49847	-1.58065
R135S_A	106	0.792207792208	0.95	0.768656716418	-10.877	-10.9155	0.228334
V148M_A	117	0.772727272727	0.95	0.746268656716	-10.8852	-12.036	-1.00517
P123F_A	123	0.753246753247	0.95	0.723880597015	-10.9325	-12.0124	-3.02858
D128E_A	129	0.733766233766	0.95	0.701492537313	-10.9439	-10.6846	-5.06272
M87R_A	136	0.727272727273	0.95	0.694029850746	-10.9432	-10.6836	-3.36104
E82C_A	141	0.714285714286	0.95	0.679104477612	-10.9432	-10.6878	-1.24514
L1081M_C	150	0.58904109589	0.652173913043	0.56	-10.9376	-7.5714	-3.14547
S1062T_C	158	0.575342465753	0.652173913043	0.54	-10.88	-7.61158	-2.68435
W1050Q_C	165	0.561643835616	0.652173913043	0.52	-11.0347	-8.13805	-4.62492
M57T_A	171	0.668831168831	0.9	0.634328358209	-11.0371	-10.0923	-1.73388
K1083M_C	178	0.534246575342	0.695652173913	0.46	-11.3685	-7.92139	-5.73421
G115N_A	185	0.649350649351	0.9	0.611940298507	-11.1527	-10.9278	-2.97438
R1036L_C	193	0.493150684932	0.695652173913	0.4	-11.1919	-7.77286	-1.5246
I74T_A	202	0.62987012987	0.85	0.597014925373	-11.3254	-9.88163	-0.0435415
M26S_A	212	0.616883116883	0.85	0.582089552239	-11.4964	-10.0027	-0.332672
E38Y_A	227	0.597402597403	0.85	0.559701492537	-11.4382	-8.27899	-4.2865
V52I_A	241	0.577922077922	0.85	0.537313432836	-10.4001	-8.00908	-2.1754
E91W_A	250	0.564935064935	0.8	0.529850746269	-11.2269	-9.08713	-5.69296
N115A_A	258	0.551948051948	0.8	0.514925373134	-11.1833	-9.07843	-5.25205
M67H_A	263	0.551948051948	0.8	0.514925373134	-11.132	-9.4437	-5.12828
S136W_A	268	0.545454545455	0.8	0.507462686567	-11.3866	-9.50486	-4.67011
H1028Q_C	277	0.438356164384	0.625	0.34693877551	-10.9088	-7.34267	-2.91077
D1075W_C	284	0.41095890411	0.583333333333	0.326530612245	-11.2815	-7.25176	-2.60649
T1043R_C	297	0.369863013699	0.5	0.30612244898	-11.6346	-7.15863	-2.18513
G83L_A	306	0.519480519481	0.75	0.485074626866	-11.8447	-9.40812	-3.95143
D100R_A	314	0.506493506494	0.75	0.470149253731	-12.1178	-9.40675	-2.90153
P131R_A	320	0.493506493506	0.75	0.455223880597	-12.2162	-9.49633	-2.49132
P106H_A	328	0.493506493506	0.75	0.455223880597	-12.25	-9.49842	-3.13023
N35S_A	334	0.487012987013	0.75	0.44776119403	-12.3201	-9.7031	-3.21191
T6Y_A	341	0.474025974026	0.75	0.432835820896	-12.3202	-9.47139	-2.5664
T61V_A	348	0.461038961039	0.75	0.417910447761	-12.3211	-9.6796	-2.8943
L114W_A	356	0.448051948052	0.722222222222	0.411764705882	-12.2483	-9.83923	-2.14976
W1092Q_C	371	0.356164383562	0.458333333333	0.30612244898	-11.4071	-5.96816	-1.73432
T132S_A	379	0.435064935065	0.705882352941	0.401459854015	-11.4355	-9.696	-1.61658
S1036G_C	388	0.356164383562	0.458333333333	0.30612244898	-10.7302	-7.43157	-3.65301
Q144R_A	398	0.435064935065	0.666666666667	0.410071942446	-11.8813	-9.9972	-2.07985
E143L_A	409	0.428571428571	0.666666666667	0.402877697842	-11.3913	-10.0693	-0.718627
H89N_A	416	0.428571428571	0.6875	0.398550724638	-11.385	-10.1254	-0.811502
F125P_A	437	0.428571428571	0.6875	0.398550724638	-11.3011	-10.1212	-2.17155
V145W_A	444	0.415584415584	0.6875	0.384057971014	-11.1888	-10.0649	-3.89202
Q130F_A	454	0.402597402597	0.6875	0.369565217391	-10.5618	-10.3435	-1.62425
K146E_A	470	0.396103896104	0.6875	0.36231884058	-10.6227	-10.4457	-1.33228
L1071V_C	478	0.301369863014	0.458333333333	0.224489795918	-10.7624	-6.72846	-2.33458
Q1041Y_C	489	0.287671232877	0.458333333333	0.204081632653	-10.6114	-6.50719	-2.01117
T29F_A	510	0.38961038961	0.6875	0.355072463768	-10.5945	-10.4595	-0.793176
Y1041A_C	522	0.287671232877	0.458333333333	0.204081632653	-10.5994	-6.59462	-3.85151
H20R_A	527	0.37012987013	0.6	0.345323741007	-10.7305	-11.0248	-2.37133
P105F_A	534	0.363636363636	0.6	0.338129496403	-10.778	-11.0194	-0.717876
G1059P_C	542	0.287671232877	0.458333333333	0.204081632653	-11.0817	-6.70328	-2.74363
L76M_A	557	0.357142857143	0.6	0.330935251799	-10.8994	-10.2038	-1.13483
E42M_A	570	0.350649350649	0.6	0.323741007194	-11.0113	-10.4949	-3.19081
C1061M_C	577	0.27397260274	0.458333333333	0.183673469388	-10.9404	-6.7523	-3.12346
K19Q_A	593	0.350649350649	0.6	0.323741007194	-10.7915	-10.5492	-1.27778
C111R_A	611	0.350649350649	0.625	0.31884057971	-10.5346	-10.5183	-1.42702
R1035T_C	619	0.246575342466	0.416666666667	0.163265306122	-10.7265	-6.463	-4.63227
V150C_A	627	0.350649350649	0.625	0.31884057971	-10.9624	-10.7566	-1.12443
T1023M_C	641	0.246575342466	0.391304347826	0.18	-11.0846	-6.42355	-2.41226
C132P_A	655	0.350649350649	0.625	0.31884057971	-11.6545	-9.9517	-4.0912
N1043M_C	681	0.232876712329	0.391304347826	0.16	-11.6021	-6.32612	-1.97456
K120T_A	693	0.344155844156	0.625	0.311594202899	-11.566	-9.84109	-3.92671
D104P_A	699	0.344155844156	0.625	0.311594202899	-11.3786	-9.80925	-1.77674
C81Q_A	709	0.344155844156	0.625	0.311594202899	-10.7995	-9.81414	-2.03825
P1093L_C	727	0.232876712329	0.391304347826	0.16	-10.8155	-5.92847	-2.44233
P1060E_C	737	0.246575342466	0.391304347826	0.18	-11.0551	-6.46178	-3.12289
Q4F_A	753	0.337662337662	0.625	0.304347826087	-11.0553	-9.80976	-1.21698
V1076K_C	765	0.246575342466	0.391304347826	0.18	-11.2429	-6.36966	-1.60334
M30I_A	781	0.344155844156	0.625	0.311594202899	-10.8545	-9.72077	-1.30788
M1043W_C	798	0.219178082192	0.347826086957	0.16	-10.9512	-5.78148	-1.67
V113M_A	813	0.331168831169	0.529411764706	0.306569343066	-10.6833	-9.63271	-2.70904
I96Y_A	825	0.324675324675	0.529411764706	0.299270072993	-10.7164	-9.49362	-8.10689
C11R_A	832	0.311688311688	0.529411764706	0.284671532847	-10.9229	-9.91516	-4.22662
V134W_A	838	0.318181818182	0.529411764706	0.29197080292	-11.0852	-9.95046	-2.89239
S1081W_C	844	0.219178082192	0.347826086957	0.16	-11.0487	-5.50292	-3.35401
T1053A_C	857	0.232876712329	0.347826086957	0.18	-10.9455	-5.77623	-4.99961
G29F_A	864	0.318181818182	0.529411764706	0.29197080292	-10.5326	-10.0717	-2.7819
W48V_A	874	0.318181818182	0.529411764706	0.29197080292	-10.5169	-9.93815	-1.20083
Y1073A_C	885	0.232876712329	0.347826086957	0.18	-10.7096	-5.26515	-5.38395
A143F_A	893	0.318181818182	0.529411764706	0.29197080292	-10.6652	-9.87554	-4.55192
R1038E_C	899	0.232876712329	0.347826086957	0.18	-11.0999	-5.64256	-5.94772
H91M_A	912	0.324675324675	0.555555555556	0.294117647059	-10.8844	-9.83067	-1.75013
M1058Q_C	921	0.232876712329	0.347826086957	0.18	-11.0786	-5.66772	-3.21109
N140L_A	927	0.318181818182	0.529411764706	0.29197080292	-10.7304	-9.88596	-2.75792
W49K_A	933	0.318181818182	0.529411764706	0.29197080292	-10.7093	-10.07	-2.47283
E142K_A	940	0.318181818182	0.529411764706	0.29197080292	-10.751	-9.94605	-3.87634
W99E_A	946	0.324675324675	0.529411764706	0.299270072993	-10.7527	-9.85346	-1.45074
A1030D_C	956	0.246575342466	0.391304347826	0.18	-10.8471	-4.99002	-2.28986
V1073R_C	970	0.246575342466	0.391304347826	0.18	-10.8481	-4.98949	-2.95649
L44F_A	981	0.318181818182	0.529411764706	0.29197080292	-10.7734	-9.7571	-1.13835
Y58N_A	991	0.311688311688	0.529411764706	0.284671532847	-10.8132	-9.81068	-0.710959
