name	count	identity	interface_identity	non_interface_identity	evolved_interaction	ancestral_interaction	stability
E1059P_C	1	0.986301369863	1.0	0.980392156863	-10.4903	-10.3772	-9.05157
I60N_A	12	0.987012987013	1.0	0.985185185185	-10.5739	-10.5238	-21.7064
D118K_A	18	0.961038961039	1.0	0.955555555556	-10.4869	-10.4567	-25.5127
E49H_A	23	0.948051948052	1.0	0.940740740741	-10.6027	-10.4458	-26.0927
G50T_A	28	0.915584415584	0.894736842105	0.918518518519	-11.4852	-11.3891	-16.9849
V75D_A	33	0.88961038961	0.894736842105	0.888888888889	-11.417	-11.3317	-10.1634
K147I_A	39	0.87012987013	0.842105263158	0.874074074074	-11.8947	-11.9142	-8.908
E1094D_C	44	0.86301369863	1.0	0.8	-11.9072	-10.5454	-3.31167
K71T_A	51	0.818181818182	0.789473684211	0.822222222222	-11.8961	-11.8789	-1.46794
T91L_A	59	0.798701298701	0.789473684211	0.8	-10.8454	-11.863	-5.08992
A142E_A	67	0.772727272727	0.789473684211	0.77037037037	-11.0503	-11.8855	-2.1684
T71M_A	75	0.772727272727	0.789473684211	0.77037037037	-11.0726	-11.8634	-4.55483
E63V_A	86	0.753246753247	0.789473684211	0.748148148148	-10.7902	-11.8828	-2.3596
N66I_A	93	0.74025974026	0.789473684211	0.733333333333	-11.0042	-11.8608	-4.21987
K31V_A	101	0.707792207792	0.789473684211	0.696296296296	-11.163	-11.8549	-0.879138
K110R_A	112	0.681818181818	0.789473684211	0.666666666667	-11.5296	-12.0738	-2.38186
K1027I_C	124	0.767123287671	0.869565217391	0.72	-11.8028	-9.61228	-1.8419
K27L_A	129	0.649350649351	0.736842105263	0.637037037037	-12.0579	-11.875	-3.8023
F1085E_C	136	0.767123287671	0.869565217391	0.72	-12.2964	-9.92082	-2.01531
S1054H_C	145	0.767123287671	0.869565217391	0.72	-12.2965	-9.92158	-2.1627
A35K_A	160	0.61038961039	0.736842105263	0.592592592593	-12.3353	-11.9164	-1.77251
S136I_A	171	0.590909090909	0.684210526316	0.577777777778	-11.8357	-11.4795	-3.02098
I1039L_C	179	0.739726027397	0.875	0.673469387755	-11.8355	-9.93797	-3.15283
E1034H_C	184	0.72602739726	0.875	0.65306122449	-11.7818	-10.0738	-1.4329
P24L_A	203	0.564935064935	0.684210526316	0.548148148148	-11.6894	-11.5476	-4.45777
G55K_A	212	0.551948051948	0.631578947368	0.540740740741	-11.4169	-11.5156	-1.66492
S122M_A	229	0.532467532468	0.631578947368	0.518518518519	-11.2875	-11.5166	-2.24291
N126S_A	235	0.519480519481	0.631578947368	0.503703703704	-11.3055	-11.6307	-1.54536
S111H_A	242	0.512987012987	0.631578947368	0.496296296296	-11.2763	-11.5509	-1.35959
L91M_A	255	0.506493506494	0.631578947368	0.488888888889	-11.4465	-11.5653	-0.938809
Q1078S_C	269	0.671232876712	0.826086956522	0.6	-11.643	-10.1079	-0.936964
K76R_A	278	0.5	0.578947368421	0.488888888889	-11.6934	-11.6836	-3.04957
E108P_A	288	0.5	0.578947368421	0.488888888889	-11.6875	-11.6675	-1.7566
H1092W_C	300	0.602739726027	0.782608695652	0.52	-12.7527	-10.3474	-1.15006
T10I_A	310	0.467532467532	0.45	0.470149253731	-12.6519	-11.7778	-4.14715
P108K_A	323	0.461038961039	0.45	0.462686567164	-12.5728	-11.7615	-2.29324
E144S_A	329	0.454545454545	0.45	0.455223880597	-12.5475	-11.7668	-2.73034
L135Y_A	336	0.448051948052	0.45	0.44776119403	-11.737	-11.1682	-2.97089
W129G_A	342	0.441558441558	0.45	0.440298507463	-11.2437	-11.0038	-1.55079
Q1095E_C	350	0.575342465753	0.739130434783	0.5	-11.0784	-9.82188	-1.96534
I4K_A	359	0.435064935065	0.421052631579	0.437037037037	-11.0055	-10.9931	-1.91641
S138F_A	371	0.428571428571	0.421052631579	0.42962962963	-10.597	-10.6929	-2.88692
T149V_A	386	0.422077922078	0.421052631579	0.422222222222	-10.657	-10.7623	-2.84585
P78A_A	395	0.415584415584	0.421052631579	0.414814814815	-10.8131	-10.7842	-1.38741
W1038S_C	402	0.561643835616	0.739130434783	0.48	-11.1458	-9.90849	-2.24857
R14Q_A	414	0.409090909091	0.421052631579	0.407407407407	-10.71	-10.1038	-2.28268
I49H_A	428	0.409090909091	0.421052631579	0.407407407407	-10.9314	-10.3115	-3.04419
R76I_A	436	0.402597402597	0.421052631579	0.4	-10.9328	-10.3416	-2.34252
K19C_A	445	0.402597402597	0.421052631579	0.4	-11.2195	-10.9404	-1.73376
I1070T_C	459	0.520547945205	0.695652173913	0.44	-11.0414	-7.23693	-1.56447
C1054K_C	477	0.534246575342	0.695652173913	0.46	-11.2545	-7.48222	-5.02139
V149H_A	485	0.383116883117	0.421052631579	0.377777777778	-11.3211	-11.0412	-0.735321
M1065T_C	495	0.520547945205	0.695652173913	0.44	-11.6352	-7.50892	-2.62756
A127Y_A	506	0.37012987013	0.4	0.365671641791	-11.0462	-11.1747	-1.4371
S1062L_C	518	0.493150684932	0.652173913043	0.42	-10.8352	-9.2224	-4.20629
C106G_A	525	0.363636363636	0.4	0.358208955224	-10.8405	-11.1174	-1.39786
I48G_A	531	0.363636363636	0.4	0.358208955224	-10.8564	-11.1174	-1.12147
I1027R_C	539	0.452054794521	0.565217391304	0.4	-11.725	-10.8012	-2.87617
Y135E_A	547	0.363636363636	0.4	0.358208955224	-11.9826	-11.0494	-1.09706
Y46E_A	565	0.357142857143	0.4	0.350746268657	-11.0511	-10.625	-3.65941
C50T_A	573	0.357142857143	0.4	0.350746268657	-11.1312	-10.6332	-2.68635
R109H_A	582	0.357142857143	0.4	0.350746268657	-10.841	-10.3623	-4.83734
A78M_A	587	0.350649350649	0.45	0.335820895522	-10.7141	-9.32872	-3.62925
A11M_A	597	0.344155844156	0.45	0.328358208955	-10.6868	-10.327	-4.66695
T1049R_C	608	0.438356164384	0.565217391304	0.38	-10.7397	-10.9174	-1.05239
H49N_A	620	0.331168831169	0.45	0.313432835821	-11.5921	-10.8706	-2.26561
I9L_A	625	0.337662337662	0.421052631579	0.325925925926	-11.5933	-10.8109	-1.87344
L29Y_A	632	0.337662337662	0.421052631579	0.325925925926	-11.9073	-11.0474	-3.76299
P59E_A	637	0.318181818182	0.421052631579	0.303703703704	-11.7771	-10.8404	-0.495078
I1084K_C	647	0.41095890411	0.565217391304	0.34	-10.6071	-9.7339	-5.65731
N1086F_C	655	0.383561643836	0.478260869565	0.34	-10.6558	-10.4154	-4.15774
V106D_A	661	0.324675324675	0.4	0.313432835821	-10.554	-10.7432	-1.76556
E61C_A	668	0.318181818182	0.4	0.305970149254	-10.546	-11.0112	-1.16813
F1052L_C	675	0.356164383562	0.434782608696	0.32	-10.6873	-10.5534	-1.96314
K114Q_A	682	0.311688311688	0.4	0.298507462687	-10.4504	-10.0667	-1.12486
M78G_A	693	0.305194805195	0.4	0.291044776119	-10.4304	-10.1491	-2.08614
Q124C_A	703	0.305194805195	0.4	0.291044776119	-10.4752	-10.1537	-0.501478
C1028D_C	721	0.342465753425	0.434782608696	0.3	-10.6835	-10.4025	-3.34424
H1034F_C	733	0.342465753425	0.434782608696	0.3	-10.5209	-10.1669	-2.42062
L148V_A	741	0.298701298701	0.421052631579	0.281481481481	-10.5223	-10.3226	-5.35046
C61R_A	754	0.298701298701	0.421052631579	0.281481481481	-10.5607	-10.2587	-1.56821
W1080D_C	781	0.342465753425	0.434782608696	0.3	-10.5825	-10.2843	-2.16946
P6L_A	795	0.305194805195	0.421052631579	0.288888888889	-10.6076	-10.2585	-1.5759
K1093N_C	810	0.328767123288	0.434782608696	0.28	-10.6965	-10.362	-1.53281
R44F_A	819	0.305194805195	0.421052631579	0.288888888889	-10.8527	-10.5829	-1.53153
M29K_A	826	0.311688311688	0.421052631579	0.296296296296	-10.8945	-10.6273	-2.24375
S14E_A	840	0.305194805195	0.368421052632	0.296296296296	-11.8592	-11.1864	-1.268
F135W_A	846	0.305194805195	0.368421052632	0.296296296296	-12.0632	-11.1715	-1.01937
H134F_A	855	0.298701298701	0.368421052632	0.288888888889	-12.0817	-11.1722	-1.31257
K93F_A	863	0.298701298701	0.368421052632	0.288888888889	-11.5124	-11.1878	-4.37146
P123G_A	873	0.279220779221	0.368421052632	0.266666666667	-11.5105	-10.6796	-3.4555
M24I_A	882	0.279220779221	0.368421052632	0.266666666667	-11.4063	-10.6442	-1.85795
P88K_A	887	0.272727272727	0.368421052632	0.259259259259	-11.3393	-10.6497	-0.733243
H1043L_C	899	0.356164383562	0.478260869565	0.3	-11.2896	-10.4219	-5.10928
M91I_A	911	0.272727272727	0.368421052632	0.259259259259	-11.3218	-10.7189	-1.10528
I32S_A	920	0.266233766234	0.368421052632	0.251851851852	-11.3127	-10.7425	-1.01071
M1038L_C	925	0.315068493151	0.434782608696	0.26	-11.4788	-10.5709	-5.23819
M1059R_C	934	0.315068493151	0.434782608696	0.26	-11.6176	-10.7257	-2.49768
P1070V_C	944	0.315068493151	0.434782608696	0.26	-11.8084	-10.7611	-3.6508
K156I_A	951	0.25974025974	0.368421052632	0.244444444444	-11.6075	-10.7664	-2.14636
L1039K_C	958	0.301369863014	0.434782608696	0.24	-11.4779	-10.4091	-2.37554
I24L_A	973	0.266233766234	0.388888888889	0.25	-10.8364	-11.3254	-2.44606
R1071G_C	986	0.27397260274	0.391304347826	0.22	-11.7035	-7.76986	-1.46626
