name	count	identity	interface_identity	non_interface_identity	evolved_interaction	ancestral_interaction	stability
P59G_A	2	0.993506493506	1.0	0.992592592593	-10.4817	-10.504	-23.7017
K147L_A	7	0.967532467532	0.947368421053	0.97037037037	-11.996	-11.6409	-24.6014
Q7L_A	14	0.948051948052	0.894736842105	0.955555555556	-11.5622	-10.9444	-19.6221
E1094F_C	19	0.917808219178	0.913043478261	0.92	-11.5439	-10.6571	-3.70835
K141P_A	25	0.902597402597	0.882352941176	0.905109489051	-11.4939	-11.6245	-15.4842
A1091T_C	30	0.890410958904	0.869565217391	0.9	-11.2699	-10.5486	-3.91207
K1054H_C	36	0.86301369863	0.869565217391	0.86	-11.0939	-10.5479	-2.63928
N126M_A	42	0.844155844156	0.882352941176	0.839416058394	-11.2075	-11.2853	-6.43013
E67W_A	50	0.818181818182	0.882352941176	0.810218978102	-11.1137	-11.1625	-1.36763
V57W_A	61	0.811688311688	0.833333333333	0.808823529412	-11.5974	-11.9816	-1.71171
P1044D_C	68	0.753424657534	0.869565217391	0.7	-11.1259	-10.0239	-2.98375
S138N_A	76	0.772727272727	0.842105263158	0.762962962963	-11.2242	-11.9257	-2.54317
N140G_A	90	0.746753246753	0.789473684211	0.740740740741	-11.1196	-11.9298	-1.96885
K31V_A	96	0.727272727273	0.789473684211	0.718518518519	-11.2476	-12.0447	-1.33631
Y137C_A	102	0.720779220779	0.842105263158	0.703703703704	-11.189	-12.1486	-5.36904
P72N_A	108	0.694805194805	0.842105263158	0.674074074074	-11.2132	-12.1722	-0.99163
H1023C_C	124	0.671232876712	0.782608695652	0.62	-11.3591	-9.58881	-2.58985
L119Q_A	132	0.675324675325	0.875	0.652173913043	-10.994	-11.6709	-1.36537
H95I_A	146	0.668831168831	0.875	0.644927536232	-10.9446	-11.5546	-2.68431
A133C_A	153	0.649350649351	0.875	0.623188405797	-10.9398	-11.9551	-1.10155
E1034S_C	171	0.602739726027	0.695652173913	0.56	-11.1089	-8.70871	-2.43034
L1063Y_C	179	0.561643835616	0.652173913043	0.52	-11.3553	-9.01536	-2.961
D1036C_C	194	0.547945205479	0.652173913043	0.5	-12.413	-9.90349	-2.71516
E1033K_C	204	0.534246575342	0.608695652174	0.5	-11.6352	-9.26083	-3.39897
I1072V_C	215	0.520547945205	0.608695652174	0.48	-11.4633	-8.98601	-2.56222
K1033Y_C	222	0.520547945205	0.608695652174	0.48	-11.4679	-8.99834	-2.58349
I99F_A	232	0.603896103896	0.8125	0.579710144928	-11.2853	-11.583	-2.59207
S1062V_C	242	0.479452054795	0.608695652174	0.42	-11.173	-8.79406	-4.30986
F1032L_C	252	0.479452054795	0.608695652174	0.42	-11.6813	-6.91155	-3.77501
A1051K_C	263	0.452054794521	0.608695652174	0.38	-11.6793	-6.91229	-2.90855
P1055L_C	280	0.452054794521	0.608695652174	0.38	-11.7629	-7.15178	-6.12679
Q151M_A	288	0.545454545455	0.705882352941	0.525547445255	-12.0258	-11.591	-1.66979
R8Q_A	296	0.545454545455	0.705882352941	0.525547445255	-10.9378	-11.5014	-1.10235
L1026Q_C	305	0.438356164384	0.565217391304	0.38	-11.1554	-8.48529	-2.9137
Q1061L_C	314	0.438356164384	0.565217391304	0.38	-11.181	-8.50592	-3.77825
M1059T_C	327	0.438356164384	0.565217391304	0.38	-11.2462	-8.51589	-3.79894
W67N_A	340	0.525974025974	0.705882352941	0.503649635036	-11.2982	-11.9835	-1.38601
G140I_A	351	0.506493506494	0.705882352941	0.481751824818	-11.28	-11.9775	-1.32767
R1080W_C	358	0.41095890411	0.521739130435	0.36	-11.2198	-8.3798	-2.86299
A106G_A	365	0.487012987013	0.705882352941	0.459854014599	-11.2606	-11.9716	-2.17608
N54F_A	382	0.487012987013	0.705882352941	0.459854014599	-10.9818	-11.8268	-2.72537
G148I_A	400	0.487012987013	0.705882352941	0.459854014599	-10.9818	-11.8135	-4.35716
P59M_A	407	0.480519480519	0.705882352941	0.452554744526	-11.0729	-11.9145	-2.50461
Y87A_A	420	0.474025974026	0.705882352941	0.445255474453	-11.0715	-11.9145	-2.19532
E72T_A	427	0.480519480519	0.705882352941	0.452554744526	-11.1154	-11.9353	-2.12305
K1093Y_C	434	0.438356164384	0.521739130435	0.4	-10.6559	-8.52165	-2.99712
A32R_A	447	0.461038961039	0.705882352941	0.430656934307	-10.8971	-12.0412	-2.2459
T108E_A	453	0.454545454545	0.705882352941	0.423357664234	-10.6193	-11.7477	-2.1599
G140E_A	460	0.448051948052	0.705882352941	0.416058394161	-10.6129	-11.7439	-4.8282
V1072I_C	472	0.424657534247	0.521739130435	0.38	-10.9924	-7.7626	-4.44313
H1070S_C	482	0.424657534247	0.521739130435	0.38	-11.026	-7.7985	-6.6245
N89Q_A	499	0.409090909091	0.647058823529	0.379562043796	-10.736	-11.9558	-2.69691
N45L_A	509	0.409090909091	0.647058823529	0.379562043796	-10.7157	-10.9875	-2.8302
P65D_A	518	0.402597402597	0.647058823529	0.372262773723	-11.268	-11.121	-1.7973
D14R_A	524	0.402597402597	0.647058823529	0.372262773723	-12.0345	-12.161	-3.79958
K1043S_C	530	0.41095890411	0.5	0.367346938776	-12.0368	-9.32227	-2.17484
Q1026A_C	537	0.397260273973	0.458333333333	0.367346938776	-12.8412	-9.89945	-2.71233
N1080A_C	547	0.397260273973	0.458333333333	0.367346938776	-11.9499	-9.4077	-3.92876
A142L_A	553	0.383116883117	0.588235294118	0.357664233577	-12.3966	-12.089	-2.67288
Y25Q_A	567	0.376623376623	0.529411764706	0.357664233577	-10.8359	-10.6042	-1.52596
L1081Y_C	573	0.369863013699	0.458333333333	0.326530612245	-10.6925	-10.0327	-1.49095
Y93F_A	586	0.37012987013	0.529411764706	0.350364963504	-10.7334	-10.6225	-2.02959
F33P_A	597	0.357142857143	0.529411764706	0.335766423358	-10.7474	-10.7553	-2.21878
S75H_A	608	0.350649350649	0.529411764706	0.328467153285	-10.7265	-10.5104	-2.78101
R98Q_A	630	0.350649350649	0.529411764706	0.328467153285	-10.7365	-10.5118	-1.88512
A1051F_C	641	0.342465753425	0.416666666667	0.30612244898	-10.5248	-9.74234	-4.12975
A1082Y_C	653	0.342465753425	0.416666666667	0.30612244898	-10.5451	-9.69891	-3.87103
C73G_A	659	0.344155844156	0.555555555556	0.316176470588	-10.5242	-10.4828	-3.27254
Q1094W_C	671	0.342465753425	0.416666666667	0.30612244898	-10.4852	-9.44691	-2.47839
I117R_A	681	0.344155844156	0.555555555556	0.316176470588	-10.3442	-10.4851	-3.52734
L35S_A	687	0.344155844156	0.555555555556	0.316176470588	-10.3111	-10.4606	-2.28878
W134A_A	696	0.344155844156	0.555555555556	0.316176470588	-10.5165	-10.9017	-2.96288
G50S_A	705	0.331168831169	0.555555555556	0.301470588235	-10.6367	-10.8863	-1.82398
E153Y_A	724	0.331168831169	0.555555555556	0.301470588235	-10.4827	-8.82254	-1.17017
R8L_A	733	0.324675324675	0.555555555556	0.294117647059	-10.4299	-8.76637	-1.51845
S65V_A	745	0.318181818182	0.555555555556	0.286764705882	-10.4147	-8.76695	-1.24224
F1037M_C	754	0.27397260274	0.416666666667	0.204081632653	-10.8091	-8.88262	-4.27377
D4Y_A	767	0.318181818182	0.555555555556	0.286764705882	-10.7962	-9.40544	-2.06201
K1062C_C	777	0.27397260274	0.4	0.208333333333	-10.5931	-8.30765	-3.62299
Q137V_A	789	0.311688311688	0.555555555556	0.279411764706	-10.5982	-10.1838	-1.87191
M128A_A	802	0.311688311688	0.555555555556	0.279411764706	-10.5938	-10.1791	-0.363979
D1094Q_C	822	0.260273972603	0.4	0.1875	-10.8547	-8.57925	-3.5257
L9I_A	846	0.305194805195	0.555555555556	0.272058823529	-10.9347	-10.2621	-0.626333
I101V_A	858	0.305194805195	0.555555555556	0.272058823529	-10.9647	-10.2814	-0.916269
S1034E_C	869	0.260273972603	0.4	0.1875	-11.1756	-8.7377	-4.5783
W1050C_C	878	0.260273972603	0.4	0.1875	-11.0992	-8.78412	-2.77814
F66C_A	891	0.292207792208	0.611111111111	0.25	-12.7086	-11.3598	-0.909384
W1023C_C	906	0.260273972603	0.4	0.1875	-12.7413	-8.67344	-1.70871
T1054V_C	918	0.260273972603	0.4	0.1875	-12.7515	-8.66832	-2.87451
V37I_A	927	0.285714285714	0.588235294118	0.248175182482	-11.6061	-11.2788	-1.82551
Q6L_A	940	0.292207792208	0.588235294118	0.255474452555	-11.2809	-11.2899	-3.7505
I79N_A	952	0.285714285714	0.588235294118	0.248175182482	-11.1777	-11.2871	-1.48145
Y127M_A	964	0.285714285714	0.588235294118	0.248175182482	-11.1762	-11.1	-1.69214
S75L_A	975	0.285714285714	0.588235294118	0.248175182482	-11.2021	-11.5428	-5.88161
I30H_A	983	0.285714285714	0.588235294118	0.248175182482	-11.2086	-11.5073	-2.10986
Y149I_A	989	0.285714285714	0.588235294118	0.248175182482	-11.4851	-10.596	-2.93478
P1025Y_C	998	0.219178082192	0.291666666667	0.183673469388	-11.4574	-6.01495	-2.07444
