name	count	identity	interface_identity	non_interface_identity	evolved_interaction	ancestral_interaction	stability
N1025M_C	1	0.986301369863	1.0	0.980392156863	-10.5138	-10.5012	-8.93965
S1063M_C	6	0.958904109589	1.0	0.941176470588	-10.388	-10.4596	-5.3162
K147A_A	15	0.961038961039	1.0	0.954545454545	-10.7464	-10.5153	-25.7902
Q111N_A	20	0.935064935065	0.954545454545	0.931818181818	-10.8297	-10.5273	-13.8842
P21M_A	25	0.915584415584	0.909090909091	0.916666666667	-11.1475	-10.7932	-5.68795
Y1067Q_C	30	0.904109589041	0.863636363636	0.921568627451	-11.7733	-11.2959	-4.35617
D1085C_C	35	0.876712328767	0.818181818182	0.901960784314	-11.5385	-11.6471	-3.54521
D33T_A	45	0.87012987013	0.842105263158	0.874074074074	-11.6087	-10.1839	-2.33927
R1046D_C	53	0.821917808219	0.818181818182	0.823529411765	-11.3157	-11.6119	-2.56276
N1086D_C	61	0.808219178082	0.772727272727	0.823529411765	-10.6879	-10.4374	-1.84902
S70F_A	69	0.818181818182	0.823529411765	0.817518248175	-10.7142	-10.4747	-2.42272
R114S_A	84	0.805194805195	0.764705882353	0.810218978102	-10.8273	-10.192	-1.88294
E1050F_C	92	0.767123287671	0.727272727273	0.78431372549	-11.005	-10.1088	-2.09691
E11L_A	99	0.772727272727	0.764705882353	0.773722627737	-11.1071	-10.2909	-4.30723
Q1073A_C	109	0.712328767123	0.727272727273	0.705882352941	-10.969	-10.4235	-2.74254
V1050I_C	121	0.698630136986	0.681818181818	0.705882352941	-12.2662	-10.9135	-4.51371
S1032H_C	126	0.671232876712	0.590909090909	0.705882352941	-11.7187	-10.2506	-4.86256
W119P_A	132	0.727272727273	0.705882352941	0.729927007299	-12.2023	-10.7868	-2.17518
A133Q_A	137	0.714285714286	0.705882352941	0.715328467153	-12.1228	-10.7906	-4.81145
H1027I_C	143	0.643835616438	0.636363636364	0.647058823529	-12.0267	-10.3832	-4.44145
Q7G_A	149	0.681818181818	0.705882352941	0.678832116788	-11.9097	-10.9645	-2.85655
C24A_A	158	0.675324675325	0.705882352941	0.671532846715	-12.0958	-11.1163	-1.4959
I60C_A	165	0.662337662338	0.705882352941	0.656934306569	-12.4812	-11.4463	-2.49311
K14V_A	181	0.642857142857	0.647058823529	0.642335766423	-12.2102	-11.1349	-1.77542
K143P_A	187	0.636363636364	0.647058823529	0.63503649635	-12.2149	-11.14	-1.72131
T1042E_C	202	0.534246575342	0.636363636364	0.490196078431	-12.0826	-10.6133	-2.27912
A147M_A	213	0.623376623377	0.5625	0.630434782609	-13.0315	-11.8185	-2.1251
Q121M_A	218	0.623376623377	0.5625	0.630434782609	-12.6593	-11.6037	-3.8112
A54C_A	227	0.616883116883	0.5625	0.623188405797	-12.638	-11.6235	-2.15744
R42H_A	233	0.61038961039	0.5625	0.615942028986	-12.1892	-11.5904	-5.15575
C93S_A	239	0.603896103896	0.5625	0.608695652174	-12.289	-11.5505	-4.85916
N140T_A	245	0.590909090909	0.5625	0.594202898551	-11.8818	-11.4698	-1.85478
W30M_A	252	0.590909090909	0.611111111111	0.588235294118	-12.3921	-11.4469	-2.21141
V141Q_A	275	0.584415584416	0.611111111111	0.580882352941	-12.392	-11.4472	-1.99664
R1047T_C	284	0.452054794521	0.652173913043	0.36	-12.3817	-10.9864	-3.15901
N70Q_A	291	0.564935064935	0.611111111111	0.558823529412	-12.2453	-11.5118	-1.72795
R91S_A	299	0.564935064935	0.611111111111	0.558823529412	-12.2872	-11.691	-1.04134
R139L_A	315	0.551948051948	0.611111111111	0.544117647059	-12.2754	-11.7293	-1.05223
W1043G_C	327	0.438356164384	0.608695652174	0.36	-12.5859	-9.80315	-1.44217
H42V_A	341	0.551948051948	0.5625	0.550724637681	-12.4986	-11.9643	-1.49524
N99M_A	390	0.551948051948	0.533333333333	0.553956834532	-10.6609	-12.0503	-2.51664
L4T_A	396	0.532467532468	0.533333333333	0.532374100719	-11.5303	-12.0553	-2.58137
D1046R_C	415	0.465753424658	0.608695652174	0.4	-11.0137	-10.047	-2.36391
M30H_A	426	0.525974025974	0.466666666667	0.532374100719	-10.4488	-9.52433	-1.12622
D1082Q_C	442	0.438356164384	0.545454545455	0.392156862745	-10.5426	-9.23386	-1.64848
S1031M_C	449	0.424657534247	0.545454545455	0.372549019608	-11.2458	-10.3819	-2.84218
Q1074G_C	460	0.41095890411	0.545454545455	0.352941176471	-11.0997	-10.2984	-1.53531
Y155V_A	471	0.487012987013	0.4375	0.492753623188	-11.0999	-9.4337	-1.93578
D118W_A	485	0.474025974026	0.4375	0.478260869565	-11.0646	-9.43029	-3.99911
T1061N_C	493	0.397260273973	0.521739130435	0.34	-11.9679	-9.86401	-2.9375
C1085N_C	498	0.397260273973	0.521739130435	0.34	-11.6642	-10.2576	-3.20447
T1027Q_C	503	0.397260273973	0.521739130435	0.34	-11.5976	-10.1132	-3.24745
S136L_A	509	0.448051948052	0.375	0.45652173913	-11.569	-10.7003	-6.06513
D155N_A	514	0.441558441558	0.375	0.449275362319	-11.5687	-10.6897	-3.47967
N1039I_C	527	0.41095890411	0.521739130435	0.36	-11.5404	-10.3365	-3.95909
S150L_A	535	0.448051948052	0.375	0.45652173913	-11.7115	-10.5925	-3.60073
H104M_A	541	0.435064935065	0.3125	0.449275362319	-12.0285	-10.5778	-2.72961
M1031T_C	554	0.397260273973	0.521739130435	0.34	-10.9237	-9.27692	-2.38674
T1082C_C	561	0.397260273973	0.521739130435	0.34	-11.0718	-9.35755	-5.83637
Q133T_A	567	0.428571428571	0.3125	0.442028985507	-10.8643	-10.6682	-1.18149
Q124M_A	573	0.422077922078	0.3125	0.434782608696	-10.8571	-10.6673	-2.7397
T4R_A	580	0.415584415584	0.3125	0.427536231884	-11.3123	-10.5883	-6.10454
N30S_A	587	0.409090909091	0.3125	0.420289855072	-11.3062	-10.5822	-3.07863
H20F_A	598	0.396103896104	0.25	0.413043478261	-11.4379	-10.4051	-2.24309
Y1051I_C	611	0.41095890411	0.565217391304	0.34	-11.4363	-9.2941	-2.18429
L43P_A	617	0.38961038961	0.25	0.405797101449	-11.4794	-10.4682	-2.96515
H102N_A	628	0.37012987013	0.25	0.384057971014	-11.2353	-10.2484	-1.60982
C60M_A	633	0.357142857143	0.25	0.369565217391	-11.2344	-10.2679	-1.29548
G40S_A	638	0.357142857143	0.25	0.369565217391	-11.2223	-10.2308	-2.90763
L128D_A	644	0.363636363636	0.25	0.376811594203	-11.2286	-10.2392	-1.95859
W25L_A	650	0.357142857143	0.25	0.369565217391	-10.4886	-9.31096	-1.97876
Q1059N_C	669	0.424657534247	0.565217391304	0.36	-10.4884	-9.08283	-4.28809
R1094Y_C	680	0.41095890411	0.565217391304	0.34	-10.4544	-9.0371	-3.31582
I66M_A	694	0.357142857143	0.25	0.369565217391	-10.8288	-9.53583	-1.7789
R51C_A	707	0.357142857143	0.25	0.369565217391	-10.5909	-9.47709	-0.920323
L150G_A	717	0.350649350649	0.25	0.36231884058	-10.8571	-9.47714	-1.68868
L1063W_C	730	0.356164383562	0.5	0.285714285714	-10.7323	-9.51993	-3.35433
R142N_A	744	0.37012987013	0.3125	0.376811594203	-10.6125	-9.00944	-1.51156
T78V_A	753	0.37012987013	0.3125	0.376811594203	-10.7098	-9.11457	-1.45406
L1070R_C	765	0.328767123288	0.5	0.244897959184	-10.6189	-9.53656	-1.79822
G150S_A	774	0.363636363636	0.3125	0.369565217391	-10.6194	-9.11502	-3.82096
W53M_A	788	0.357142857143	0.3125	0.36231884058	-10.6674	-9.13014	-0.886637
E106C_A	797	0.350649350649	0.333333333333	0.352517985612	-10.7083	-9.13816	-1.30646
Q1026I_C	804	0.315068493151	0.458333333333	0.244897959184	-10.6053	-9.14519	-3.58848
E79G_A	816	0.331168831169	0.333333333333	0.330935251799	-10.5693	-9.17813	-1.27322
K1058E_C	826	0.27397260274	0.416666666667	0.204081632653	-10.5692	-8.92838	-2.01515
Y1045F_C	836	0.260273972603	0.416666666667	0.183673469388	-10.5548	-9.05637	-2.77871
T1031Y_C	844	0.260273972603	0.416666666667	0.183673469388	-11.4454	-10.372	-4.90555
M36L_A	853	0.318181818182	0.294117647059	0.321167883212	-11.4443	-8.91699	-3.95195
D4V_A	858	0.318181818182	0.294117647059	0.321167883212	-11.4972	-8.79218	-0.984937
L36K_A	876	0.318181818182	0.294117647059	0.321167883212	-11.41	-9.12287	-2.19789
M1046E_C	886	0.260273972603	0.416666666667	0.183673469388	-11.6274	-9.82238	-1.56033
Q70N_A	897	0.311688311688	0.294117647059	0.313868613139	-11.5567	-8.88868	-0.977606
V1047K_C	910	0.232876712329	0.416666666667	0.142857142857	-11.2923	-9.93465	-1.8256
N126W_A	934	0.305194805195	0.294117647059	0.306569343066	-11.2507	-8.00983	-1.51794
S150V_A	947	0.298701298701	0.333333333333	0.294964028777	-11.1939	-8.34643	-2.03879
N79A_A	953	0.305194805195	0.333333333333	0.302158273381	-11.1896	-8.37006	-3.114
F1052Y_C	965	0.219178082192	0.416666666667	0.122448979592	-11.2564	-10.19	-3.94665
N1033H_C	976	0.219178082192	0.416666666667	0.122448979592	-10.8448	-9.56872	-3.97303
C24L_A	991	0.305194805195	0.333333333333	0.302158273381	-10.8967	-8.2577	-3.4268
