name	count	identity	evolved_interaction	ancestral_interaction	stability
R139F_A	1	0.993506493506	-10.5034	-10.5197	-27.2565
E1079A_C	7	0.972602739726	-10.5219	-10.5064	-9.16261
H1023D_C	13	0.945205479452	-10.2944	-10.4944	-8.61836
E131Q_A	19	0.922077922078	-10.4621	-10.4811	-13.4746
G50F_A	26	0.896103896104	-10.4373	-10.4513	-1.8065
T91K_A	33	0.87012987013	-10.4261	-10.4512	-3.20578
E67K_A	40	0.844155844156	-10.4244	-10.4507	-7.16291
T61D_A	45	0.811688311688	-10.3948	-10.4238	-2.35138
F139M_A	50	0.798701298701	-11.7055	-11.588	-3.60988
N1025L_C	57	0.86301369863	-10.8189	-10.6139	-5.15024
T38K_A	67	0.766233766234	-11.8812	-11.3215	-3.3672
C93A_A	74	0.746753246753	-11.8914	-11.3019	-2.81201
S3T_A	86	0.727272727273	-11.9504	-11.301	-1.19689
E1034W_C	95	0.767123287671	-12.486	-11.7496	-1.91173
A26G_A	103	0.688311688312	-12.9574	-11.7362	-1.77543
I151V_A	118	0.668831168831	-12.0213	-11.5195	-1.54366
E42A_A	134	0.649350649351	-12.2597	-11.6225	-1.96541
Q10D_A	145	0.636363636364	-11.9005	-11.2715	-0.880327
Y1042N_C	158	0.698630136986	-11.8891	-10.3504	-1.71614
S35N_A	165	0.61038961039	-11.8714	-11.186	-1.29557
E1051I_C	176	0.698630136986	-11.9147	-10.3617	-3.5598
H1026Y_C	182	0.698630136986	-11.9155	-10.2637	-3.08776
D1023Q_C	190	0.684931506849	-11.7564	-9.93278	-1.71003
Q39S_A	203	0.558441558442	-11.5572	-11.8848	-2.367
E63Q_A	215	0.538961038961	-11.1418	-11.5875	-3.57122
F1037Y_C	221	0.630136986301	-11.1409	-9.01315	-2.35884
I143K_A	234	0.525974025974	-11.1304	-11.6046	-2.07638
N149F_A	242	0.519480519481	-11.0412	-11.5488	-2.42288
H1046Y_C	252	0.602739726027	-11.0027	-8.9829	-1.82315
N1044W_C	258	0.602739726027	-11.0378	-8.99879	-2.10674
L50E_A	264	0.5	-10.9966	-11.4202	-3.00462
V150T_A	279	0.493506493506	-11.0726	-11.4975	-1.4907
F22M_A	285	0.480519480519	-10.5794	-11.1367	-3.63651
E99I_A	294	0.461038961039	-10.5841	-11.1322	-3.39422
I1051R_C	302	0.58904109589	-10.5811	-9.33394	-0.91837
D102S_A	320	0.441558441558	-10.6303	-11.0155	-1.35568
K67Q_A	330	0.435064935065	-10.5335	-10.9138	-0.970718
Q1076K_C	346	0.534246575342	-10.5878	-9.28938	-2.0789
C32A_A	354	0.428571428571	-10.6164	-10.8695	-1.44994
Y138W_A	363	0.422077922078	-10.6173	-10.8695	-3.4396
F115Y_A	371	0.428571428571	-10.6357	-10.9121	-3.29227
S156N_A	378	0.422077922078	-10.4614	-10.7153	-1.43901
T63M_A	383	0.422077922078	-10.7022	-10.892	-2.83034
C62H_A	388	0.428571428571	-11.4185	-10.9019	-3.38426
R104C_A	393	0.415584415584	-11.4236	-10.9019	-1.02952
V33D_A	404	0.415584415584	-11.3315	-10.7833	-3.76125
G1059K_C	420	0.506849315068	-11.1102	-9.16266	-1.85626
I43A_A	429	0.415584415584	-11.1524	-10.9436	-1.95711
R1064S_C	438	0.506849315068	-11.3439	-8.9268	-1.49069
A140L_A	450	0.409090909091	-11.7522	-10.2604	-3.87686
Y58L_A	458	0.402597402597	-11.7604	-10.5962	-2.50704
T127D_A	467	0.38961038961	-11.7607	-10.646	-1.19649
T3N_A	478	0.38961038961	-11.5447	-10.7153	-1.88954
H1059C_C	483	0.465753424658	-11.5201	-8.31896	-2.36861
T78Q_A	490	0.383116883117	-11.97	-10.7222	-2.59681
I1070R_C	502	0.438356164384	-11.3312	-7.82505	-1.31719
R1071D_C	519	0.424657534247	-10.946	-7.44055	-1.74352
C1073S_C	527	0.424657534247	-10.9416	-7.45521	-1.46551
W1082G_C	537	0.424657534247	-10.6347	-7.53248	-2.79029
L1041Y_C	545	0.41095890411	-10.5554	-7.47367	-3.55174
S1073G_C	556	0.41095890411	-10.5276	-7.47476	-3.14437
Q154F_A	567	0.357142857143	-10.733	-10.3769	-1.14568
G1078A_C	584	0.41095890411	-10.9262	-7.5014	-4.12148
K1040R_C	592	0.397260273973	-10.9571	-7.47704	-3.11595
A18T_A	600	0.337662337662	-11.3117	-11.0045	-2.0156
S1064L_C	609	0.397260273973	-10.8576	-6.89284	-7.24695
L1063G_C	619	0.369863013699	-10.4866	-6.48799	-3.74859
N156Q_A	627	0.331168831169	-10.3634	-9.71394	-1.65268
E152V_A	640	0.331168831169	-10.5832	-10.0224	-2.49508
D106Y_A	649	0.337662337662	-10.6166	-9.81481	-1.67975
C39H_A	665	0.337662337662	-10.6177	-9.54229	-3.62874
A133P_A	673	0.324675324675	-10.6531	-9.49679	-4.4192
Q109R_A	679	0.324675324675	-10.9752	-10.8607	-2.20865
K135H_A	692	0.324675324675	-11.0208	-10.9245	-1.10298
V148I_A	704	0.305194805195	-10.9497	-10.6568	-2.68575
D10Q_A	712	0.311688311688	-10.9513	-11.2367	-3.05832
P1023S_C	729	0.342465753425	-10.8687	-6.28921	-1.76205
C150R_A	735	0.311688311688	-10.8743	-11.0542	-6.29952
A100R_A	741	0.305194805195	-10.7734	-11.1069	-6.86024
A54R_A	750	0.305194805195	-10.7935	-10.9141	-2.06482
Q49H_A	755	0.298701298701	-11.1654	-10.9344	-1.57043
M79C_A	763	0.298701298701	-11.0558	-11.0588	-2.5727
G88Q_A	775	0.298701298701	-11.0662	-10.9427	-2.50005
F120Y_A	785	0.298701298701	-12.3216	-10.6947	-1.92488
Y51I_A	799	0.298701298701	-12.9348	-10.7463	-2.07052
Q71R_A	807	0.292207792208	-12.9797	-10.7652	-2.42669
H39R_A	821	0.285714285714	-12.3957	-11.0069	-3.18685
A93E_A	834	0.272727272727	-12.5689	-11.1098	-2.12067
G104D_A	843	0.266233766234	-12.6814	-10.9976	-2.73266
F141V_A	863	0.266233766234	-12.7007	-10.9976	-1.71047
I1050K_C	876	0.315068493151	-12.6108	-7.59185	-2.78712
M1051N_C	895	0.328767123288	-12.8196	-7.65505	-2.5155
G1095E_C	903	0.328767123288	-12.6851	-7.24445	-2.90176
N19M_A	917	0.246753246753	-12.5161	-10.3666	-1.85822
A145H_A	926	0.24025974026	-12.8431	-11.189	-0.043341
S1075Y_C	934	0.328767123288	-12.0345	-6.91485	-4.63374
K11Q_A	941	0.246753246753	-12.1711	-10.6262	-1.08716
C61F_A	949	0.253246753247	-12.1714	-10.746	-2.71124
I131C_A	956	0.25974025974	-13.1348	-10.7895	-1.59662
N1042E_C	978	0.328767123288	-13.134	-8.16036	-1.75272
K146G_A	986	0.25974025974	-13.1349	-10.7495	-2.19865
D1084H_C	998	0.328767123288	-12.0644	-7.47146	-1.64035
