name	count	identity	evolved_interaction	ancestral_interaction	stability
V75T_A	1	0.993506493506	-10.495	-10.517	-24.8828
D1030A_C	10	0.986301369863	-10.5413	-10.3819	-5.07815
A1030N_C	16	0.958904109589	-10.5224	-10.3767	-7.48625
P46W_A	23	0.922077922078	-10.5249	-10.5408	-5.81121
L1026D_C	29	0.931506849315	-10.6769	-9.76977	-4.18747
W46N_A	38	0.902597402597	-11.2613	-10.9467	-3.20122
Q154A_A	43	0.883116883117	-11.1984	-10.9433	-1.49174
S127G_A	51	0.857142857143	-11.1913	-10.9449	-3.68645
N52P_A	57	0.837662337662	-11.5784	-10.9008	-4.47975
Y144W_A	64	0.818181818182	-10.7666	-10.8251	-7.64322
Q151C_A	70	0.798701298701	-10.7223	-10.8363	-5.64193
K31N_A	77	0.779220779221	-11.0717	-11.0709	-5.97081
E1074P_C	88	0.849315068493	-10.5905	-9.47193	-2.88161
K76C_A	105	0.753246753247	-10.5933	-10.9411	-0.765448
F1025N_C	122	0.794520547945	-10.6046	-9.49453	-2.34156
Y68W_A	131	0.733766233766	-10.5927	-10.9183	-1.60393
G1057H_C	142	0.780821917808	-10.5791	-9.47806	-2.47785
S70H_A	151	0.707792207792	-10.5715	-10.9119	-2.63608
D1080G_C	156	0.739726027397	-11.3867	-9.52826	-2.06877
E1084A_C	164	0.712328767123	-10.8907	-9.03184	-1.88753
K110N_A	169	0.668831168831	-10.7846	-10.5225	-1.77256
G115D_A	184	0.655844155844	-10.9468	-10.8254	-3.04423
R73K_A	194	0.642857142857	-11.0278	-10.8372	-3.51895
H70D_A	200	0.62987012987	-11.0098	-10.8169	-1.49965
E38V_A	210	0.616883116883	-10.9696	-10.7977	-3.63785
Q1076C_C	221	0.630136986301	-10.84	-9.32451	-1.9004
N98Q_A	234	0.597402597403	-10.8552	-10.8127	-3.24559
E143F_A	240	0.590909090909	-10.8034	-10.7403	-2.07728
L152K_A	253	0.577922077922	-10.8242	-10.7066	-1.47618
K73N_A	264	0.571428571429	-10.904	-10.7834	-3.70319
K152G_A	273	0.564935064935	-11.105	-11.1917	-3.77234
V38E_A	282	0.558441558442	-11.2087	-11.3048	-4.68858
W42F_A	288	0.551948051948	-10.6238	-11.4084	-5.48007
S1062P_C	301	0.616438356164	-10.9205	-9.2864	-1.98743
S156W_A	313	0.545454545455	-10.5665	-9.46371	-0.850665
M40Y_A	336	0.545454545455	-10.6114	-9.64228	-1.28065
D111I_A	345	0.538961038961	-10.6161	-9.68761	-4.2867
I1077P_C	352	0.58904109589	-10.4508	-9.30564	-6.52169
V29A_A	359	0.5	-10.4381	-9.5174	-0.781937
A48E_A	374	0.487012987013	-10.6178	-9.70065	-1.81634
E1038S_C	381	0.58904109589	-10.6025	-8.6675	-5.24516
V1050S_C	391	0.58904109589	-10.6029	-8.66724	-4.79502
S1050N_C	398	0.575342465753	-10.6079	-8.66737	-3.19048
K145Q_A	405	0.480519480519	-10.8588	-10.1418	-2.16974
A1084K_C	417	0.575342465753	-10.3774	-9.33897	-3.28104
S138V_A	426	0.474025974026	-10.7096	-11.3162	-4.54399
M91S_A	432	0.461038961039	-11.0337	-11.9117	-1.52572
F142C_A	441	0.461038961039	-11.2977	-11.9306	-1.4551
Q1095M_C	447	0.520547945205	-11.4924	-9.55052	-1.74765
T114D_A	458	0.448051948052	-12.1651	-11.6582	-1.95276
R1056M_C	471	0.493150684932	-11.8314	-9.48699	-3.4647
S1032V_C	480	0.452054794521	-12.3228	-9.67292	-4.86414
D1082M_C	490	0.438356164384	-11.7519	-8.92525	-4.9639
L108S_A	495	0.435064935065	-11.4482	-12.1393	-3.13271
D1023K_C	506	0.41095890411	-11.5359	-9.12101	-2.89093
Q145F_A	514	0.448051948052	-11.5095	-12.061	-4.08291
Q1079R_C	521	0.41095890411	-11.3663	-9.15466	-2.82294
A154N_A	528	0.441558441558	-11.282	-12.0185	-5.08332
R1039L_C	534	0.369863013699	-11.1573	-9.10968	-4.23595
A29G_A	540	0.435064935065	-10.552	-12.2846	-1.71245
Q106S_A	553	0.435064935065	-10.4319	-12.3286	-3.05258
R100Q_A	564	0.422077922078	-10.428	-11.8513	-1.51469
E1064W_C	575	0.356164383562	-10.5816	-8.38282	-2.33472
P110V_A	583	0.409090909091	-10.5145	-11.951	-1.76308
I128V_A	589	0.402597402597	-10.5404	-11.9702	-2.42374
P1062L_C	596	0.342465753425	-10.505	-8.49977	-1.584
K71V_A	616	0.396103896104	-10.5205	-12.01	-3.39714
C1031Y_C	624	0.342465753425	-11.0113	-8.85746	-1.6379
V134Y_A	631	0.396103896104	-10.4128	-12.5834	-5.02697
R1047P_C	639	0.315068493151	-10.9436	-8.8353	-4.40168
N46C_A	650	0.396103896104	-10.406	-12.5866	-1.63994
S91H_A	662	0.376623376623	-10.4054	-12.5723	-1.90233
Y65F_A	667	0.376623376623	-10.4054	-12.4876	-1.41542
F1065I_C	683	0.328767123288	-10.6579	-8.87303	-1.95608
E1054Q_C	691	0.328767123288	-10.8176	-8.87303	-2.17384
E12T_A	700	0.357142857143	-10.9425	-12.6528	-1.80047
H1092L_C	710	0.315068493151	-10.5818	-8.22729	-1.88192
A103W_A	722	0.363636363636	-10.6601	-12.107	-5.1739
V128Q_A	730	0.357142857143	-10.7924	-12.4233	-4.40545
S118G_A	736	0.357142857143	-10.8226	-12.4637	-3.68461
Y1093E_C	745	0.315068493151	-10.853	-7.8061	-1.82668
L57Q_A	755	0.357142857143	-11.1311	-13.3387	-1.06066
K11L_A	770	0.357142857143	-11.0015	-13.2336	-1.55962
T49K_A	783	0.350649350649	-11.2431	-12.8374	-2.56171
C50K_A	788	0.350649350649	-11.3189	-12.7207	-5.91636
L1058I_C	793	0.315068493151	-14.1023	-6.53912	-4.23564
L6C_A	798	0.331168831169	-11.0897	-12.1607	-2.83867
Q26D_A	809	0.324675324675	-10.5278	-11.2689	-3.87939
G152T_A	819	0.318181818182	-10.5293	-11.0555	-1.17497
S1079G_C	831	0.27397260274	-10.9403	-4.68771	-2.81101
G1073W_C	845	0.27397260274	-11.3547	-7.11127	-2.47371
L1062Q_C	850	0.27397260274	-11.3628	-7.04425	-2.7342
V1032E_C	860	0.246575342466	-11.5744	-7.07967	-2.60434
D32V_A	871	0.318181818182	-11.2215	-11.1042	-2.59374
F91E_A	879	0.311688311688	-10.9045	-11.26	-2.11973
M10V_A	885	0.298701298701	-10.9853	-11.0793	-0.939389
F1092G_C	896	0.246575342466	-10.4829	-5.10215	-1.91232
E7V_A	907	0.285714285714	-10.452	-11.1972	-1.16517
C1034S_C	933	0.246575342466	-11.1178	-7.17497	-2.21769
E91T_A	957	0.292207792208	-11.1455	-11.3519	-1.05707
G1054E_C	964	0.246575342466	-11.4384	-7.17205	-3.42422
I1051H_C	971	0.232876712329	-10.8433	-5.98154	-2.0678
K50F_A	986	0.292207792208	-10.7451	-11.5612	-1.11852
M80K_A	995	0.292207792208	-10.7561	-11.6131	-0.84127
