name	count	identity	evolved_interaction	ancestral_interaction	stability
F1037D_C	1	0.986301369863	-10.4714	-10.4017	-3.85522
N1086D_C	7	0.972602739726	-10.4616	-10.2959	-3.46722
R1093G_C	15	0.958904109589	-10.4624	-10.2252	-2.89017
K1058R_C	21	0.917808219178	-10.5218	-10.2741	-3.16261
C1075Q_C	26	0.904109589041	-10.4478	-10.274	-3.13098
P105M_A	31	0.88961038961	-10.4658	-10.5468	-15.9301
R104F_A	38	0.87012987013	-10.9449	-11.0462	-6.09018
S1032C_C	43	0.876712328767	-10.5957	-10.3308	-3.77175
K1054C_C	57	0.86301369863	-10.4588	-9.9754	-2.1535
V82Q_A	64	0.831168831169	-10.8243	-10.7931	-1.18546
K14N_A	75	0.805194805195	-10.6683	-10.7037	-3.09999
L150Y_A	85	0.779220779221	-10.6659	-10.7042	-1.61034
Q119A_A	92	0.772727272727	-11.3081	-11.4312	-1.12031
E1079D_C	103	0.739726027397	-11.2821	-10.3466	-1.78859
I1035Y_C	113	0.698630136986	-11.1868	-10.2812	-1.97825
S3G_A	121	0.733766233766	-11.6263	-11.6049	-0.827555
D1079E_C	130	0.712328767123	-10.6522	-8.918	-3.01765
D118N_A	137	0.714285714286	-11.0182	-11.5331	-2.19219
D1059R_C	155	0.698630136986	-10.9804	-8.76252	-4.1475
W146N_A	167	0.694805194805	-11.2108	-11.4126	-2.85303
P147D_A	179	0.688311688312	-10.959	-11.4122	-4.77048
E99D_A	189	0.662337662338	-10.9383	-11.4058	-1.549
N143T_A	199	0.655844155844	-10.6874	-11.1892	-2.52843
S1075D_C	209	0.698630136986	-10.7076	-8.68557	-3.47186
D1061W_C	218	0.671232876712	-10.7253	-8.70407	-2.49327
T1043I_C	228	0.643835616438	-10.5264	-8.65082	-3.57373
C1054R_C	241	0.643835616438	-10.5265	-8.65114	-4.54098
I1025K_C	251	0.630136986301	-10.457	-8.59723	-5.20183
Q1076D_C	261	0.602739726027	-10.5905	-8.76628	-2.263
D1085M_C	273	0.58904109589	-10.4237	-8.48776	-2.91805
W53M_A	281	0.597402597403	-10.4772	-11.0874	-3.84289
V57I_A	288	0.584415584416	-10.5832	-11.1282	-4.18104
L100P_A	294	0.571428571429	-10.6461	-11.1953	-1.67361
F4D_A	300	0.564935064935	-10.7673	-11.0842	-1.03928
C136F_A	317	0.558441558442	-10.5901	-11.0613	-2.11744
S126A_A	322	0.558441558442	-10.5882	-11.0612	-1.83071
E49I_A	328	0.551948051948	-10.6877	-11.0799	-0.797707
M1083L_C	337	0.506849315068	-10.8957	-8.61193	-1.8033
V75L_A	343	0.525974025974	-11.0265	-11.4012	-4.01388
P36A_A	349	0.525974025974	-11.1754	-11.4372	-1.77789
M105W_A	359	0.519480519481	-10.7842	-11.8338	-1.11745
A36V_A	374	0.512987012987	-10.7098	-11.9397	-1.38377
K30H_A	384	0.5	-10.7132	-11.8745	-0.716643
N1033Q_C	396	0.465753424658	-10.6952	-8.66468	-3.16855
C14F_A	416	0.5	-10.6828	-11.4231	-1.79389
P78M_A	427	0.487012987013	-10.709	-11.149	-1.21844
T48I_A	441	0.480519480519	-10.7961	-11.2319	-2.38336
D1058M_C	453	0.465753424658	-10.8287	-8.60349	-3.22008
K1081W_C	458	0.465753424658	-10.8432	-8.64157	-3.6205
V76T_A	465	0.461038961039	-10.8845	-11.3924	-2.10679
L1026I_C	472	0.438356164384	-10.7953	-8.9318	-3.32692
Q1056F_C	482	0.41095890411	-10.8025	-7.9528	-1.7731
C1061G_C	504	0.397260273973	-10.8518	-7.9667	-3.21847
I1037K_C	512	0.397260273973	-10.9106	-7.95381	-2.07651
A54N_A	525	0.441558441558	-10.906	-11.2491	-0.768302
E35S_A	539	0.448051948052	-11.9389	-11.671	-1.0715
D138G_A	548	0.441558441558	-11.687	-11.6846	-1.8756
F150M_A	562	0.441558441558	-11.2735	-11.3704	-1.04289
H1079G_C	569	0.41095890411	-10.8912	-8.92035	-3.09762
Q130D_A	585	0.435064935065	-11.2589	-11.0208	-2.72541
P1044N_C	592	0.383561643836	-11.4992	-8.26604	-0.990904
F1023D_C	606	0.383561643836	-11.4943	-8.55753	-1.35255
R45C_A	620	0.428571428571	-11.1609	-10.7806	-2.85226
I1043F_C	630	0.383561643836	-11.155	-8.76478	-1.13079
F18Y_A	637	0.428571428571	-11.3411	-11.1228	-1.31478
N117I_A	642	0.422077922078	-11.1087	-10.93	-2.69159
T1062C_C	652	0.383561643836	-11.1098	-8.83775	-2.63604
L1041P_C	660	0.369863013699	-10.5687	-8.95091	-3.11691
E1025R_C	668	0.356164383562	-10.4739	-8.97959	-3.03103
T1063M_C	675	0.356164383562	-10.5243	-8.99781	-4.6347
P131M_A	680	0.415584415584	-10.6909	-10.3545	-3.97067
G138A_A	687	0.409090909091	-11.2151	-9.23908	-1.95793
Q1033S_C	694	0.356164383562	-11.2993	-10.1397	-3.49929
Q36I_A	704	0.402597402597	-11.0893	-9.02302	-2.0362
S126Q_A	711	0.402597402597	-11.0892	-9.24566	-2.00726
Q1050E_C	723	0.328767123288	-11.2652	-9.07341	-1.05452
G1079Y_C	735	0.328767123288	-11.1605	-9.27325	-1.6601
I143A_A	744	0.38961038961	-11.1439	-9.61689	-1.60351
R135S_A	762	0.383116883117	-11.1237	-9.52633	-3.1699
R1054Y_C	783	0.328767123288	-11.1282	-8.89809	-0.518089
A124D_A	794	0.357142857143	-11.1123	-9.70513	-2.16549
Q19M_A	807	0.350649350649	-11.0531	-9.47819	-3.21764
T50F_A	816	0.344155844156	-10.7419	-9.47851	-2.7118
Q30Y_A	829	0.344155844156	-10.7504	-9.48519	-2.13095
C45M_A	842	0.337662337662	-10.9236	-9.38435	-2.52563
F81H_A	852	0.331168831169	-11.0038	-9.38544	-4.50531
F1034E_C	868	0.301369863014	-10.9444	-8.69766	-1.41244
Q126V_A	877	0.318181818182	-10.9544	-9.3613	-3.76516
S121V_A	886	0.318181818182	-11.2247	-9.35488	-3.7103
K1059N_C	898	0.287671232877	-11.3625	-8.73599	-0.359782
Q115H_A	905	0.305194805195	-11.3656	-9.08663	-3.90406
F22M_A	912	0.298701298701	-11.7753	-10.3574	-0.994472
G15K_A	920	0.305194805195	-11.8667	-10.5727	-2.59636
I76V_A	930	0.305194805195	-10.8727	-10.5781	-2.98401
N52H_A	935	0.298701298701	-10.6934	-10.3035	-2.65778
F1066Y_C	946	0.260273972603	-10.6341	-6.3812	-1.70672
A126I_A	952	0.292207792208	-10.6328	-10.2157	-3.0285
S1033T_C	961	0.246575342466	-10.4994	-6.63631	-2.30811
R95Q_A	976	0.279220779221	-10.49	-10.1775	-0.962388
K1055W_C	993	0.246575342466	-10.4437	-6.88659	-1.88123
