name	count	identity	interface_identity	non_interface_identity	evolved_interaction	ancestral_interaction	stability
S122M_A	1	0.993506493506	1.0	0.992592592593	-10.4795	-10.5036	-26.5926
K76M_A	9	0.974025974026	1.0	0.97037037037	-10.5187	-10.6842	-24.5254
A54Q_A	15	0.954545454545	1.0	0.948148148148	-10.5904	-10.6785	-19.7442
A129W_A	24	0.922077922078	1.0	0.911111111111	-10.7939	-9.92707	-17.1967
P65W_A	29	0.88961038961	1.0	0.874074074074	-10.6968	-9.85058	-5.94837
W65Y_A	35	0.87012987013	0.947368421053	0.859259259259	-11.0199	-10.1935	-3.13373
N66L_A	43	0.844155844156	0.894736842105	0.837037037037	-10.9959	-10.2198	-1.04862
P59K_A	50	0.818181818182	0.894736842105	0.807407407407	-12.1852	-10.3792	-1.29651
K1040M_C	60	0.890410958904	0.869565217391	0.9	-11.5323	-11.0868	-5.33939
G115C_A	66	0.798701298701	0.947368421053	0.777777777778	-11.8529	-10.213	-2.63259
Y144G_A	72	0.779220779221	0.947368421053	0.755555555556	-11.8847	-11.1961	-4.15184
S1033Y_C	84	0.849315068493	0.818181818182	0.862745098039	-11.4635	-10.6156	-3.05612
W129E_A	92	0.75974025974	0.947368421053	0.733333333333	-11.8464	-11.516	-0.706458
Q1025L_C	112	0.821917808219	0.818181818182	0.823529411765	-11.895	-11.1382	-6.31028
A18S_A	124	0.74025974026	0.894736842105	0.718518518519	-11.1098	-10.0856	-2.59331
E131Q_A	129	0.714285714286	0.894736842105	0.688888888889	-10.6417	-10.0136	-1.18877
E99H_A	145	0.694805194805	0.894736842105	0.666666666667	-10.5448	-10.0717	-1.39452
Y58F_A	157	0.675324675325	0.894736842105	0.644444444444	-10.5389	-10.0556	-1.48729
C5P_A	169	0.662337662338	0.894736842105	0.62962962963	-10.5432	-9.97653	-3.3212
G50E_A	179	0.642857142857	0.894736842105	0.607407407407	-10.5935	-10.1794	-1.87956
Y155R_A	189	0.636363636364	0.894736842105	0.6	-10.5681	-10.1097	-2.11507
V116M_A	203	0.623376623377	0.894736842105	0.585185185185	-10.5416	-10.1169	-4.20719
K31T_A	212	0.616883116883	0.894736842105	0.577777777778	-10.5418	-10.1505	-1.32003
K40Q_A	226	0.603896103896	0.894736842105	0.562962962963	-10.7251	-9.93953	-1.97821
A1091C_C	232	0.657534246575	0.681818181818	0.647058823529	-10.698	-10.8272	-4.18523
L1048D_C	242	0.616438356164	0.681818181818	0.588235294118	-10.6947	-10.8228	-2.47059
K59Q_A	258	0.584415584416	0.842105263158	0.548148148148	-11.7792	-11.3003	-2.14506
K14G_A	265	0.564935064935	0.789473684211	0.533333333333	-11.5521	-10.9097	-3.64995
R155L_A	270	0.558441558442	0.789473684211	0.525925925926	-11.5708	-10.8915	-3.29757
L1066T_C	279	0.58904109589	0.666666666667	0.551020408163	-11.4954	-10.8702	-1.8938
Y87N_A	288	0.525974025974	0.736842105263	0.496296296296	-11.4983	-11.0469	-1.03711
S1032I_C	302	0.561643835616	0.583333333333	0.551020408163	-11.783	-11.0816	-2.00419
P78H_A	309	0.506493506494	0.75	0.478260869565	-11.7832	-11.0677	-3.1982
Y65G_A	316	0.506493506494	0.6875	0.485507246377	-11.4965	-10.7264	-1.2959
Q10K_A	323	0.5	0.6875	0.478260869565	-11.4777	-10.6979	-2.69448
N1086Q_C	336	0.534246575342	0.541666666667	0.530612244898	-11.4895	-11.3322	-1.66881
E1094S_C	348	0.520547945205	0.541666666667	0.510204081633	-11.4228	-11.3635	-4.88841
K153V_A	354	0.487012987013	0.6875	0.463768115942	-11.2945	-10.5435	-1.70548
G1053C_C	362	0.506849315068	0.541666666667	0.489795918367	-11.3348	-11.1884	-1.69339
H78L_A	370	0.467532467532	0.6875	0.442028985507	-11.5681	-10.667	-1.42596
L114Y_A	375	0.448051948052	0.625	0.427536231884	-11.5864	-10.6056	-1.69913
R1064I_C	382	0.479452054795	0.541666666667	0.448979591837	-11.4996	-10.8412	-2.17625
G87R_A	387	0.422077922078	0.5625	0.405797101449	-11.7039	-11.1412	-5.47831
A1044P_C	393	0.493150684932	0.541666666667	0.469387755102	-11.7025	-10.8416	-3.3563
R63Y_A	401	0.415584415584	0.5625	0.398550724638	-11.7068	-11.1252	-3.77209
H61F_A	408	0.409090909091	0.5	0.398550724638	-11.6972	-11.046	-3.80934
D29W_A	413	0.402597402597	0.5	0.391304347826	-11.6447	-11.0226	-3.87763
I1032L_C	425	0.479452054795	0.541666666667	0.448979591837	-10.8684	-10.8636	-3.56861
H1038A_C	434	0.465753424658	0.541666666667	0.428571428571	-10.8638	-10.8734	-2.35354
Y1080F_C	440	0.465753424658	0.521739130435	0.44	-10.8488	-10.8734	-2.56807
Y114F_A	450	0.376623376623	0.5	0.36231884058	-10.9535	-11.0166	-0.517655
G1062L_C	459	0.438356164384	0.541666666667	0.387755102041	-10.8755	-10.8188	-0.832917
M1040A_C	470	0.424657534247	0.541666666667	0.367346938776	-11.1216	-11.076	-2.23547
A1040T_C	491	0.41095890411	0.541666666667	0.34693877551	-11.2597	-10.2186	-1.07585
Y1061L_C	507	0.397260273973	0.541666666667	0.326530612245	-10.8331	-10.2921	-1.97217
A1038M_C	514	0.383561643836	0.541666666667	0.30612244898	-10.634	-9.45327	-2.10729
E79F_A	519	0.344155844156	0.5	0.326086956522	-10.6437	-10.6413	-2.44697
A1094R_C	532	0.383561643836	0.541666666667	0.30612244898	-10.7592	-9.44595	-1.89582
T1040L_C	545	0.383561643836	0.521739130435	0.32	-12.4255	-9.45902	-3.03393
L1082V_C	557	0.383561643836	0.521739130435	0.32	-12.1473	-9.3032	-1.53949
H99Y_A	565	0.331168831169	0.5	0.308823529412	-12.7841	-11.7694	-3.01591
F51N_A	570	0.324675324675	0.5	0.301470588235	-12.8667	-11.7936	-0.721052
F101V_A	578	0.324675324675	0.444444444444	0.308823529412	-12.9317	-11.7917	-3.39044
L1073Y_C	584	0.383561643836	0.545454545455	0.313725490196	-12.94	-9.96607	-1.78572
D31R_A	594	0.311688311688	0.388888888889	0.301470588235	-13.3547	-10.9711	-1.6653
Y1070T_C	602	0.397260273973	0.545454545455	0.333333333333	-12.5195	-9.92086	-3.53768
A19C_A	610	0.311688311688	0.411764705882	0.299270072993	-12.1099	-10.9213	-3.71086
M140N_A	621	0.318181818182	0.411764705882	0.306569343066	-12.6866	-11.1901	-1.98887
S37N_A	630	0.318181818182	0.411764705882	0.306569343066	-12.1255	-10.5158	-3.10938
Q1095L_C	635	0.397260273973	0.545454545455	0.333333333333	-13.0193	-9.83886	-1.60559
C89V_A	643	0.311688311688	0.411764705882	0.299270072993	-11.7233	-10.9357	-1.54285
I53H_A	655	0.311688311688	0.411764705882	0.299270072993	-12.3834	-10.8776	-2.35695
P125S_A	661	0.298701298701	0.411764705882	0.284671532847	-12.1107	-10.8824	-1.22689
T1043F_C	667	0.369863013699	0.521739130435	0.3	-11.9795	-9.27625	-4.09849
C1082D_C	673	0.369863013699	0.545454545455	0.294117647059	-11.4486	-9.88239	-3.39945
D121V_A	686	0.285714285714	0.352941176471	0.277372262774	-11.4425	-8.96956	-5.13848
D64F_A	694	0.292207792208	0.352941176471	0.284671532847	-11.482	-9.00401	-8.64011
W8T_A	700	0.285714285714	0.3125	0.282608695652	-11.5776	-8.97725	-7.17178
L150F_A	706	0.279220779221	0.3125	0.275362318841	-11.5901	-9.70454	-7.08752
M22Y_A	715	0.279220779221	0.3125	0.275362318841	-12.635	-11.2311	-3.32515
N104F_A	727	0.272727272727	0.3125	0.268115942029	-12.8762	-10.9359	-2.04813
Q1076I_C	740	0.342465753425	0.5	0.274509803922	-12.9415	-10.0709	-1.36876
W33L_A	750	0.272727272727	0.3125	0.268115942029	-12.9036	-10.2257	-2.46884
Y99I_A	759	0.272727272727	0.3125	0.268115942029	-12.8935	-10.1436	-1.55944
Q1043Y_C	774	0.328767123288	0.454545454545	0.274509803922	-10.6942	-2.76462	-2.28314
T93I_A	787	0.272727272727	0.3125	0.268115942029	-10.9413	-10.7289	-3.04792
V12W_A	794	0.266233766234	0.3125	0.260869565217	-10.8867	-10.478	-5.33605
R55L_A	801	0.25974025974	0.388888888889	0.242647058824	-10.8843	-10.6968	-6.16211
V1078Q_C	861	0.301369863014	0.409090909091	0.254901960784	-10.8587	-2.83567	-2.12468
F143K_A	871	0.246753246753	0.388888888889	0.227941176471	-10.8508	-10.8592	-1.59379
F150Q_A	883	0.246753246753	0.388888888889	0.227941176471	-10.4221	-10.8362	-1.57449
P1095H_C	891	0.301369863014	0.409090909091	0.254901960784	-10.6337	-2.54851	-4.46761
Q1078I_C	902	0.287671232877	0.409090909091	0.235294117647	-10.4845	-6.76664	-1.06534
I35P_A	912	0.24025974026	0.352941176471	0.226277372263	-10.4748	-10.8572	-5.09661
Q145W_A	920	0.233766233766	0.352941176471	0.21897810219	-10.3609	-10.8507	-2.54134
F65W_A	927	0.233766233766	0.352941176471	0.21897810219	-10.3652	-10.7751	-2.57497
T91D_A	938	0.233766233766	0.352941176471	0.21897810219	-10.5525	-11.0085	-1.7878
W146M_A	957	0.233766233766	0.352941176471	0.21897810219	-11.6895	-11.3713	-1.42925
S1061Q_C	971	0.301369863014	0.454545454545	0.235294117647	-11.6091	-6.94212	-2.44152
R1040Y_C	983	0.287671232877	0.409090909091	0.235294117647	-10.6543	-2.31354	-1.51952
D121H_A	1000	0.220779220779	0.388888888889	0.198529411765	-10.6404	-10.9973	-5.71477
