name	count	identity	interface_identity	non_interface_identity	evolved_interaction	ancestral_interaction	stability
R1055H_C	1	0.986301369863	1.0	0.980392156863	-10.4941	-10.3775	-7.08011
L109P_A	6	0.974025974026	0.894736842105	0.985185185185	-10.9285	-10.8802	-17.6644
R1071S_C	12	0.931506849315	0.954545454545	0.921568627451	-11.0922	-10.8439	-4.92437
T1042E_C	20	0.917808219178	0.954545454545	0.901960784314	-11.2155	-10.8087	-5.05867
G55E_A	27	0.909090909091	0.809523809524	0.924812030075	-11.2068	-11.059	-11.8492
D1061T_C	35	0.890410958904	0.954545454545	0.862745098039	-10.3768	-10.6976	-3.70217
S1029R_C	42	0.849315068493	0.909090909091	0.823529411765	-11.6215	-12.0763	-0.651384
P65W_A	53	0.87012987013	0.857142857143	0.872180451128	-12.0246	-10.5879	-8.16581
S1032F_C	63	0.835616438356	0.863636363636	0.823529411765	-11.6155	-11.1546	-1.86968
I92A_A	71	0.844155844156	0.761904761905	0.857142857143	-11.5655	-9.15859	-0.622183
S70H_A	81	0.818181818182	0.714285714286	0.834586466165	-12.112	-9.21186	-1.4161
N66A_A	87	0.798701298701	0.714285714286	0.812030075188	-11.6043	-9.9318	-3.06074
A133C_A	92	0.772727272727	0.714285714286	0.781954887218	-11.6469	-9.75906	-1.48939
R8Y_A	103	0.746753246753	0.714285714286	0.751879699248	-11.4322	-9.66944	-0.846888
S127T_A	119	0.733766233766	0.714285714286	0.736842105263	-11.2352	-9.66815	-0.806889
H1092Y_C	129	0.739726027397	0.772727272727	0.725490196078	-10.5235	-11.298	-0.690667
F137M_A	145	0.701298701299	0.666666666667	0.706766917293	-10.6529	-9.25357	-0.306084
M1075W_C	151	0.739726027397	0.772727272727	0.725490196078	-10.5117	-11.3948	-0.814452
L138Y_A	162	0.694805194805	0.681818181818	0.69696969697	-10.7832	-8.34113	0.056268
H70Y_A	173	0.688311688312	0.681818181818	0.689393939394	-10.9577	-8.32618	-0.611121
R151T_A	181	0.668831168831	0.681818181818	0.666666666667	-11.0353	-8.38999	-2.3194
V118Q_A	191	0.649350649351	0.636363636364	0.651515151515	-11.0671	-8.6671	-0.825538
A32I_A	203	0.623376623377	0.636363636364	0.621212121212	-11.0763	-8.6632	-1.09819
M93L_A	212	0.603896103896	0.636363636364	0.598484848485	-11.9744	-9.51447	-1.41694
R139Y_A	225	0.571428571429	0.636363636364	0.560606060606	-11.6375	-9.73828	-3.1655
T61H_A	233	0.558441558442	0.636363636364	0.545454545455	-11.6886	-9.73736	-2.84858
T127E_A	240	0.545454545455	0.619047619048	0.533834586466	-11.2383	-9.86933	-2.19108
Q1073V_C	248	0.643835616438	0.681818181818	0.627450980392	-11.0367	-10.1272	-1.30606
K1040G_C	253	0.630136986301	0.681818181818	0.607843137255	-10.8843	-10.1399	-0.928642
A23G_A	263	0.532467532468	0.619047619048	0.518796992481	-12.1825	-10.9838	-4.00097
E1079F_C	270	0.616438356164	0.681818181818	0.588235294118	-11.8422	-10.3413	-1.40457
T151E_A	281	0.525974025974	0.666666666667	0.503759398496	-11.8424	-10.6669	-0.443795
F138V_A	295	0.525974025974	0.666666666667	0.503759398496	-10.8332	-11.6013	-4.08126
V99N_A	302	0.519480519481	0.684210526316	0.496296296296	-10.8744	-11.8489	-2.40368
N140D_A	312	0.506493506494	0.684210526316	0.481481481481	-11.0056	-11.3585	-3.46916
W1074N_C	324	0.561643835616	0.636363636364	0.529411764706	-11.0091	-10.0656	-1.14315
I15C_A	339	0.487012987013	0.684210526316	0.459259259259	-10.948	-11.3294	-2.03247
G33V_A	354	0.480519480519	0.684210526316	0.451851851852	-11.1433	-11.2889	-1.86698
V99F_A	367	0.480519480519	0.684210526316	0.451851851852	-11.1432	-11.2267	-4.33906
A92E_A	373	0.467532467532	0.684210526316	0.437037037037	-10.7164	-10.2939	-2.10028
C126T_A	381	0.454545454545	0.684210526316	0.422222222222	-10.9416	-10.9016	-3.66851
M36F_A	388	0.441558441558	0.684210526316	0.407407407407	-10.8455	-10.925	-4.03187
E131K_A	398	0.435064935065	0.684210526316	0.4	-10.8137	-10.9543	-1.87293
V138N_A	403	0.435064935065	0.684210526316	0.4	-10.9923	-11.2249	-2.68336
R1064E_C	410	0.534246575342	0.636363636364	0.490196078431	-10.6823	-9.07425	-1.81819
W15G_A	420	0.428571428571	0.764705882353	0.386861313869	-10.5895	-11.135	-1.96238
S31V_A	434	0.422077922078	0.6875	0.391304347826	-10.5032	-10.8884	-1.66904
G1051N_C	446	0.493150684932	0.590909090909	0.450980392157	-10.505	-9.44624	-2.73113
V33P_A	457	0.422077922078	0.6875	0.391304347826	-10.5243	-10.8875	-1.45387
W11R_A	473	0.415584415584	0.6875	0.384057971014	-10.5816	-10.9025	-1.07349
A1094G_C	480	0.465753424658	0.590909090909	0.411764705882	-10.6291	-9.60424	-1.07465
N1074L_C	493	0.465753424658	0.590909090909	0.411764705882	-10.7301	-9.49839	-2.1261
V122Y_A	501	0.415584415584	0.6875	0.384057971014	-10.6313	-10.7861	-1.05162
K141W_A	507	0.409090909091	0.6875	0.376811594203	-10.6624	-10.7771	-0.976547
D1068E_C	521	0.452054794521	0.545454545455	0.411764705882	-11.2672	-10.2644	-2.15881
Y59F_A	531	0.409090909091	0.705882352941	0.372262773723	-11.2162	-10.8394	-1.67535
E97A_A	547	0.409090909091	0.705882352941	0.372262773723	-11.3387	-10.8399	-1.72612
N98Y_A	556	0.38961038961	0.647058823529	0.357664233577	-11.2136	-10.5547	-1.36126
S1025M_C	566	0.438356164384	0.545454545455	0.392156862745	-11.1983	-9.77993	-2.82715
P105T_A	574	0.376623376623	0.647058823529	0.343065693431	-11.471	-10.27	-1.82145
Q87D_A	590	0.376623376623	0.647058823529	0.343065693431	-10.6601	-10.3065	-2.19118
H1073E_C	598	0.397260273973	0.5	0.352941176471	-10.6559	-9.56013	-1.73857
M1060L_C	613	0.383561643836	0.5	0.333333333333	-10.6368	-9.53538	-2.49429
H149N_A	623	0.37012987013	0.647058823529	0.335766423358	-10.8868	-10.1164	-2.86076
H147K_A	630	0.376623376623	0.647058823529	0.343065693431	-10.9285	-10.0765	-3.93313
T1034S_C	636	0.383561643836	0.478260869565	0.34	-10.8398	-9.55438	-3.16756
Y64F_A	643	0.383116883117	0.647058823529	0.350364963504	-10.8407	-9.65019	-7.13386
E12Q_A	649	0.383116883117	0.647058823529	0.350364963504	-10.8924	-9.73638	-4.05505
D102Q_A	654	0.37012987013	0.647058823529	0.335766423358	-10.9155	-9.82725	-4.29342
Q92Y_A	666	0.37012987013	0.647058823529	0.335766423358	-10.6937	-9.737	-2.74916
F1064K_C	675	0.328767123288	0.434782608696	0.28	-10.9125	-9.42741	-1.05891
V1076M_C	683	0.328767123288	0.434782608696	0.28	-10.772	-9.44928	-2.73326
M1025T_C	690	0.328767123288	0.434782608696	0.28	-11.1021	-9.93735	-0.936746
D1054C_C	696	0.328767123288	0.434782608696	0.28	-11.8547	-10.3439	-2.52188
K74I_A	703	0.363636363636	0.647058823529	0.328467153285	-11.8304	-9.77569	-3.17194
V1050G_C	712	0.328767123288	0.434782608696	0.28	-11.8301	-10.3671	-1.11451
P123E_A	717	0.37012987013	0.647058823529	0.335766423358	-11.806	-10.0199	-4.30042
M76N_A	725	0.357142857143	0.588235294118	0.328467153285	-10.9072	-7.51713	-1.29992
K146N_A	735	0.357142857143	0.647058823529	0.321167883212	-10.8377	-7.46525	-0.895256
T1043E_C	746	0.301369863014	0.454545454545	0.235294117647	-10.8008	-10.3369	-3.79978
K1051C_C	756	0.301369863014	0.454545454545	0.235294117647	-10.8985	-10.3164	-2.46323
N30M_A	767	0.357142857143	0.647058823529	0.321167883212	-10.9708	-8.10992	-5.66151
F119H_A	775	0.344155844156	0.647058823529	0.306569343066	-10.9113	-8.11015	-1.86548
C67V_A	786	0.344155844156	0.647058823529	0.306569343066	-10.7458	-7.82229	-1.76592
W34I_A	794	0.337662337662	0.647058823529	0.299270072993	-10.9032	-8.19232	-1.64935
K131P_A	801	0.331168831169	0.647058823529	0.29197080292	-10.9495	-8.19212	-3.79821
S1034Q_C	808	0.301369863014	0.454545454545	0.235294117647	-11.8	-10.5537	-1.56121
K121T_A	815	0.318181818182	0.588235294118	0.284671532847	-13.3818	-9.67977	-1.85823
I1084M_C	821	0.301369863014	0.434782608696	0.24	-13.7149	-11.4495	-4.45131
A1091C_C	835	0.287671232877	0.391304347826	0.24	-13.7558	-11.5034	-2.69395
F1036W_C	851	0.27397260274	0.391304347826	0.22	-13.8803	-11.5075	-1.51789
G1042Q_C	862	0.27397260274	0.391304347826	0.22	-13.3503	-10.5479	-6.38381
L1086Y_C	876	0.260273972603	0.347826086957	0.22	-11.7949	-10.4603	-4.30234
W132M_A	890	0.305194805195	0.588235294118	0.270072992701	-11.6975	-9.36278	-0.911001
T1042G_C	900	0.260273972603	0.347826086957	0.22	-11.1382	-8.75636	-3.94492
H7D_A	907	0.298701298701	0.588235294118	0.262773722628	-10.6712	-8.66784	-1.10705
P1093N_C	917	0.246575342466	0.304347826087	0.22	-10.6707	-8.10888	-2.54216
T11S_A	931	0.305194805195	0.588235294118	0.270072992701	-10.6053	-8.50854	-2.28765
K145I_A	938	0.298701298701	0.588235294118	0.262773722628	-10.6054	-8.43737	-1.80876
R18F_A	949	0.298701298701	0.588235294118	0.262773722628	-10.5845	-8.01366	-1.16346
L1055I_C	963	0.246575342466	0.304347826087	0.22	-10.6627	-8.23804	-2.57202
H1025F_C	975	0.246575342466	0.304347826087	0.22	-10.8058	-10.2975	-3.21801
C51I_A	980	0.298701298701	0.588235294118	0.262773722628	-10.7033	-7.69359	-1.79067
A150E_A	993	0.298701298701	0.588235294118	0.262773722628	-10.7092	-7.64087	-1.60842
