name	count	identity	interface_identity	non_interface_identity	evolved_interaction	ancestral_interaction	stability
L1048A_C	1	0.986301369863	1.0	0.980392156863	-10.491	-10.5472	-6.23198
D37R_A	6	0.974025974026	1.0	0.97037037037	-10.5669	-10.6862	-28.166
A1053V_C	11	0.945205479452	0.909090909091	0.960784313725	-10.5592	-10.4974	-4.06198
Q111A_A	16	0.935064935065	1.0	0.925925925926	-10.5585	-10.6526	-24.6934
N124G_A	24	0.922077922078	1.0	0.911111111111	-10.3134	-10.7843	-23.6983
G34V_A	29	0.902597402597	1.0	0.888888888889	-10.6278	-10.9472	-13.6407
P132V_A	35	0.883116883117	0.9375	0.876811594203	-10.6948	-10.8827	-6.40962
V34W_A	45	0.863636363636	0.875	0.86231884058	-10.6251	-10.7458	-4.80204
A26I_A	50	0.837662337662	0.8125	0.840579710145	-10.5909	-10.4613	-6.92809
P88T_A	55	0.811688311688	0.764705882353	0.817518248175	-10.6841	-10.4339	-4.78179
R37G_A	64	0.792207792208	0.764705882353	0.795620437956	-10.6405	-10.6147	-2.26002
N66I_A	72	0.772727272727	0.764705882353	0.773722627737	-10.5538	-10.5768	-2.05455
V132Y_A	79	0.766233766234	0.764705882353	0.766423357664	-10.5472	-10.5856	-1.05201
R8I_A	89	0.753246753247	0.764705882353	0.751824817518	-10.6829	-10.457	-2.18987
G16F_A	97	0.727272727273	0.722222222222	0.727941176471	-11.0716	-8.38279	-3.94699
K1038N_C	107	0.780821917808	0.772727272727	0.78431372549	-10.883	-10.4061	-1.10722
A142F_A	113	0.688311688312	0.722222222222	0.683823529412	-11.0257	-8.06562	-2.9303
S1083N_C	121	0.753424657534	0.772727272727	0.745098039216	-11.236	-10.587	-2.55229
E1095W_C	128	0.753424657534	0.772727272727	0.745098039216	-11.2852	-10.8732	-2.48296
Y87I_A	137	0.662337662338	0.764705882353	0.649635036496	-10.8467	-8.1192	-1.57241
K39P_A	143	0.642857142857	0.705882352941	0.63503649635	-10.6121	-7.75933	-4.86409
L1045A_C	151	0.72602739726	0.727272727273	0.725490196078	-10.6374	-10.6521	-3.0376
L4K_A	159	0.623376623377	0.705882352941	0.613138686131	-10.6106	-7.83189	-5.98021
L1081W_C	166	0.684931506849	0.681818181818	0.686274509804	-10.9785	-11.04	-1.10032
I112W_A	175	0.61038961039	0.705882352941	0.598540145985	-10.991	-7.7555	-3.34456
E11H_A	197	0.597402597403	0.705882352941	0.583941605839	-11.0766	-7.84208	-2.24108
A106F_A	206	0.584415584416	0.705882352941	0.569343065693	-11.0696	-7.84043	-1.24178
E143M_A	213	0.564935064935	0.705882352941	0.547445255474	-11.3049	-8.2302	-3.71325
I1027V_C	227	0.630136986301	0.681818181818	0.607843137255	-11.3375	-11.1843	-1.18872
S1033L_C	237	0.616438356164	0.681818181818	0.588235294118	-11.9127	-11.2046	-1.09001
S138K_A	244	0.551948051948	0.705882352941	0.532846715328	-11.1756	-8.02215	-2.2601
F1037R_C	252	0.602739726027	0.681818181818	0.56862745098	-11.195	-11.2257	-1.04603
Q1056L_C	260	0.575342465753	0.681818181818	0.529411764706	-11.1756	-11.2038	-2.72538
G54M_A	272	0.525974025974	0.705882352941	0.503649635036	-11.0893	-7.26339	-1.11638
K1041P_C	284	0.534246575342	0.681818181818	0.470588235294	-11.3305	-11.4391	-4.25871
P105T_A	290	0.506493506494	0.705882352941	0.481751824818	-11.5045	-7.70799	-5.24604
N70V_A	295	0.493506493506	0.705882352941	0.467153284672	-11.461	-7.73732	-1.56277
H20K_A	306	0.487012987013	0.647058823529	0.467153284672	-10.512	-6.99023	-6.14334
V1032F_C	312	0.493150684932	0.636363636364	0.43137254902	-10.6479	-11.2263	-1.13266
K141T_A	330	0.480519480519	0.647058823529	0.459854014599	-10.687	-7.12187	-1.23312
Y42R_A	339	0.480519480519	0.611111111111	0.463235294118	-11.4424	-7.58942	-2.30248
Q32E_A	345	0.474025974026	0.611111111111	0.455882352941	-11.3347	-7.56833	-3.57832
I37V_A	354	0.461038961039	0.611111111111	0.441176470588	-11.2217	-7.72081	-1.78558
N34A_A	362	0.461038961039	0.647058823529	0.43795620438	-10.6984	-7.65075	-1.00273
D83S_A	369	0.461038961039	0.647058823529	0.43795620438	-10.6686	-7.66595	-1.09604
L122V_A	386	0.454545454545	0.647058823529	0.430656934307	-10.6567	-7.66595	-0.878668
N1025I_C	395	0.438356164384	0.681818181818	0.333333333333	-10.5972	-11.0172	-1.65444
W1071P_C	405	0.438356164384	0.681818181818	0.333333333333	-10.6241	-11.0312	-5.00213
A1051W_C	412	0.41095890411	0.681818181818	0.294117647059	-10.6839	-10.9953	-5.38511
Q1083S_C	423	0.41095890411	0.681818181818	0.294117647059	-10.5223	-10.8752	-3.6261
D1093F_C	434	0.41095890411	0.681818181818	0.294117647059	-10.5775	-11.0222	-1.56429
G51F_A	441	0.428571428571	0.6875	0.398550724638	-10.5777	-7.34205	-4.25828
M136E_A	451	0.415584415584	0.6875	0.384057971014	-10.6481	-7.40713	-1.30381
M102D_A	464	0.422077922078	0.6875	0.391304347826	-10.6408	-7.42599	-1.93733
R1037W_C	473	0.424657534247	0.681818181818	0.313725490196	-10.622	-10.8411	-2.27478
A79F_A	485	0.402597402597	0.6875	0.369565217391	-10.5255	-7.41642	-1.66574
P39C_A	498	0.402597402597	0.6875	0.369565217391	-10.5258	-7.40642	-1.91469
F119M_A	516	0.396103896104	0.6875	0.36231884058	-10.4994	-7.40253	-0.854845
M154C_A	537	0.396103896104	0.6875	0.36231884058	-10.8842	-7.76393	-1.46573
I24Q_A	544	0.396103896104	0.625	0.369565217391	-11.4195	-7.58859	-3.81382
Y1059I_C	550	0.424657534247	0.681818181818	0.313725490196	-11.7779	-11.1931	-1.68922
E136F_A	558	0.396103896104	0.625	0.369565217391	-11.6886	-7.56069	-6.6393
T141H_A	564	0.37012987013	0.5625	0.347826086957	-10.808	-6.87976	-2.36755
I35P_A	573	0.37012987013	0.5625	0.347826086957	-10.814	-6.9644	-1.09596
I146A_A	587	0.363636363636	0.5625	0.340579710145	-10.8072	-6.95234	-1.23874
C1059R_C	598	0.397260273973	0.636363636364	0.294117647059	-11.1106	-11.3135	-6.82519
Q1077I_C	604	0.383561643836	0.636363636364	0.274509803922	-11.1173	-11.1965	-6.0997
L150G_A	609	0.350649350649	0.5625	0.326086956522	-10.7608	-6.60095	-3.61964
I60V_A	614	0.337662337662	0.5625	0.311594202899	-10.7179	-6.59941	-4.26243
W140T_A	619	0.337662337662	0.5625	0.311594202899	-10.7919	-6.59941	-4.03826
K70D_A	625	0.337662337662	0.5625	0.311594202899	-10.7552	-6.58105	-5.67229
H141E_A	634	0.337662337662	0.5625	0.311594202899	-10.7554	-6.5872	-1.73717
I92M_A	642	0.324675324675	0.5	0.304347826087	-10.662	-6.67927	-1.95195
H67M_A	648	0.318181818182	0.5	0.297101449275	-10.6632	-6.71852	-4.63026
S102Q_A	655	0.318181818182	0.5	0.297101449275	-10.6476	-6.68759	-2.12248
M7P_A	666	0.311688311688	0.5	0.289855072464	-10.6387	-6.68145	-1.30811
N126R_A	679	0.305194805195	0.5	0.282608695652	-10.6397	-6.68568	-1.00983
F1042E_C	699	0.315068493151	0.590909090909	0.196078431373	-10.8773	-11.2393	-2.47717
Q102H_A	711	0.292207792208	0.5	0.268115942029	-10.6327	-6.6843	-2.02241
K11H_A	724	0.292207792208	0.5	0.268115942029	-10.5919	-6.63902	-0.865725
R42C_A	734	0.298701298701	0.5	0.275362318841	-11.2568	-6.72889	-1.2325
G150N_A	745	0.298701298701	0.5	0.275362318841	-11.2583	-6.72222	-1.99497
F1067Q_C	755	0.301369863014	0.545454545455	0.196078431373	-11.422	-8.07287	-0.453786
Q1047P_C	764	0.301369863014	0.545454545455	0.196078431373	-11.4344	-8.14042	-3.48119
D70C_A	773	0.305194805195	0.5	0.282608695652	-11.6798	-6.53705	-3.96219
L1056A_C	778	0.287671232877	0.545454545455	0.176470588235	-11.6731	-8.38566	-0.555701
Q57M_A	796	0.298701298701	0.5	0.275362318841	-11.0755	-5.78735	-3.19277
C1033H_C	803	0.287671232877	0.52380952381	0.192307692308	-11.0443	-8.36959	-0.351085
R63V_A	812	0.292207792208	0.5	0.268115942029	-11.1649	-5.95965	-1.40074
A135S_A	822	0.292207792208	0.5	0.268115942029	-11.2665	-5.87446	-1.49623
N55M_A	831	0.292207792208	0.5	0.268115942029	-11.2102	-6.64536	-1.31848
W1037P_C	837	0.287671232877	0.47619047619	0.211538461538	-11.2102	-8.38773	0.208091
M57E_A	845	0.285714285714	0.5	0.260869565217	-11.39	-6.2716	-1.04963
Q95E_A	859	0.285714285714	0.5	0.260869565217	-10.47	-6.30962	-1.3513
N101L_A	864	0.279220779221	0.5	0.253623188406	-10.4964	-6.30834	-4.06543
R126K_A	876	0.266233766234	0.4375	0.246376811594	-11.9147	-7.6245	-2.48336
I53N_A	882	0.25974025974	0.4375	0.239130434783	-11.7875	-8.18115	-2.40144
T1035L_C	893	0.27397260274	0.409090909091	0.21568627451	-11.8912	-7.57551	-1.43761
L131A_A	898	0.246753246753	0.4375	0.224637681159	-12.3188	-8.21429	-0.78786
S1081T_C	909	0.260273972603	0.409090909091	0.196078431373	-12.2595	-7.23616	-1.1735
I26V_A	921	0.246753246753	0.4375	0.224637681159	-12.2964	-8.35955	-1.31486
C109Y_A	941	0.246753246753	0.4375	0.224637681159	-12.3068	-8.35344	-1.68228
V42I_A	956	0.24025974026	0.411764705882	0.21897810219	-12.6717	-8.17799	-1.32644
E128V_A	967	0.24025974026	0.411764705882	0.21897810219	-12.1734	-8.18321	-1.59817
V1032D_C	972	0.246575342466	0.409090909091	0.176470588235	-12.1925	-6.73289	-0.535885
W36F_A	985	0.233766233766	0.411764705882	0.211678832117	-11.7917	-7.85814	-2.05523
Y119N_A	1000	0.233766233766	0.411764705882	0.211678832117	-12.4729	-8.72996	-3.56224
