name	count	identity	interface_identity	non_interface_identity	evolved_interaction	ancestral_interaction	stability
W103R_A	1	0.993506493506	1.0	0.992592592593	-10.4976	-10.5258	-21.4473
S89T_A	7	0.974025974026	1.0	0.97037037037	-10.3872	-10.525	-20.0735
Y68M_A	13	0.941558441558	1.0	0.933333333333	-10.3942	-10.5323	-21.1584
D19F_A	20	0.928571428571	0.947368421053	0.925925925926	-10.3879	-10.6391	-22.5021
F137T_A	27	0.902597402597	0.894736842105	0.903703703704	-10.5728	-10.5546	-23.1233
E131M_A	33	0.876623376623	0.894736842105	0.874074074074	-10.5792	-10.5452	-21.5309
R1055E_C	38	0.904109589041	1.0	0.862745098039	-10.6098	-10.2579	-2.54939
P125S_A	43	0.831168831169	0.894736842105	0.822222222222	-10.7237	-10.6325	-13.9129
V134D_A	49	0.818181818182	0.894736842105	0.807407407407	-11.643	-10.8544	-4.01049
P84M_A	55	0.805194805195	0.888888888889	0.794117647059	-10.9683	-10.8987	-4.86718
T89R_A	65	0.785714285714	0.833333333333	0.779411764706	-11.3123	-8.80427	-1.06768
G1057Q_C	72	0.808219178082	0.818181818182	0.803921568627	-11.2865	-6.75532	-3.19664
N140Y_A	80	0.753246753247	0.833333333333	0.742647058824	-10.698	-11.2343	-3.13751
E1050D_C	86	0.767123287671	0.772727272727	0.764705882353	-10.5978	-6.18267	-2.29675
I45M_A	93	0.727272727273	0.882352941176	0.70802919708	-10.4266	-9.60205	-1.74603
H126M_A	106	0.720779220779	0.882352941176	0.700729927007	-10.3892	-10.5229	-5.49236
N1032M_C	207	0.72602739726	0.681818181818	0.745098039216	-10.7507	-6.27762	-1.99203
V100W_A	212	0.707792207792	0.823529411765	0.693430656934	-10.6544	-10.4923	-4.40473
Y87M_A	220	0.694805194805	0.823529411765	0.678832116788	-10.5902	-10.4803	-3.13571
L1063C_C	229	0.671232876712	0.681818181818	0.666666666667	-10.6232	-6.24005	-2.20926
K1041V_C	239	0.643835616438	0.636363636364	0.647058823529	-10.8817	-6.54263	-1.23633
V1041E_C	251	0.643835616438	0.636363636364	0.647058823529	-10.9719	-6.60225	-1.16692
N1030I_C	265	0.616438356164	0.636363636364	0.607843137255	-10.5493	-6.40908	-1.82764
Q49W_A	279	0.642857142857	0.823529411765	0.620437956204	-10.5814	-10.1064	-1.30409
R135D_A	288	0.623376623377	0.823529411765	0.598540145985	-10.601	-10.5742	-0.947395
Q151I_A	300	0.603896103896	0.823529411765	0.576642335766	-10.5887	-10.5598	-2.4367
T85L_A	313	0.597402597403	0.823529411765	0.569343065693	-11.7268	-11.1058	-0.95579
I1027F_C	319	0.575342465753	0.636363636364	0.549019607843	-11.7036	-6.51657	-3.05024
V62L_A	325	0.577922077922	0.823529411765	0.547445255474	-11.7911	-11.106	-1.77443
K54I_A	330	0.571428571429	0.823529411765	0.540145985401	-11.8356	-11.0819	-0.729506
D156M_A	339	0.571428571429	0.823529411765	0.540145985401	-11.7088	-11.2789	-4.18081
M36A_A	345	0.564935064935	0.823529411765	0.532846715328	-11.4516	-10.3013	-3.23505
S122H_A	351	0.558441558442	0.823529411765	0.525547445255	-11.7587	-11.6461	-4.18073
R13I_A	358	0.545454545455	0.764705882353	0.518248175182	-11.7694	-8.91608	-4.46798
A133L_A	368	0.525974025974	0.722222222222	0.5	-11.0806	-8.90896	-2.72115
G6E_A	376	0.519480519481	0.722222222222	0.492647058824	-10.9271	-8.67273	-3.0345
P5C_A	383	0.512987012987	0.666666666667	0.492647058824	-11.3087	-8.73327	-2.69639
R1047Q_C	390	0.465753424658	0.521739130435	0.44	-11.3424	-6.59731	-1.35892
H1076N_C	397	0.452054794521	0.521739130435	0.42	-11.3633	-6.56506	-1.50251
E99C_A	402	0.5	0.666666666667	0.477941176471	-11.4949	-8.63408	-3.85312
E1041K_C	411	0.438356164384	0.521739130435	0.4	-11.1443	-6.3789	-1.96268
W1039E_C	421	0.452054794521	0.521739130435	0.42	-10.9065	-6.24637	-2.01541
S76A_A	434	0.487012987013	0.666666666667	0.463235294118	-10.8991	-8.52903	-1.10654
W25K_A	444	0.487012987013	0.666666666667	0.463235294118	-10.8085	-8.62688	-2.2097
T30V_A	454	0.487012987013	0.705882352941	0.459854014599	-11.4652	-8.52089	-3.27398
P1030I_C	464	0.452054794521	0.5	0.428571428571	-11.5621	-7.2687	-2.72892
R104M_A	473	0.474025974026	0.705882352941	0.445255474453	-11.5827	-8.62504	-1.74972
D1060L_C	481	0.424657534247	0.458333333333	0.408163265306	-11.0028	-6.62064	-3.49192
Q1047A_C	488	0.424657534247	0.458333333333	0.408163265306	-11.0422	-6.65446	-5.00715
F1037L_C	494	0.41095890411	0.458333333333	0.387755102041	-11.04	-6.631	-3.12197
C1070H_C	505	0.397260273973	0.416666666667	0.387755102041	-11.0448	-6.73549	-2.49104
S140E_A	512	0.454545454545	0.705882352941	0.423357664234	-11.1232	-8.66628	-3.77738
K146D_A	524	0.448051948052	0.705882352941	0.416058394161	-11.3691	-8.81162	-2.01106
A152M_A	536	0.428571428571	0.705882352941	0.394160583942	-11.3692	-8.77784	-1.16295
R34E_A	551	0.422077922078	0.647058823529	0.394160583942	-10.6284	-7.63368	-1.096
A63C_A	567	0.409090909091	0.647058823529	0.379562043796	-10.6486	-7.63368	-3.54796
Y42F_A	574	0.396103896104	0.647058823529	0.36496350365	-10.7437	-7.64278	-2.39014
A36P_A	592	0.38961038961	0.647058823529	0.357664233577	-10.7489	-7.59546	-3.09605
F21P_A	610	0.396103896104	0.705882352941	0.357664233577	-10.8415	-7.35243	-5.79055
D1038Q_C	616	0.383561643836	0.434782608696	0.36	-10.9968	-6.88836	-2.35032
M104Y_A	622	0.38961038961	0.705882352941	0.350364963504	-10.8368	-7.33214	-2.18141
A98G_A	630	0.383116883117	0.705882352941	0.343065693431	-10.9598	-7.45189	-5.76124
M60L_A	636	0.37012987013	0.705882352941	0.328467153285	-10.8176	-7.33197	-3.52304
T1042K_C	648	0.356164383562	0.434782608696	0.32	-10.7385	-6.75194	-0.503082
C119I_A	664	0.363636363636	0.684210526316	0.318518518519	-10.8443	-7.57627	-2.66767
M1071K_C	672	0.356164383562	0.434782608696	0.32	-10.8108	-7.46443	-0.173425
C126R_A	681	0.363636363636	0.684210526316	0.318518518519	-10.8118	-7.5778	-2.9867
P73R_A	697	0.350649350649	0.684210526316	0.303703703704	-10.8564	-7.67781	-2.05985
M81L_A	708	0.357142857143	0.684210526316	0.311111111111	-10.8943	-7.62723	-2.94389
F22Y_A	718	0.350649350649	0.631578947368	0.311111111111	-11.185	-7.7018	-2.44311
F19T_A	731	0.350649350649	0.631578947368	0.311111111111	-11.252	-7.59376	-1.87681
H1094D_C	740	0.356164383562	0.391304347826	0.34	-11.1859	-7.28855	-1.91826
L102I_A	748	0.350649350649	0.631578947368	0.311111111111	-11.1032	-7.0544	-1.69586
M1062N_C	757	0.356164383562	0.391304347826	0.34	-10.8717	-5.61615	-2.15046
K147Q_A	768	0.331168831169	0.631578947368	0.288888888889	-10.8442	-7.04539	-1.64765
L136R_A	778	0.311688311688	0.631578947368	0.266666666667	-10.8387	-7.1394	-1.68388
K118F_A	784	0.311688311688	0.631578947368	0.266666666667	-10.8362	-7.18418	-1.64295
K4I_A	793	0.311688311688	0.631578947368	0.266666666667	-11.0138	-7.0481	-1.24153
C46A_A	802	0.311688311688	0.631578947368	0.266666666667	-11.0098	-6.83005	-1.53931
W41Y_A	816	0.305194805195	0.631578947368	0.259259259259	-11.1002	-7.33896	-1.77336
Y31R_A	823	0.305194805195	0.578947368421	0.266666666667	-10.516	-6.936	-2.54701
F118Y_A	834	0.305194805195	0.578947368421	0.266666666667	-10.4044	-7.03558	-3.57305
T43M_A	841	0.305194805195	0.578947368421	0.266666666667	-10.5604	-7.0709	-3.59449
K27W_A	849	0.298701298701	0.5	0.272058823529	-10.3789	-6.51884	-2.15524
G39I_A	863	0.298701298701	0.5	0.272058823529	-10.4829	-6.46983	-3.1692
N128A_A	874	0.292207792208	0.5	0.264705882353	-10.461	-6.615	-2.55741
M1080F_C	880	0.287671232877	0.375	0.244897959184	-10.461	-5.60849	-0.636236
V121D_A	896	0.292207792208	0.5	0.264705882353	-10.461	-6.78554	-2.9481
N1023W_C	907	0.287671232877	0.375	0.244897959184	-10.4644	-5.61352	-2.9795
K39C_A	918	0.292207792208	0.5	0.264705882353	-10.4465	-6.78329	-2.71188
Y1047S_C	928	0.260273972603	0.375	0.204081632653	-10.4462	-5.23648	-1.11637
L1062M_C	940	0.260273972603	0.375	0.204081632653	-10.5413	-5.22982	-1.66928
N102M_A	949	0.292207792208	0.5	0.264705882353	-10.7608	-7.25405	-2.42634
R8L_A	961	0.292207792208	0.5	0.264705882353	-10.619	-7.17497	-1.26133
I30Y_A	985	0.292207792208	0.5	0.264705882353	-10.596	-6.91097	-2.22182
I1033C_C	998	0.27397260274	0.375	0.224489795918	-10.6313	-4.66654	-1.00271
