name	count	identity	interface_identity	non_interface_identity	evolved_interaction	ancestral_interaction	stability
Q39F_A	1	0.993506493506	1.0	0.992592592593	-10.4932	-10.5241	-24.5846
F1052C_C	6	0.986301369863	1.0	0.980392156863	-10.8809	-10.4118	-5.34441
R1047G_C	12	0.945205479452	1.0	0.921568627451	-10.9585	-10.4867	-1.89811
L6W_A	18	0.941558441558	0.947368421053	0.940740740741	-10.8995	-10.9654	-15.2503
P84M_A	24	0.909090909091	0.947368421053	0.903703703704	-10.8818	-10.9484	-12.6942
E1050F_C	31	0.917808219178	1.0	0.882352941176	-10.7502	-10.3225	-3.20808
A1074T_C	37	0.890410958904	1.0	0.843137254902	-10.7507	-10.3243	-3.47726
C1041H_C	42	0.890410958904	1.0	0.843137254902	-10.7453	-10.2138	-5.60412
K15G_A	56	0.824675324675	0.947368421053	0.807407407407	-10.6102	-10.9543	-1.67555
M84G_A	84	0.811688311688	0.947368421053	0.792592592593	-10.6065	-10.941	-1.53587
G1047C_C	96	0.86301369863	0.954545454545	0.823529411765	-10.5732	-10.1928	-2.52827
C1047F_C	116	0.86301369863	0.954545454545	0.823529411765	-10.582	-10.1969	-3.13699
T61H_A	130	0.753246753247	0.947368421053	0.725925925926	-10.5859	-10.9518	-1.42283
A106R_A	151	0.720779220779	0.947368421053	0.688888888889	-10.6004	-10.9284	-2.54206
G39N_A	160	0.707792207792	0.947368421053	0.674074074074	-10.5692	-10.9398	-1.28961
T108N_A	183	0.688311688312	0.947368421053	0.651851851852	-10.7955	-11.1268	-2.71987
I92L_A	195	0.668831168831	0.947368421053	0.62962962963	-10.8266	-11.1313	-3.4897
P46F_A	203	0.642857142857	0.947368421053	0.6	-10.8178	-10.7922	-1.79932
K147L_A	210	0.623376623377	0.947368421053	0.577777777778	-10.7835	-10.7551	-5.2059
S127C_A	218	0.597402597403	0.947368421053	0.548148148148	-10.7778	-10.7411	-6.99548
F1047T_C	224	0.808219178082	0.909090909091	0.764705882353	-10.6458	-10.3993	-2.20909
K110E_A	233	0.571428571429	0.894736842105	0.525925925926	-12.4991	-10.7106	-1.4512
L121Y_A	241	0.564935064935	0.894736842105	0.518518518519	-12.133	-10.9518	-2.85439
Y68F_A	248	0.558441558442	0.894736842105	0.511111111111	-12.1351	-10.9304	-2.33716
D1082E_C	255	0.739726027397	0.772727272727	0.725490196078	-11.5082	-11.1271	-2.47574
A1051N_C	260	0.712328767123	0.727272727273	0.705882352941	-10.3966	-10.1426	-4.43635
Q1056L_C	267	0.698630136986	0.727272727273	0.686274509804	-10.3668	-10.1123	-3.24922
G104L_A	274	0.532467532468	0.842105263158	0.488888888889	-10.3783	-10.9283	-3.77785
K31D_A	281	0.506493506494	0.789473684211	0.466666666667	-11.1807	-10.9962	-1.32031
L114Y_A	287	0.487012987013	0.789473684211	0.444444444444	-11.1813	-10.9715	-1.78482
K1054M_C	292	0.657534246575	0.681818181818	0.647058823529	-11.1953	-10.0913	-3.13645
L1063S_C	301	0.630136986301	0.681818181818	0.607843137255	-11.1493	-10.3875	-2.2355
E1094C_C	309	0.616438356164	0.681818181818	0.588235294118	-11.2135	-10.4526	-2.25854
R91A_A	318	0.461038961039	0.789473684211	0.414814814815	-11.2087	-10.7578	-2.30252
Y155G_A	329	0.454545454545	0.789473684211	0.407407407407	-11.0857	-10.7486	-1.02951
N52A_A	339	0.448051948052	0.789473684211	0.4	-11.0536	-10.7517	-1.72573
I1024F_C	348	0.561643835616	0.636363636364	0.529411764706	-11.1108	-10.0958	-4.17872
F137M_A	362	0.448051948052	0.789473684211	0.4	-11.3007	-10.654	-7.65459
K30Y_A	371	0.428571428571	0.714285714286	0.383458646617	-11.0663	-10.1583	-2.13971
Y30S_A	378	0.415584415584	0.714285714286	0.368421052632	-10.7539	-10.3244	-3.74815
K11E_A	384	0.422077922078	0.714285714286	0.375939849624	-10.8436	-10.335	-1.80185
E70Q_A	391	0.422077922078	0.714285714286	0.375939849624	-10.7946	-10.3158	-2.32743
E102L_A	401	0.402597402597	0.608695652174	0.36641221374	-11.0293	-9.4482	-3.5352
V91H_A	408	0.396103896104	0.608695652174	0.358778625954	-11.1035	-9.51745	-1.48373
Q9N_A	417	0.396103896104	0.608695652174	0.358778625954	-11.2064	-9.60075	-2.5338
P88G_A	426	0.396103896104	0.608695652174	0.358778625954	-11.6283	-10.0527	-1.86649
S80R_A	437	0.38961038961	0.565217391304	0.358778625954	-12.1086	-10.4922	-2.60335
C81W_A	445	0.383116883117	0.565217391304	0.351145038168	-11.8616	-10.617	-2.60691
T136Q_A	450	0.376623376623	0.521739130435	0.351145038168	-10.9456	-9.4274	-1.01405
M23G_A	462	0.383116883117	0.565217391304	0.351145038168	-11.4364	-9.82162	-5.51973
I45T_A	467	0.376623376623	0.565217391304	0.343511450382	-11.0998	-9.51077	-1.46328
N110Y_A	482	0.363636363636	0.565217391304	0.328244274809	-10.6208	-9.10388	-2.6355
W1074E_C	492	0.438356164384	0.565217391304	0.38	-10.622	-11.7531	-3.05275
F1036C_C	500	0.41095890411	0.565217391304	0.34	-10.7519	-11.6913	-2.34852
F4K_A	509	0.357142857143	0.565217391304	0.320610687023	-10.7508	-9.18911	-2.66336
F145S_A	525	0.357142857143	0.565217391304	0.320610687023	-10.7603	-9.22271	-1.0781
I1075N_C	533	0.41095890411	0.565217391304	0.34	-10.7677	-11.7339	-3.03232
M1054T_C	542	0.424657534247	0.565217391304	0.36	-10.7633	-11.7287	-2.02275
D1040N_C	552	0.41095890411	0.521739130435	0.36	-10.707	-11.6489	-1.56837
S145C_A	569	0.337662337662	0.47619047619	0.315789473684	-10.6969	-9.25547	-1.00341
G118A_A	576	0.331168831169	0.428571428571	0.315789473684	-10.7026	-8.85287	-2.50747
C1052R_C	585	0.383561643836	0.521739130435	0.32	-10.746	-10.7736	-1.25576
S156E_A	590	0.324675324675	0.380952380952	0.315789473684	-10.556	-8.48695	-4.73937
F1023G_C	603	0.383561643836	0.478260869565	0.34	-10.5154	-10.7565	-1.31894
W93Y_A	614	0.324675324675	0.380952380952	0.315789473684	-10.5154	-8.41369	-2.39082
S1033K_C	624	0.369863013699	0.478260869565	0.32	-10.7383	-10.719	-2.81065
A1051T_C	635	0.342465753425	0.478260869565	0.28	-10.7348	-10.7275	-1.88889
V113I_A	646	0.318181818182	0.380952380952	0.308270676692	-10.7885	-8.66432	-1.12665
E1094M_C	662	0.328767123288	0.478260869565	0.26	-10.8526	-10.7924	-2.96039
P125M_A	670	0.305194805195	0.380952380952	0.293233082707	-10.8574	-8.58881	-2.48319
T51M_A	680	0.298701298701	0.380952380952	0.285714285714	-10.856	-8.62882	-0.79984
E44C_A	692	0.292207792208	0.380952380952	0.278195488722	-11.1685	-8.99215	-1.7199
I133R_A	700	0.292207792208	0.409090909091	0.272727272727	-11.4331	-8.97635	-1.47863
E1082N_C	716	0.342465753425	0.521739130435	0.26	-11.1905	-10.9011	-1.87761
Q1062K_C	725	0.342465753425	0.521739130435	0.26	-11.0298	-10.8956	-2.26382
E7Y_A	739	0.272727272727	0.4	0.253731343284	-10.815	-8.54212	-2.25736
V1061R_C	749	0.328767123288	0.521739130435	0.24	-10.6598	-10.5871	-2.82322
K153Y_A	767	0.25974025974	0.368421052632	0.244444444444	-10.6417	-8.31213	-4.64463
L116S_A	775	0.25974025974	0.368421052632	0.244444444444	-10.6333	-8.35737	-1.39786
L1056F_C	790	0.342465753425	0.521739130435	0.26	-11.157	-10.5919	-1.49179
R133N_A	803	0.25974025974	0.368421052632	0.244444444444	-10.8989	-8.84972	-2.12428
W131N_A	815	0.266233766234	0.368421052632	0.251851851852	-10.899	-8.85698	-3.15613
N1075G_C	822	0.328767123288	0.521739130435	0.24	-10.8387	-9.98535	-1.79277
I1063Y_C	828	0.328767123288	0.521739130435	0.24	-11.2706	-10.1457	-1.06963
T154Y_A	834	0.25974025974	0.368421052632	0.244444444444	-11.1972	-9.0526	-5.81536
F1056Q_C	840	0.342465753425	0.478260869565	0.28	-11.196	-9.93535	-1.47641
D21A_A	849	0.25974025974	0.368421052632	0.244444444444	-11.1158	-9.31102	-3.0385
Y137V_A	854	0.25974025974	0.368421052632	0.244444444444	-11.2043	-9.32939	-2.60777
M1039I_C	860	0.342465753425	0.478260869565	0.28	-11.198	-9.86207	-3.17672
S18C_A	868	0.25974025974	0.368421052632	0.244444444444	-10.9352	-9.3668	-2.73554
