name	count	identity	interface_identity	non_interface_identity	evolved_interaction	ancestral_interaction	stability
L149E_A	1	0.993506493506	1.0	0.992592592593	-10.4716	-10.5091	-25.3314
C93W_A	6	0.961038961039	1.0	0.955555555556	-10.4968	-10.5171	-15.0183
H20K_A	12	0.941558441558	0.894736842105	0.948148148148	-11.9454	-10.8149	-8.05512
A43S_A	18	0.915584415584	0.842105263158	0.925925925926	-11.9315	-10.842	-5.07515
G115E_A	23	0.883116883117	0.842105263158	0.888888888889	-11.901	-10.8182	-1.80489
R128S_A	32	0.863636363636	0.842105263158	0.866666666667	-11.4402	-10.8295	-1.5245
I107L_A	37	0.857142857143	0.842105263158	0.859259259259	-11.5702	-10.8283	-1.68751
S136P_A	50	0.831168831169	0.736842105263	0.844444444444	-10.815	-10.0842	-1.89672
I60Q_A	58	0.818181818182	0.736842105263	0.82962962963	-10.786	-10.1054	-1.59916
D1080L_C	67	0.835616438356	0.863636363636	0.823529411765	-10.5995	-10.4631	-0.945095
Q1095Y_C	76	0.821917808219	0.818181818182	0.823529411765	-10.7751	-10.4722	-1.19992
E89N_A	90	0.792207792208	0.75	0.797101449275	-11.0543	-10.173	-2.08406
S35C_A	96	0.766233766234	0.75	0.768115942029	-11.2779	-10.3906	-7.56588
S1062R_C	101	0.780821917808	0.772727272727	0.78431372549	-11.2752	-10.7218	-2.92317
W41E_A	107	0.733766233766	0.75	0.731884057971	-11.0474	-10.1484	-2.3361
T91R_A	132	0.720779220779	0.705882352941	0.722627737226	-11.0117	-9.97733	-1.86549
Y1095T_C	152	0.739726027397	0.727272727273	0.745098039216	-10.9305	-10.5283	-2.07561
A59Y_A	159	0.688311688312	0.684210526316	0.688888888889	-10.8845	-10.5999	-1.77709
V36M_A	171	0.688311688312	0.631578947368	0.696296296296	-10.8223	-10.3238	-2.30132
V148T_A	176	0.662337662338	0.631578947368	0.666666666667	-10.8319	-10.3185	-1.56312
E1057A_C	187	0.712328767123	0.681818181818	0.725490196078	-10.817	-10.4415	-3.01095
R104E_A	194	0.62987012987	0.631578947368	0.62962962963	-10.558	-10.3456	-1.44775
R1047L_C	206	0.684931506849	0.681818181818	0.686274509804	-10.7442	-10.4686	-2.07469
T61I_A	218	0.616883116883	0.578947368421	0.622222222222	-11.3028	-10.8543	-2.29367
R1043D_C	224	0.671232876712	0.681818181818	0.666666666667	-11.3586	-10.5122	-1.98788
M1060I_C	230	0.657534246575	0.681818181818	0.647058823529	-11.4753	-10.492	-2.62433
S70C_A	237	0.590909090909	0.578947368421	0.592592592593	-11.4174	-10.8599	-1.2779
N91E_A	252	0.584415584416	0.578947368421	0.585185185185	-11.2052	-10.6193	-2.09542
S43Q_A	262	0.577922077922	0.578947368421	0.577777777778	-11.4752	-9.93471	-3.86156
D1046V_C	280	0.630136986301	0.636363636364	0.627450980392	-11.5041	-10.5732	-1.13285
E145I_A	290	0.564935064935	0.526315789474	0.57037037037	-13.2903	-12.0241	-2.30809
L98F_A	299	0.558441558442	0.526315789474	0.562962962963	-11.7104	-12.019	-3.20069
K1054Y_C	304	0.602739726027	0.608695652174	0.6	-11.6978	-9.0681	-2.51962
K102W_A	311	0.545454545455	0.526315789474	0.548148148148	-11.7125	-11.8142	-3.463
W1058A_C	322	0.602739726027	0.608695652174	0.6	-11.7579	-9.03361	-1.94924
G31D_A	331	0.532467532468	0.5	0.536764705882	-11.6344	-11.7406	-1.20958
M1052F_C	344	0.602739726027	0.565217391304	0.62	-11.7002	-9.72177	-2.50957
N1025Q_C	354	0.561643835616	0.565217391304	0.56	-11.795	-9.88857	-4.42041
Q117M_A	369	0.512987012987	0.5	0.514705882353	-11.7257	-11.6929	-2.02487
I1039M_C	377	0.547945205479	0.565217391304	0.54	-11.828	-9.90177	-1.68931
L154R_A	389	0.5	0.5	0.5	-12.6443	-11.9071	-1.51916
S67P_A	399	0.493506493506	0.5	0.492647058824	-12.3443	-11.4365	-3.43781
A1058Q_C	404	0.547945205479	0.608695652174	0.52	-12.6493	-9.80004	-1.72766
E12Y_A	409	0.480519480519	0.5	0.477941176471	-13.0384	-11.7399	-3.81008
L9Q_A	418	0.474025974026	0.5	0.470588235294	-13.2534	-12.5201	-1.21634
N156C_A	427	0.461038961039	0.5	0.455882352941	-13.6394	-13.0894	-5.61347
L114Y_A	432	0.454545454545	0.470588235294	0.452554744526	-11.4243	-13.0958	-4.38121
D1075W_C	440	0.520547945205	0.608695652174	0.48	-11.352	-7.61024	-3.18707
P1044W_C	450	0.506849315068	0.608695652174	0.46	-11.227	-7.60117	-1.9972
A32K_A	459	0.428571428571	0.470588235294	0.423357664234	-11.3349	-12.8773	-3.76026
Q1025V_C	472	0.493150684932	0.608695652174	0.44	-11.0957	-7.88207	-2.87834
Y12Q_A	481	0.402597402597	0.470588235294	0.394160583942	-11.2693	-12.9746	-1.18697
Q12N_A	488	0.409090909091	0.470588235294	0.401459854015	-11.2665	-12.8976	-3.0987
Y1067M_C	503	0.452054794521	0.521739130435	0.42	-11.1321	-7.1839	-2.55476
A54C_A	518	0.376623376623	0.470588235294	0.36496350365	-10.6227	-12.506	-0.776582
K1085L_C	528	0.424657534247	0.521739130435	0.38	-10.8108	-7.16883	-2.61448
V1028I_C	536	0.383561643836	0.478260869565	0.34	-10.8321	-7.2476	-4.076
V1034F_C	545	0.383561643836	0.478260869565	0.34	-10.8328	-7.14798	-5.04952
L19N_A	552	0.38961038961	0.470588235294	0.379562043796	-10.851	-13.3638	-1.21857
L107H_A	563	0.376623376623	0.470588235294	0.36496350365	-10.7079	-13.298	-0.535502
C1062Y_C	573	0.383561643836	0.478260869565	0.34	-10.7407	-6.71801	-5.66785
K1051H_C	582	0.383561643836	0.478260869565	0.34	-10.6841	-6.71801	-4.70533
F91I_A	589	0.376623376623	0.470588235294	0.36496350365	-10.6834	-13.2681	-0.737927
M1049I_C	595	0.369863013699	0.478260869565	0.32	-10.8773	-6.60985	-3.45236
A152V_A	602	0.37012987013	0.470588235294	0.357664233577	-10.8524	-13.5742	-1.76694
T1092I_C	609	0.356164383562	0.478260869565	0.3	-11.532	-7.65048	-4.36046
E1059P_C	618	0.328767123288	0.434782608696	0.28	-11.7108	-8.22312	-3.29877
T93L_A	628	0.363636363636	0.470588235294	0.350364963504	-11.0858	-13.5099	-2.08035
G52R_A	636	0.37012987013	0.470588235294	0.357664233577	-11.0233	-13.4651	-3.28304
F150I_A	642	0.37012987013	0.470588235294	0.357664233577	-11.4701	-13.0794	-2.42563
P46T_A	650	0.363636363636	0.470588235294	0.350364963504	-10.8987	-13.1957	-0.882001
K141Y_A	657	0.357142857143	0.470588235294	0.343065693431	-10.677	-13.1512	-0.744432
R33H_A	672	0.350649350649	0.470588235294	0.335766423358	-10.6461	-13.4003	-1.39214
W79R_A	682	0.350649350649	0.470588235294	0.335766423358	-10.5972	-13.3965	-1.24981
F4R_A	694	0.357142857143	0.470588235294	0.343065693431	-10.3976	-13.1091	-3.18344
R143D_A	701	0.350649350649	0.470588235294	0.335766423358	-10.5399	-13.2732	-2.3732
A48W_A	712	0.344155844156	0.470588235294	0.328467153285	-11.0926	-13.7138	-1.23855
E1077D_C	725	0.315068493151	0.434782608696	0.26	-11.1128	-6.84027	-1.93141
T151E_A	736	0.311688311688	0.470588235294	0.29197080292	-11.1303	-13.7748	-0.484903
V1043L_C	749	0.315068493151	0.434782608696	0.26	-11.1314	-6.84023	-1.56875
D1077N_C	758	0.315068493151	0.434782608696	0.26	-11.0753	-6.73032	-1.18856
S12K_A	764	0.311688311688	0.470588235294	0.29197080292	-11.1066	-13.7303	-2.62255
C87F_A	770	0.311688311688	0.470588235294	0.29197080292	-11.0955	-13.8107	-7.28243
M154L_A	776	0.311688311688	0.470588235294	0.29197080292	-11.1111	-14.0793	-5.22504
K12I_A	781	0.305194805195	0.5	0.282608695652	-11.6288	-13.9272	-5.90989
I145V_A	792	0.298701298701	0.5	0.275362318841	-11.5238	-13.9243	-0.752397
Y11Q_A	797	0.298701298701	0.5	0.275362318841	-11.2348	-13.604	-1.26386
M1094R_C	809	0.301369863014	0.391304347826	0.26	-10.6385	-6.54121	-1.59484
Q147R_A	820	0.285714285714	0.4375	0.268115942029	-10.6276	-12.8765	-2.57561
M79P_A	829	0.285714285714	0.4375	0.268115942029	-10.6484	-12.8903	-1.70029
N129E_A	838	0.285714285714	0.4375	0.268115942029	-10.7879	-12.7605	-5.118
R1073G_C	846	0.301369863014	0.391304347826	0.26	-10.735	-6.63127	-3.32645
E41I_A	855	0.279220779221	0.4375	0.260869565217	-10.8773	-13.2556	-0.81545
Q9T_A	865	0.279220779221	0.4375	0.260869565217	-10.7634	-13.193	-0.611813
S48W_A	874	0.279220779221	0.4375	0.260869565217	-10.8347	-13.2172	-0.927741
R101W_A	889	0.272727272727	0.4375	0.253623188406	-10.9203	-13.8212	-1.19157
C63R_A	899	0.272727272727	0.4375	0.253623188406	-10.8941	-13.8108	-2.64375
W101E_A	908	0.266233766234	0.4375	0.246376811594	-10.8971	-13.7569	-2.44044
F149R_A	916	0.25974025974	0.375	0.246376811594	-10.8847	-13.8111	-3.418
Q1036H_C	927	0.287671232877	0.391304347826	0.24	-10.8988	-6.7092	-0.928422
R1040D_C	940	0.287671232877	0.391304347826	0.24	-10.864	-6.77127	-1.73859
H1036I_C	950	0.287671232877	0.391304347826	0.24	-10.8287	-6.80908	-2.03438
F1057R_C	966	0.287671232877	0.391304347826	0.24	-10.5125	-6.81309	-3.23538
K1075M_C	975	0.287671232877	0.391304347826	0.24	-10.4101	-6.80813	-3.88928
I110R_A	985	0.266233766234	0.375	0.253623188406	-10.6042	-13.9425	-2.91267
K48C_A	995	0.25974025974	0.375	0.246376811594	-10.5398	-13.842	-1.13055
