name	count	identity	evolved_interaction	ancestral_interaction	stability
R1046H_C	1	0.986301369863	-10.4948	-10.5181	-7.73818
L114A_A	6	0.967532467532	-10.4582	-10.4494	-23.2006
L9I_A	11	0.941558441558	-10.5101	-10.4644	-15.9528
A152T_A	19	0.909090909091	-10.3841	-10.3313	-11.2046
S70F_A	28	0.883116883117	-10.3084	-10.3499	-11.3886
E1059T_C	35	0.917808219178	-10.5788	-9.40373	-3.14333
H20R_A	706	0.837662337662	-11.0462	-10.9963	-2.15732
T91K_A	714	0.818181818182	-10.7933	-10.878	-1.14981
M1060A_C	720	0.876712328767	-10.6555	-10.4856	-1.99059
K147N_A	725	0.798701298701	-10.4494	-10.6994	-1.62075
I112N_A	730	0.785714285714	-10.6636	-10.7104	-1.23355
T1043D_C	744	0.767123287671	-10.6189	-10.5303	-2.43689
Q85M_A	758	0.75974025974	-10.5618	-10.5881	-4.6467
S3H_A	765	0.733766233766	-10.5772	-10.57	-3.46509
S122G_A	770	0.720779220779	-10.5897	-10.5825	-4.73779
D37Q_A	777	0.701298701299	-10.7403	-10.6393	-2.47545
P121G_A	790	0.681818181818	-10.7395	-10.6101	-2.42736
I1070W_C	806	0.712328767123	-10.6631	-10.5116	-4.3362
K15M_A	814	0.655844155844	-10.5818	-10.5832	-3.37481
G144F_A	830	0.62987012987	-11.0422	-10.9061	-2.89188
P21Y_A	837	0.603896103896	-10.8987	-10.8087	-1.58891
Q98S_A	850	0.597402597403	-11.0731	-10.9279	-2.12413
K27Y_A	859	0.584415584416	-11.0183	-11.1235	-2.25845
C118R_A	877	0.564935064935	-10.4497	-9.4201	-3.61307
S1032V_C	890	0.630136986301	-10.4437	-3.96788	-0.996554
N124K_A	899	0.538961038961	-11.2428	-10.3651	-1.23031
G1094R_C	915	0.630136986301	-11.4305	-4.09153	-2.5565
A79C_A	928	0.532467532468	-11.3596	-10.3462	-4.35919
L36T_A	936	0.525974025974	-11.0388	-8.42331	-1.0869
C1066L_C	950	0.616438356164	-11.2636	-3.73733	-2.62229
Y21E_A	965	0.512987012987	-11.185	-8.32257	-2.93963
T1033V_C	972	0.575342465753	-11.5229	-3.96159	-2.56745
D145F_A	984	0.5	-11.5378	-8.53148	-3.07689
D125W_A	991	0.5	-11.3563	-7.87272	-1.39122
R118Y_A	998	0.493506493506	-11.1187	-7.96411	-1.27993
