name	count	identity	interface_identity	non_interface_identity	evolved_interaction	ancestral_interaction	stability
S3R_A	2	0.993506493506	1.0	0.992592592593	-10.4946	-10.5223	-26.8016
P123W_A	7	0.967532467532	1.0	0.962962962963	-10.5255	-10.5207	-11.5443
H83N_A	12	0.948051948052	1.0	0.940740740741	-10.7495	-10.7138	-6.54979
K1040A_C	17	0.931506849315	0.909090909091	0.941176470588	-10.7321	-10.7754	-5.28186
K48L_A	24	0.909090909091	0.947368421053	0.903703703704	-10.67	-10.3409	-2.27888
Q1076S_C	30	0.890410958904	0.909090909091	0.882352941176	-10.6659	-9.81199	-4.15614
L150K_A	37	0.863636363636	0.947368421053	0.851851851852	-10.6175	-10.2157	-1.65668
T1042H_C	44	0.849315068493	0.863636363636	0.843137254902	-11.3437	-10.543	-5.33081
S35Y_A	52	0.837662337662	0.947368421053	0.822222222222	-11.2955	-10.2777	-4.4418
P78H_A	59	0.818181818182	0.947368421053	0.8	-11.3485	-10.2778	-1.68515
S136K_A	72	0.811688311688	0.947368421053	0.792592592593	-11.3482	-10.2777	-1.23147
N140D_A	89	0.792207792208	0.947368421053	0.77037037037	-11.3416	-10.2175	-5.67888
A142L_A	98	0.772727272727	0.947368421053	0.748148148148	-11.3402	-10.3828	-4.47101
S54A_A	105	0.75974025974	0.947368421053	0.733333333333	-11.3412	-10.3981	-5.57506
A26C_A	113	0.733766233766	0.894736842105	0.711111111111	-11.3826	-10.3621	-1.48052
D102A_A	125	0.720779220779	0.894736842105	0.696296296296	-11.3867	-10.1464	-4.13866
E1034R_C	131	0.72602739726	0.863636363636	0.666666666667	-10.6367	-10.0656	-3.11725
E49V_A	137	0.688311688312	0.842105263158	0.666666666667	-10.7982	-10.0579	-2.41021
A1023Y_C	146	0.72602739726	0.863636363636	0.666666666667	-10.7899	-11.1729	-1.34375
D33M_A	153	0.662337662338	0.842105263158	0.637037037037	-10.8361	-10.1854	-2.26753
E5S_A	163	0.642857142857	0.842105263158	0.614814814815	-11.2063	-10.193	-1.902
L37Y_A	168	0.636363636364	0.842105263158	0.607407407407	-11.2054	-10.2961	-2.59219
E1079Q_C	175	0.643835616438	0.863636363636	0.549019607843	-11.064	-11.2642	-3.71982
Y25M_A	190	0.623376623377	0.789473684211	0.6	-10.8644	-10.2447	-0.919591
D1080L_C	197	0.616438356164	0.863636363636	0.509803921569	-10.9419	-11.1808	-1.97843
L145N_A	223	0.603896103896	0.789473684211	0.577777777778	-10.9303	-10.3037	-3.32576
V116P_A	233	0.590909090909	0.789473684211	0.562962962963	-10.8767	-10.2213	-2.11303
D19G_A	245	0.571428571429	0.736842105263	0.548148148148	-11.1768	-10.6019	-2.63003
Q1095S_C	253	0.602739726027	0.772727272727	0.529411764706	-10.9436	-10.8856	-2.3458
I31W_A	263	0.558441558442	0.75	0.536231884058	-10.9453	-10.8076	-4.35756
N145F_A	269	0.551948051948	0.75	0.528985507246	-10.925	-10.7434	-2.77553
M1092I_C	281	0.602739726027	0.772727272727	0.529411764706	-10.5181	-10.2155	-1.50657
K57W_A	302	0.532467532468	0.75	0.507246376812	-11.5808	-11.2253	-1.24214
T61L_A	317	0.519480519481	0.75	0.492753623188	-11.6356	-11.2143	-2.04694
Y1038N_C	322	0.547945205479	0.772727272727	0.450980392157	-11.4136	-9.98106	-2.39505
A79V_A	328	0.506493506494	0.75	0.478260869565	-10.8453	-10.6318	-3.03531
F93G_A	333	0.506493506494	0.75	0.478260869565	-11.3265	-10.5995	-3.88563
Q1058R_C	340	0.493150684932	0.772727272727	0.372549019608	-10.5948	-10.7537	-6.95158
F77I_A	345	0.493506493506	0.705882352941	0.467153284672	-10.623	-9.96496	-4.07459
R91D_A	354	0.487012987013	0.705882352941	0.459854014599	-10.6781	-10.1734	-4.52481
R104Q_A	365	0.467532467532	0.705882352941	0.43795620438	-10.6767	-10.2277	-2.0974
P1040N_C	379	0.465753424658	0.727272727273	0.352941176471	-10.6591	-10.5074	-1.59061
D91K_A	385	0.441558441558	0.705882352941	0.408759124088	-10.7037	-10.1377	-1.23926
I1063V_C	394	0.438356164384	0.681818181818	0.333333333333	-10.7239	-10.5744	-1.71164
S96K_A	409	0.441558441558	0.705882352941	0.408759124088	-11.1787	-10.1359	-3.88103
K71A_A	415	0.428571428571	0.647058823529	0.401459854015	-11.1849	-10.0205	-3.37764
A1060V_C	424	0.438356164384	0.681818181818	0.333333333333	-11.1761	-10.8156	-1.98501
D140G_A	446	0.402597402597	0.588235294118	0.379562043796	-11.1647	-10.0359	-2.22967
E116C_A	457	0.409090909091	0.588235294118	0.386861313869	-11.1765	-10.0297	-3.92782
I1072L_C	470	0.424657534247	0.681818181818	0.313725490196	-11.1612	-10.7958	-1.68854
W54A_A	480	0.409090909091	0.588235294118	0.386861313869	-11.0984	-10.0311	-3.11031
L6N_A	486	0.402597402597	0.588235294118	0.379562043796	-11.1007	-10.031	-3.61307
P1061L_C	498	0.383561643836	0.636363636364	0.274509803922	-11.6615	-11.4235	-4.34581
L113M_A	509	0.38961038961	0.529411764706	0.372262773723	-10.8066	-9.22156	-1.57834
I1092F_C	520	0.356164383562	0.625	0.224489795918	-12.9404	-11.8338	-3.20832
M79R_A	529	0.383116883117	0.529411764706	0.36496350365	-11.3077	-8.24831	-2.60477
D1059F_C	534	0.356164383562	0.625	0.224489795918	-11.3972	-11.7292	-1.88537
F35D_A	540	0.357142857143	0.529411764706	0.335766423358	-11.1928	-8.62137	-2.232
N1070E_C	549	0.356164383562	0.625	0.224489795918	-11.0007	-12	-3.49009
I86N_A	556	0.350649350649	0.470588235294	0.335766423358	-10.8677	-8.40228	-1.64618
C1047M_C	563	0.356164383562	0.625	0.224489795918	-10.917	-11.9816	-6.50222
L1024Q_C	574	0.342465753425	0.625	0.204081632653	-11.1973	-11.9548	-2.16413
E1071N_C	582	0.342465753425	0.625	0.204081632653	-11.4307	-12.2035	-2.19902
D42H_A	595	0.350649350649	0.411764705882	0.343065693431	-11.4962	-8.53731	-2.04621
H42T_A	603	0.344155844156	0.411764705882	0.335766423358	-11.527	-8.48484	-2.65306
Q44M_A	617	0.337662337662	0.411764705882	0.328467153285	-11.5278	-8.52245	-2.09682
L87I_A	622	0.344155844156	0.411764705882	0.335766423358	-11.2477	-8.52251	-3.54067
W134S_A	628	0.337662337662	0.411764705882	0.328467153285	-11.8608	-8.34776	-1.89002
K117N_A	636	0.324675324675	0.411764705882	0.313868613139	-11.7106	-8.6047	-2.49907
Y155W_A	641	0.318181818182	0.388888888889	0.308823529412	-11.6154	-8.05807	-1.88849
N3Q_A	650	0.318181818182	0.388888888889	0.308823529412	-10.8089	-8.07955	-1.01106
E12I_A	656	0.311688311688	0.411764705882	0.299270072993	-10.9341	-8.13563	-3.76618
T79E_A	665	0.305194805195	0.411764705882	0.29197080292	-10.6459	-7.96788	-1.21204
E133C_A	678	0.305194805195	0.411764705882	0.29197080292	-10.646	-8.0363	-0.563823
V26G_A	705	0.305194805195	0.411764705882	0.29197080292	-10.9336	-8.24071	-0.618989
G140R_A	717	0.305194805195	0.411764705882	0.29197080292	-10.6825	-8.14198	-2.7757
C1044Y_C	724	0.328767123288	0.666666666667	0.163265306122	-10.9656	-10.6204	-3.3011
R102G_A	733	0.292207792208	0.411764705882	0.277372262774	-11.4393	-8.87028	-2.74573
C118D_A	740	0.298701298701	0.411764705882	0.284671532847	-10.3917	-9.06822	-1.54464
I1039E_C	751	0.301369863014	0.625	0.142857142857	-10.3822	-10.3378	-1.62144
Q1068N_C	772	0.287671232877	0.625	0.122448979592	-11.4581	-12.0132	-3.24923
H141T_A	780	0.298701298701	0.333333333333	0.294117647059	-12.3428	-9.20068	-1.09051
M1094Y_C	788	0.27397260274	0.583333333333	0.122448979592	-12.5841	-12.7082	-1.35643
A1091V_C	802	0.260273972603	0.541666666667	0.122448979592	-11.9704	-12.5028	-4.78096
W48H_A	809	0.292207792208	0.352941176471	0.284671532847	-12.0216	-9.00819	-3.66155
I12W_A	816	0.285714285714	0.352941176471	0.277372262774	-11.7458	-8.38031	-2.34022
L1066V_C	825	0.260273972603	0.521739130435	0.14	-11.1773	-11.7943	-3.90054
M88A_A	832	0.292207792208	0.352941176471	0.284671532847	-10.9708	-8.29264	-1.3282
R140E_A	843	0.292207792208	0.352941176471	0.284671532847	-10.7047	-8.23243	-1.60423
N18H_A	853	0.285714285714	0.352941176471	0.277372262774	-10.7926	-7.34464	-2.21377
H1049F_C	864	0.260273972603	0.5	0.156862745098	-10.9014	-11.3551	-7.14204
G95N_A	877	0.285714285714	0.333333333333	0.279411764706	-10.8039	-7.39253	-2.09456
E1056M_C	885	0.260273972603	0.5	0.156862745098	-10.8016	-11.0627	-6.03292
N61M_A	896	0.279220779221	0.333333333333	0.272058823529	-10.9521	-7.39352	-1.9832
S1033L_C	904	0.260273972603	0.5	0.156862745098	-10.891	-10.9358	-6.33477
V1078K_C	911	0.260273972603	0.5	0.156862745098	-10.8852	-10.8061	-7.04412
M79S_A	920	0.279220779221	0.333333333333	0.272058823529	-10.9226	-7.28111	-4.38938
D118H_A	928	0.272727272727	0.333333333333	0.264705882353	-11.021	-7.2304	-1.45562
G130Q_A	943	0.279220779221	0.333333333333	0.272058823529	-11.0732	-7.15068	-4.79692
Q50H_A	954	0.272727272727	0.333333333333	0.264705882353	-11.0267	-7.11086	-2.68232
C99R_A	963	0.272727272727	0.333333333333	0.264705882353	-11.0161	-7.0917	-2.09525
N86M_A	969	0.266233766234	0.333333333333	0.257352941176	-11.0192	-7.26203	-2.39037
F104H_A	979	0.266233766234	0.333333333333	0.257352941176	-11.2642	-7.45168	-2.85662
R67A_A	989	0.266233766234	0.333333333333	0.257352941176	-11.2638	-7.45369	-1.21064
