name	count	identity	interface_identity	non_interface_identity	evolved_interaction	ancestral_interaction	stability
P28W_A	1	0.993506493506	0.947368421053	1.0	-10.4078	-10.3804	-9.78512
P125N_A	9	0.961038961039	0.947368421053	0.962962962963	-10.5973	-10.619	-10.6057
C1043F_C	15	0.986301369863	1.0	0.980392156863	-10.641	-10.3893	-9.55745
C93Y_A	20	0.922077922078	1.0	0.911764705882	-10.9315	-11.0079	-6.67202
G44F_A	26	0.896103896104	0.944444444444	0.889705882353	-11.7695	-12.286	-8.78408
A1051C_C	34	0.931506849315	0.913043478261	0.94	-12.0107	-10.388	-5.44073
M97K_A	41	0.863636363636	0.944444444444	0.852941176471	-11.9755	-11.5265	-3.84631
K40A_A	51	0.844155844156	0.944444444444	0.830882352941	-10.5454	-10.7146	-0.916272
K1041G_C	61	0.876712328767	0.826086956522	0.9	-10.828	-8.81327	-4.55885
A110K_A	71	0.818181818182	0.944444444444	0.801470588235	-10.9533	-10.6577	-1.60675
L1063W_C	77	0.835616438356	0.826086956522	0.84	-10.7079	-8.77462	-2.20286
F1036L_C	85	0.808219178082	0.826086956522	0.8	-10.775	-8.81053	-0.590927
V62E_A	91	0.75974025974	0.888888888889	0.742647058824	-10.7244	-10.5736	-0.979351
S70I_A	102	0.74025974026	0.888888888889	0.720588235294	-11.0852	-10.4626	-1.28284
G115F_A	112	0.733766233766	0.888888888889	0.713235294118	-10.9688	-11.2025	-3.4697
N151D_A	118	0.720779220779	0.888888888889	0.698529411765	-10.9563	-11.4127	-1.33919
R1047C_C	130	0.753424657534	0.826086956522	0.72	-10.9202	-7.50448	-2.00883
S89K_A	140	0.681818181818	0.833333333333	0.661764705882	-10.9243	-10.3996	-2.30383
E155H_A	148	0.681818181818	0.789473684211	0.666666666667	-10.5214	-11.6251	-4.80159
G26L_A	156	0.662337662338	0.789473684211	0.644444444444	-10.6171	-10.0739	-3.49987
Q154A_A	165	0.636363636364	0.789473684211	0.614814814815	-10.7985	-10.0014	-3.08625
G1041K_C	172	0.698630136986	0.739130434783	0.68	-10.646	-8.27742	-2.87062
P105C_A	179	0.597402597403	0.789473684211	0.57037037037	-10.6079	-9.99266	-0.704873
A29R_A	194	0.597402597403	0.833333333333	0.566176470588	-10.867	-10.5438	-3.39537
M36V_A	200	0.584415584416	0.833333333333	0.551470588235	-10.7502	-10.6026	-3.13119
N1025Y_C	206	0.671232876712	0.791666666667	0.612244897959	-10.7722	-8.4399	-2.07516
S127D_A	220	0.558441558442	0.833333333333	0.522058823529	-10.5826	-9.68979	-1.93033
Q57T_A	231	0.551948051948	0.833333333333	0.514705882353	-10.6526	-8.93692	-1.43657
L1081Y_C	243	0.643835616438	0.75	0.591836734694	-10.6738	-8.52629	-1.3191
R1054K_C	252	0.657534246575	0.75	0.612244897959	-10.6712	-8.73004	-1.80236
F1043E_C	263	0.643835616438	0.708333333333	0.612244897959	-10.5627	-8.71546	-1.61536
R1064N_C	272	0.616438356164	0.692307692308	0.574468085106	-10.7485	-8.43037	-0.983505
Y82M_A	283	0.506493506494	0.666666666667	0.485294117647	-11.0503	-8.21699	-7.53502
C1044F_C	294	0.616438356164	0.692307692308	0.574468085106	-11.2441	-8.39982	-2.70936
F137H_A	304	0.487012987013	0.666666666667	0.463235294118	-11.2559	-8.38526	-5.64587
E1079Y_C	313	0.58904109589	0.692307692308	0.531914893617	-11.165	-8.11114	-3.09441
Y1095T_C	323	0.575342465753	0.64	0.541666666667	-10.7168	-9.08482	-2.55751
E1084D_C	333	0.561643835616	0.625	0.530612244898	-10.8699	-9.00145	-3.37279
L1077N_C	339	0.547945205479	0.625	0.510204081633	-10.8301	-8.99956	-1.64143
N67Y_A	347	0.461038961039	0.625	0.442028985507	-10.5607	-8.12293	-6.82976
A106I_A	353	0.448051948052	0.625	0.427536231884	-11.3604	-8.0146	-2.22544
Q50G_A	363	0.454545454545	0.625	0.434782608696	-10.744	-7.39481	-3.11393
K5F_A	380	0.448051948052	0.625	0.427536231884	-11.0202	-7.22191	-1.597
H3Y_A	394	0.454545454545	0.625	0.434782608696	-11.038	-7.29082	-1.50486
S1033L_C	412	0.493150684932	0.583333333333	0.448979591837	-10.8427	-9.40113	-2.69066
E98M_A	424	0.441558441558	0.5625	0.427536231884	-12.1225	-7.20869	-4.70499
S66L_A	431	0.435064935065	0.5625	0.420289855072	-12.1169	-7.43983	-2.75326
R28Y_A	437	0.435064935065	0.529411764706	0.423357664234	-12.5121	-6.61528	-6.23775
D151N_A	449	0.422077922078	0.529411764706	0.408759124088	-12.6454	-6.79403	-7.11178
D1085M_C	456	0.452054794521	0.5	0.428571428571	-11.33	-8.63447	-2.69793
Q10C_A	463	0.409090909091	0.529411764706	0.394160583942	-11.6082	-6.36478	-2.02955
V146F_A	480	0.415584415584	0.470588235294	0.408759124088	-11.1945	-6.76488	-2.29297
H40T_A	491	0.415584415584	0.470588235294	0.408759124088	-10.8723	-6.75405	-1.51819
Y82F_A	499	0.396103896104	0.470588235294	0.386861313869	-10.8428	-6.85964	-2.07993
N71A_A	513	0.38961038961	0.470588235294	0.379562043796	-10.7597	-6.89483	-3.14369
T57N_A	519	0.383116883117	0.470588235294	0.372262773723	-11.4369	-7.07158	-0.932137
E1050L_C	528	0.383561643836	0.416666666667	0.367346938776	-11.5185	-7.70994	-3.19529
V119T_A	546	0.383116883117	0.470588235294	0.372262773723	-11.5089	-7.22685	-2.08209
E46T_A	553	0.376623376623	0.470588235294	0.36496350365	-11.7538	-7.91937	-4.07186
F82I_A	559	0.376623376623	0.470588235294	0.36496350365	-11.603	-7.58802	-0.961924
E1094I_C	567	0.369863013699	0.375	0.367346938776	-11.2308	-8.24428	-4.6275
H105K_A	580	0.350649350649	0.411764705882	0.343065693431	-11.0269	-6.98332	-3.34142
A136R_A	587	0.344155844156	0.411764705882	0.335766423358	-10.9711	-6.9832	-3.32407
C1087Y_C	594	0.328767123288	0.291666666667	0.34693877551	-10.7739	-7.14708	-0.663457
I33W_A	604	0.331168831169	0.421052631579	0.318518518519	-11.2798	-6.95377	-1.40347
M12E_A	619	0.337662337662	0.421052631579	0.325925925926	-11.2455	-6.67306	-1.24692
N57A_A	632	0.337662337662	0.421052631579	0.325925925926	-11.0116	-6.98046	-1.04629
I63L_A	645	0.331168831169	0.421052631579	0.318518518519	-11.302	-8.51088	-1.64659
K95W_A	657	0.337662337662	0.421052631579	0.325925925926	-11.4612	-8.79933	-5.14707
R128D_A	666	0.331168831169	0.421052631579	0.318518518519	-11.4925	-7.70278	-1.37434
W95P_A	674	0.331168831169	0.421052631579	0.318518518519	-11.5121	-7.82482	-2.15227
T1023C_C	683	0.301369863014	0.25	0.326530612245	-11.6579	-7.78788	-5.90238
K35A_A	693	0.331168831169	0.421052631579	0.318518518519	-10.5645	-8.55665	-0.904535
Y1061H_C	702	0.260273972603	0.208333333333	0.285714285714	-10.7707	-6.68837	-2.88209
M1075E_C	720	0.260273972603	0.208333333333	0.285714285714	-10.7904	-6.68343	-1.80591
A154R_A	729	0.337662337662	0.421052631579	0.325925925926	-10.7676	-8.32858	-2.31535
S79E_A	744	0.331168831169	0.421052631579	0.318518518519	-10.8198	-8.28132	-2.08458
L145I_A	755	0.331168831169	0.421052631579	0.318518518519	-10.9585	-8.54752	-4.3069
P99F_A	762	0.324675324675	0.421052631579	0.311111111111	-10.9722	-8.94949	-2.00588
N66S_A	773	0.311688311688	0.421052631579	0.296296296296	-10.9306	-8.86981	-0.512612
K10Q_A	785	0.318181818182	0.45	0.298507462687	-11.5702	-8.66811	-1.75065
W4D_A	793	0.318181818182	0.45	0.298507462687	-11.6835	-7.72681	-4.37567
Q143N_A	812	0.311688311688	0.35	0.305970149254	-11.7905	-9.07768	-0.396159
C1036E_C	822	0.260273972603	0.217391304348	0.28	-11.8076	-6.08875	-1.07435
T37G_A	834	0.298701298701	0.35	0.291044776119	-11.9495	-8.39861	-1.33315
A133R_A	841	0.285714285714	0.35	0.276119402985	-11.9454	-8.26108	-1.55855
Q18L_A	853	0.285714285714	0.35	0.276119402985	-12.323	-8.1553	-1.87571
I1046E_C	861	0.246575342466	0.173913043478	0.28	-11.3323	-5.99608	-2.21982
K1055F_C	873	0.246575342466	0.173913043478	0.28	-10.931	-4.48796	-3.25031
Q100D_A	882	0.292207792208	0.35	0.283582089552	-10.6181	-8.09207	-2.58448
L1050Y_C	890	0.246575342466	0.173913043478	0.28	-10.7128	-5.67127	-3.86861
A122Y_A	899	0.292207792208	0.368421052632	0.281481481481	-10.7326	-7.94179	-2.44672
W1025R_C	908	0.246575342466	0.173913043478	0.28	-10.6043	-5.56905	-6.24896
K1035Y_C	915	0.232876712329	0.173913043478	0.26	-10.546	-5.57785	-2.72923
C1023V_C	926	0.232876712329	0.173913043478	0.26	-10.684	-5.74012	-2.43862
S13W_A	934	0.285714285714	0.333333333333	0.279411764706	-11.7523	-7.09426	-4.98797
E57L_A	942	0.285714285714	0.333333333333	0.279411764706	-11.9734	-7.15211	-4.73412
V14M_A	949	0.285714285714	0.333333333333	0.279411764706	-11.7476	-6.33523	-5.44559
Y1086A_C	957	0.219178082192	0.173913043478	0.24	-11.7293	-5.03947	-3.49833
N135W_A	964	0.272727272727	0.333333333333	0.264705882353	-11.7358	-6.37496	-3.73268
Y1075S_C	975	0.219178082192	0.16	0.25	-12.1417	-5.2415	-3.99181
D141L_A	980	0.266233766234	0.368421052632	0.251851851852	-12.1744	-6.37206	-6.62289
M1085A_C	988	0.219178082192	0.16	0.25	-12.0358	-5.22771	-1.08681
E12R_A	995	0.246753246753	0.368421052632	0.22962962963	-11.3163	-6.51783	-5.50478
