name	count	identity	interface_identity	non_interface_identity	evolved_interaction	ancestral_interaction	stability
Q101S_A	1	0.993506493506	1.0	0.992592592593	-10.4947	-10.5197	-25.8324
D1030H_C	8	0.986301369863	0.954545454545	1.0	-10.7196	-10.5856	-4.79052
A43S_A	15	0.935064935065	0.947368421053	0.933333333333	-10.5542	-10.4298	-15.5872
D118Q_A	21	0.928571428571	0.947368421053	0.925925925926	-10.6989	-10.4221	-17.3007
S122W_A	26	0.909090909091	0.894736842105	0.911111111111	-10.7841	-10.5338	-11.7736
A1074P_C	31	0.917808219178	0.954545454545	0.901960784314	-10.7939	-10.7966	-8.16413
H1030S_C	39	0.890410958904	0.909090909091	0.882352941176	-10.8854	-10.8751	-4.87583
L6V_A	44	0.863636363636	0.894736842105	0.859259259259	-10.8821	-10.5653	-7.47804
K27H_A	51	0.844155844156	0.842105263158	0.844444444444	-10.704	-10.5845	-7.22928
N52C_A	57	0.824675324675	0.842105263158	0.822222222222	-10.6837	-10.6133	-9.64121
F137I_A	63	0.798701298701	0.842105263158	0.792592592593	-10.7027	-10.6182	-1.95547
Q61C_A	72	0.785714285714	0.842105263158	0.777777777778	-10.8928	-10.5714	-2.00905
P62F_A	80	0.772727272727	0.833333333333	0.764705882353	-11.0896	-10.5426	-6.08529
I112A_A	86	0.75974025974	0.833333333333	0.75	-11.0746	-10.5815	-4.36875
A118K_A	93	0.753246753247	0.833333333333	0.742647058824	-11.1233	-10.6506	-6.50059
Y68V_A	102	0.727272727273	0.833333333333	0.713235294118	-11.1227	-10.6654	-1.3664
K95P_A	121	0.707792207792	0.833333333333	0.691176470588	-11.0886	-10.6303	-2.42571
K141Y_A	131	0.688311688312	0.833333333333	0.669117647059	-10.9787	-10.3545	-2.71155
C61H_A	138	0.681818181818	0.833333333333	0.661764705882	-10.8535	-10.2756	-3.27819
Q48R_A	148	0.662337662338	0.833333333333	0.639705882353	-10.8515	-10.2949	-1.47961
C147T_A	155	0.642857142857	0.8	0.619402985075	-10.7759	-9.9825	-1.34635
N98R_A	171	0.616883116883	0.75	0.597014925373	-10.7659	-9.98644	-2.92515
G44C_A	183	0.603896103896	0.7	0.589552238806	-10.7179	-9.87095	-2.37218
V148F_A	214	0.584415584416	0.7	0.567164179104	-11.2613	-10.1362	-2.64277
V29K_A	221	0.571428571429	0.7	0.55223880597	-11.3602	-10.1531	-1.11678
M32N_A	231	0.564935064935	0.7	0.544776119403	-11.3775	-10.1334	-1.55976
E42V_A	242	0.545454545455	0.65	0.529850746269	-11.3851	-9.73267	-3.92746
S68F_A	250	0.532467532468	0.65	0.514925373134	-11.3811	-9.76469	-5.91162
S127D_A	257	0.525974025974	0.65	0.507462686567	-11.0061	-9.34505	-3.68792
W53L_A	263	0.519480519481	0.65	0.5	-11.0595	-10.708	-2.82237
K29E_A	272	0.512987012987	0.611111111111	0.5	-10.8533	-9.60576	-4.0382
L150C_A	280	0.493506493506	0.611111111111	0.477941176471	-10.8034	-9.54821	-1.47516
E63F_A	300	0.487012987013	0.611111111111	0.470588235294	-10.7548	-9.54505	-3.07271
V6C_A	306	0.487012987013	0.611111111111	0.470588235294	-10.736	-9.54446	-3.39922
G71Y_A	313	0.474025974026	0.6	0.455223880597	-10.8079	-9.78172	-10.1286
P67D_A	319	0.467532467532	0.6	0.44776119403	-10.7787	-9.73057	-1.12868
D110R_A	331	0.467532467532	0.555555555556	0.455882352941	-11.3502	-10.3783	-3.17489
A44R_A	341	0.467532467532	0.555555555556	0.455882352941	-11.582	-10.568	-5.35464
A152R_A	346	0.461038961039	0.555555555556	0.448529411765	-11.6028	-10.5536	-1.3813
Y130F_A	353	0.448051948052	0.555555555556	0.433823529412	-11.621	-10.5724	-1.47649
D1061H_C	366	0.58904109589	0.833333333333	0.469387755102	-11.6279	-10.394	-1.37059
L149K_A	383	0.428571428571	0.5	0.419117647059	-11.2904	-10.0182	-1.46068
Y1040P_C	391	0.602739726027	0.833333333333	0.489795918367	-11.2924	-10.3764	-3.8337
H1092W_C	396	0.561643835616	0.791666666667	0.448979591837	-11.9094	-10.8562	-2.47872
C150T_A	406	0.422077922078	0.55	0.402985074627	-11.9377	-10.242	-2.24492
Y87M_A	417	0.415584415584	0.55	0.39552238806	-12.0416	-10.3625	-1.05681
F1033N_C	436	0.561643835616	0.791666666667	0.448979591837	-12.0701	-10.9374	-1.89128
D126H_A	442	0.402597402597	0.5	0.388059701493	-12.0707	-10.4455	-0.990051
F81L_A	453	0.38961038961	0.5	0.373134328358	-12.0705	-10.4451	-5.17582
P46Q_A	458	0.376623376623	0.421052631579	0.37037037037	-12.2729	-10.6429	-6.26011
D26K_A	466	0.376623376623	0.421052631579	0.37037037037	-12.7443	-11.766	-1.90739
A54E_A	474	0.363636363636	0.421052631579	0.355555555556	-13.0571	-11.8848	-3.97745
H1061D_C	482	0.561643835616	0.739130434783	0.48	-13.0074	-11.0026	-2.72023
I32C_A	487	0.37012987013	0.45	0.358208955224	-12.0495	-10.2757	-4.42135
A1055K_C	495	0.534246575342	0.695652173913	0.46	-11.4109	-10.7944	-1.91411
Q1025Y_C	503	0.520547945205	0.695652173913	0.44	-11.6449	-10.7837	-1.35425
Q1080H_C	515	0.520547945205	0.695652173913	0.44	-11.5012	-10.7634	-1.07172
E143Y_A	524	0.331168831169	0.421052631579	0.318518518519	-11.5799	-10.1965	-2.22471
K1038E_C	531	0.493150684932	0.652173913043	0.42	-11.5931	-10.8846	-2.34604
I1088G_C	540	0.465753424658	0.608695652174	0.4	-11.5578	-9.85956	-1.35322
H154E_A	550	0.331168831169	0.421052631579	0.318518518519	-11.5982	-9.93209	-2.05421
Y155L_A	556	0.318181818182	0.368421052632	0.311111111111	-11.1802	-9.55343	-3.03837
D1033F_C	561	0.465753424658	0.608695652174	0.4	-11.3486	-9.97499	-2.21502
K76Y_A	570	0.305194805195	0.368421052632	0.296296296296	-11.3306	-9.49999	-2.66506
T1075R_C	575	0.424657534247	0.565217391304	0.36	-10.8032	-9.21207	-5.2247
N1048E_C	584	0.424657534247	0.565217391304	0.36	-10.914	-9.24267	-4.59826
F19C_A	603	0.311688311688	0.368421052632	0.303703703704	-11.0334	-9.97465	-2.74734
K18V_A	609	0.305194805195	0.35	0.298507462687	-11.2896	-9.72535	-2.64122
I135F_A	618	0.305194805195	0.35	0.298507462687	-11.2613	-9.63722	-2.46535
A151D_A	630	0.305194805195	0.35	0.298507462687	-11.2181	-9.632	-2.47312
Y121V_A	642	0.305194805195	0.35	0.298507462687	-11.2689	-9.6246	-1.26139
A117N_A	662	0.305194805195	0.380952380952	0.293233082707	-11.4547	-9.79318	-1.59858
H128Y_A	682	0.298701298701	0.380952380952	0.285714285714	-11.5559	-9.51554	-2.08768
P99I_A	688	0.298701298701	0.380952380952	0.285714285714	-11.649	-9.97596	-3.99032
W142R_A	702	0.298701298701	0.35	0.291044776119	-11.5266	-10.2417	-1.1457
D1034Q_C	713	0.383561643836	0.565217391304	0.3	-11.096	-8.93168	-1.52324
I137H_A	721	0.279220779221	0.333333333333	0.270676691729	-11.5366	-9.92938	-1.3943
F63H_A	737	0.279220779221	0.333333333333	0.270676691729	-12.7548	-9.86886	-1.70226
R152L_A	757	0.279220779221	0.333333333333	0.270676691729	-12.3318	-10.1244	-3.00001
H111M_A	773	0.279220779221	0.333333333333	0.270676691729	-12.3301	-9.68971	-2.80576
L29W_A	781	0.279220779221	0.333333333333	0.270676691729	-11.8791	-9.62661	-2.9066
T79D_A	789	0.279220779221	0.35	0.268656716418	-12.1264	-9.96177	-2.33297
H126T_A	794	0.279220779221	0.35	0.268656716418	-12.1295	-9.96581	-2.04921
I96M_A	800	0.279220779221	0.4	0.261194029851	-12.4315	-9.54944	-5.63777
V1028M_C	807	0.328767123288	0.478260869565	0.26	-12.3425	-10.2902	-4.64516
L152V_A	815	0.272727272727	0.4	0.253731343284	-12.3103	-9.53114	-3.07183
T139Y_A	824	0.266233766234	0.4	0.246268656716	-12.3012	-9.44118	-2.99809
Q119C_A	831	0.266233766234	0.4	0.246268656716	-11.3177	-8.43098	-1.38183
Y1026S_C	841	0.328767123288	0.478260869565	0.26	-11.1986	-10.1929	-5.33903
T99L_A	851	0.266233766234	0.4	0.246268656716	-11.1861	-8.49735	-3.72658
D1046E_C	859	0.315068493151	0.478260869565	0.24	-11.0552	-10.1931	-2.02879
V3S_A	867	0.272727272727	0.4	0.253731343284	-10.8226	-8.45583	-1.10158
A112F_A	875	0.266233766234	0.4	0.246268656716	-10.8135	-8.4518	-3.42821
D151G_A	894	0.266233766234	0.4	0.246268656716	-10.9374	-7.86816	-3.52465
E1048M_C	904	0.315068493151	0.5	0.235294117647	-11.0428	-10.3418	-2.31753
V93I_A	915	0.266233766234	0.4	0.246268656716	-10.5401	-7.89576	-1.56812
W141F_A	926	0.266233766234	0.4	0.246268656716	-11.0896	-7.89475	-2.46702
G1069S_C	933	0.260273972603	0.363636363636	0.21568627451	-10.9055	-5.4519	-1.35208
G32P_A	943	0.266233766234	0.4	0.246268656716	-11.4571	-8.42492	-5.01229
Y52L_A	952	0.266233766234	0.4	0.246268656716	-11.2637	-8.5324	-5.8731
H48Y_A	959	0.272727272727	0.4	0.253731343284	-11.2383	-9.02786	-2.70838
P106R_A	967	0.272727272727	0.4	0.253731343284	-10.9695	-9.06661	-3.31705
L54D_A	978	0.25974025974	0.35	0.246268656716	-11.1103	-9.38801	-1.3636
A50H_A	995	0.25974025974	0.35	0.246268656716	-11.1094	-9.56963	-1.27969
