name	count	identity	evolved_interaction	ancestral_interaction	stability
D33C_A	1	0.993506493506	-10.5619	-10.5917	-25.2158
S127A_A	10	0.967532467532	-10.588	-10.5969	-24.1792
W103M_A	15	0.941558441558	-10.6103	-10.6324	-22.9408
A1074P_C	20	0.917808219178	-10.5998	-10.4835	-5.31438
D1030M_C	26	0.890410958904	-10.6937	-10.5533	-1.09313
E11S_A	33	0.88961038961	-10.783	-10.7108	-4.10786
Q87A_A	42	0.863636363636	-10.7431	-10.7211	-1.959
A142M_A	51	0.831168831169	-10.7491	-10.715	-1.50646
N66G_A	65	0.811688311688	-10.7324	-10.7137	-1.83439
S11L_A	75	0.805194805195	-11.0324	-10.8715	-4.87713
S134V_A	80	0.792207792208	-11.0848	-10.9528	-2.96298
K18H_A	93	0.766233766234	-12.661	-12.0214	-2.44301
G44Y_A	99	0.75974025974	-12.5025	-13.0882	-4.39133
P1044F_C	107	0.808219178082	-13.0252	-9.87412	-1.4095
E67P_A	117	0.733766233766	-13.0311	-13.3162	-1.89845
N1025E_C	125	0.753424657534	-11.2049	-7.84184	-3.84507
K15A_A	135	0.694805194805	-11.0109	-13.2612	-0.477828
A1053C_C	144	0.712328767123	-11.0314	-7.84031	-3.86873
I1024V_C	152	0.684931506849	-10.8623	-8.08735	-4.53256
K1041M_C	159	0.671232876712	-11.0569	-8.23604	-5.47202
C5D_A	164	0.642857142857	-11.0598	-13.2732	-0.955831
H1041A_C	172	0.643835616438	-11.11	-8.2767	-2.44484
S1033I_C	183	0.616438356164	-11.0505	-8.33162	-1.83031
E143L_A	193	0.616883116883	-11.3259	-13.2053	-3.90102
Y144C_A	200	0.597402597403	-11.3264	-13.2057	-1.32319
A1051I_C	214	0.58904109589	-11.0311	-8.89731	-2.27801
N98H_A	224	0.577922077922	-11.003	-12.9431	-1.00508
D145W_A	230	0.558441558442	-10.9899	-12.9535	-6.21651
P135R_A	235	0.551948051948	-10.6602	-12.0557	-4.32571
K126V_A	242	0.538961038961	-10.6044	-11.9824	-3.517
L149Y_A	247	0.525974025974	-11.3317	-11.9811	-4.19844
A1041S_C	257	0.520547945205	-11.5351	-8.80453	-2.44439
W140Q_A	274	0.506493506494	-11.9956	-11.8121	-2.3274
F52R_A	284	0.5	-12.3128	-11.8121	-1.58553
G146P_A	292	0.5	-12.1672	-11.8524	-1.31646
L1043F_C	299	0.493150684932	-10.8378	-8.07014	-5.548
K1074D_C	309	0.465753424658	-10.8325	-8.13474	-1.46771
G115M_A	322	0.487012987013	-10.8271	-11.5277	-5.15947
N34I_A	335	0.474025974026	-10.8116	-11.4395	-0.888249
T1028L_C	357	0.452054794521	-10.5331	-8.38997	-4.28766
W79L_A	373	0.454545454545	-10.5157	-11.1841	-1.36722
H20Y_A	383	0.454545454545	-10.7148	-10.074	-2.55459
A127G_A	395	0.448051948052	-10.7201	-10.0628	-2.16709
F111R_A	404	0.441558441558	-10.6861	-7.37662	-3.26988
F1036C_C	419	0.424657534247	-10.7352	-6.41796	-3.17225
W44N_A	427	0.428571428571	-10.6247	-7.42493	-3.43396
A26M_A	435	0.415584415584	-10.5001	-7.48047	-4.07071
K141D_A	445	0.409090909091	-10.5818	-7.65954	-3.63746
F65A_A	456	0.409090909091	-10.5466	-7.67827	-3.5529
F139K_A	464	0.396103896104	-10.6101	-7.67885	-3.77024
I1081Y_C	475	0.397260273973	-10.6313	-8.52138	-3.13487
A131Q_A	482	0.383116883117	-10.6388	-7.59563	-4.06262
I107F_A	499	0.376623376623	-10.642	-7.39548	-2.92888
F64Y_A	506	0.383116883117	-10.6593	-7.39486	-2.69115
T1060F_C	518	0.383561643836	-10.6483	-6.20538	-6.06022
S1041K_C	526	0.383561643836	-10.8057	-6.57373	-4.37399
T1034H_C	533	0.369863013699	-11.1554	-6.7506	-5.30896
R1042E_C	542	0.369863013699	-11.1854	-6.80402	-6.2284
Q152L_A	552	0.357142857143	-11.1724	-7.30486	-3.41422
L1048F_C	559	0.356164383562	-11.0402	-6.78348	-3.57933
A14S_A	567	0.357142857143	-10.7284	-10.2359	-1.11495
D1080V_C	584	0.342465753425	-10.6635	-9.07101	-0.303945
N65A_A	599	0.350649350649	-10.6883	-10.0456	-1.70895
V126M_A	615	0.350649350649	-10.676	-9.99356	-3.76235
C77D_A	622	0.350649350649	-10.9164	-8.13751	-2.53029
K110M_A	627	0.344155844156	-10.8824	-8.61711	-4.54268
F107L_A	633	0.344155844156	-10.6726	-8.60176	-2.49003
Y151N_A	641	0.337662337662	-10.6276	-8.40891	-1.97418
F1048M_C	651	0.315068493151	-10.7522	-8.89441	-4.82812
E1071Y_C	662	0.315068493151	-10.8738	-9.41749	-3.36341
Y64M_A	673	0.318181818182	-11.7642	-9.05747	-0.868047
I1047V_C	684	0.301369863014	-11.1565	-8.67853	-6.77671
R1023H_C	695	0.315068493151	-11.5481	-8.68939	-6.47828
H1034G_C	701	0.315068493151	-11.5682	-6.47029	-5.2859
D77G_A	712	0.318181818182	-11.6943	-9.2289	-2.61885
G127N_A	718	0.311688311688	-11.624	-8.87282	-3.21016
L1062R_C	735	0.328767123288	-12.2721	-7.37909	-2.33929
T91F_A	745	0.305194805195	-12.3567	-9.1039	-3.14001
W3C_A	755	0.285714285714	-12.1814	-8.90279	-1.28378
S1082L_C	772	0.328767123288	-11.6327	-7.03999	-4.23811
M101G_A	779	0.272727272727	-11.6331	-8.97834	-3.79138
L31R_A	785	0.272727272727	-11.6229	-9.0841	-1.88029
G111H_A	793	0.272727272727	-11.1922	-9.13488	-1.97138
N122K_A	802	0.272727272727	-10.5819	-7.85383	-1.13163
N1079T_C	812	0.301369863014	-10.6535	-6.41453	-3.55581
L1025T_C	827	0.287671232877	-10.5813	-5.96427	-3.22284
E87F_A	836	0.272727272727	-10.6009	-8.20908	-0.0588889
F24S_A	851	0.266233766234	-11.2921	-9.16656	-2.03667
N1028I_C	858	0.287671232877	-11.1233	-6.01575	-5.77303
S35I_A	870	0.25974025974	-11.1051	-8.70379	-0.980355
I1089C_C	882	0.27397260274	-11.0683	-5.95887	-4.42307
I35K_A	895	0.266233766234	-10.985	-8.81215	-1.43091
H121K_A	905	0.266233766234	-10.9984	-8.89715	-2.2059
C79K_A	919	0.266233766234	-10.9938	-8.88669	-1.56105
K122E_A	931	0.25974025974	-10.8722	-8.98345	-1.26379
T75W_A	948	0.25974025974	-10.9642	-9.00144	-4.06645
H1023E_C	957	0.246575342466	-11.0887	-6.73511	-1.45397
T49W_A	966	0.246753246753	-11.0883	-9.00483	-0.927735
L152C_A	975	0.246753246753	-11.1668	-8.89584	-1.79537
D1051T_C	981	0.246575342466	-11.1831	-6.39409	-2.06186
S66W_A	989	0.233766233766	-11.5162	-9.42742	-5.56975
Y140L_A	996	0.233766233766	-11.5197	-9.42563	-7.13263
