name	count	identity	interface_identity	non_interface_identity	evolved_interaction	ancestral_interaction	stability
Y64S_A	1	0.993506493506	1.0	0.992592592593	-10.4967	-10.5262	-22.8538
I112Q_A	6	0.961038961039	0.947368421053	0.962962962963	-10.4522	-10.4519	-20.0443
L1048F_C	15	0.972602739726	1.0	0.960784313725	-10.4106	-10.371	-6.69853
D19M_A	25	0.922077922078	0.894736842105	0.925925925926	-10.6506	-10.64	-3.50649
S95F_A	33	0.896103896104	0.894736842105	0.896296296296	-10.7699	-10.7463	-4.42041
E70H_A	42	0.876623376623	0.894736842105	0.874074074074	-10.774	-10.7404	-1.41916
W16F_A	56	0.857142857143	0.842105263158	0.859259259259	-10.6301	-10.6179	-2.0497
T1077V_C	64	0.86301369863	0.954545454545	0.823529411765	-10.7812	-10.8631	-0.924462
K153A_A	72	0.824675324675	0.842105263158	0.822222222222	-10.793	-10.6481	-2.37475
N66I_A	93	0.811688311688	0.842105263158	0.807407407407	-10.7236	-10.636	-1.35138
R104L_A	100	0.798701298701	0.842105263158	0.792592592593	-10.7013	-10.6188	-2.43562
D118S_A	109	0.779220779221	0.789473684211	0.777777777778	-10.5897	-10.6188	-3.56268
M31A_A	115	0.75974025974	0.789473684211	0.755555555556	-10.5785	-10.6163	-13.7392
T51M_A	121	0.733766233766	0.789473684211	0.725925925926	-10.735	-10.6457	-5.58576
R135I_A	129	0.720779220779	0.789473684211	0.711111111111	-10.8265	-10.6253	-4.25937
Q147I_A	148	0.707792207792	0.789473684211	0.696296296296	-10.6966	-10.5465	-1.45549
E11F_A	156	0.681818181818	0.789473684211	0.666666666667	-10.7898	-10.6575	-2.52164
W1076F_C	165	0.72602739726	0.863636363636	0.666666666667	-10.8951	-11.7301	-8.21522
I96P_A	171	0.668831168831	0.789473684211	0.651851851852	-10.9486	-10.6647	-2.65101
G44Q_A	178	0.649350649351	0.736842105263	0.637037037037	-11.7922	-11.7489	-3.33904
I1083N_C	185	0.684931506849	0.869565217391	0.6	-10.8659	-10.8755	-8.76716
Y148I_A	194	0.62987012987	0.631578947368	0.62962962963	-10.4012	-10.184	-4.19067
D35V_A	202	0.61038961039	0.631578947368	0.607407407407	-10.5927	-10.3827	-2.21364
C92E_A	207	0.597402597403	0.631578947368	0.592592592593	-10.6494	-10.3826	-3.44047
P96I_A	212	0.597402597403	0.666666666667	0.588235294118	-10.5664	-9.6173	-2.31752
D4M_A	219	0.590909090909	0.666666666667	0.580882352941	-11.4033	-10.4326	-0.7388
Y1062S_C	229	0.630136986301	0.782608695652	0.56	-11.3749	-9.8313	-1.69054
M4W_A	236	0.564935064935	0.666666666667	0.551470588235	-11.4186	-10.4447	-1.29687
N1086R_C	245	0.602739726027	0.739130434783	0.54	-11.5041	-9.53111	-0.959398
F1051L_C	252	0.602739726027	0.739130434783	0.54	-11.504	-9.53096	-1.03474
A1053M_C	267	0.58904109589	0.739130434783	0.52	-11.5166	-9.54601	-1.67707
M152A_A	278	0.538961038961	0.555555555556	0.536764705882	-11.6704	-10.5031	-1.65316
E99T_A	285	0.532467532468	0.526315789474	0.533333333333	-11.2362	-11.4381	-3.29213
V7A_A	302	0.525974025974	0.555555555556	0.522058823529	-11.4685	-11.5429	-1.93768
A147D_A	317	0.519480519481	0.555555555556	0.514705882353	-11.4922	-11.5505	-2.05402
T99I_A	336	0.512987012987	0.555555555556	0.507352941176	-10.7072	-11.5956	-2.62569
Q15S_A	341	0.512987012987	0.555555555556	0.507352941176	-10.7318	-11.505	-2.2886
K1039M_C	353	0.534246575342	0.652173913043	0.48	-10.7777	-8.71082	-2.78154
H98Q_A	367	0.493506493506	0.555555555556	0.485294117647	-10.7781	-11.5229	-2.49075
A152I_A	374	0.480519480519	0.555555555556	0.470588235294	-10.7486	-11.444	-1.64865
Q142F_A	382	0.474025974026	0.555555555556	0.463235294118	-10.7485	-11.443	-1.54771
Y144H_A	390	0.461038961039	0.555555555556	0.448529411765	-10.9254	-11.4603	-1.32546
H71N_A	400	0.461038961039	0.555555555556	0.448529411765	-11.4302	-11.4624	-1.37621
V1082D_C	407	0.520547945205	0.652173913043	0.46	-12.1057	-9.02947	-3.2674
S29K_A	414	0.461038961039	0.555555555556	0.448529411765	-12.0729	-11.3791	-3.46172
A1056I_C	419	0.493150684932	0.608695652174	0.44	-11.8606	-9.1449	-2.09145
A153S_A	427	0.448051948052	0.529411764706	0.43795620438	-12.0041	-11.1308	-1.3103
E63L_A	444	0.441558441558	0.529411764706	0.430656934307	-11.9968	-11.1072	-2.49781
R1025W_C	449	0.465753424658	0.608695652174	0.4	-11.9445	-9.1218	-4.12976
N75P_A	458	0.448051948052	0.529411764706	0.43795620438	-11.9723	-11.0771	-3.65342
F1036E_C	465	0.452054794521	0.608695652174	0.38	-12.0796	-9.2261	-2.02457
C70T_A	477	0.441558441558	0.529411764706	0.430656934307	-11.8829	-11.1003	-2.8468
S93A_A	486	0.435064935065	0.470588235294	0.430656934307	-10.6521	-11.4972	-1.35119
S1062I_C	507	0.41095890411	0.608695652174	0.32	-10.6053	-9.30057	-2.40177
D35K_A	514	0.415584415584	0.470588235294	0.408759124088	-10.8282	-11.7094	-5.24036
I96K_A	520	0.402597402597	0.470588235294	0.394160583942	-10.7981	-11.7649	-2.23057
G1023M_C	537	0.41095890411	0.608695652174	0.32	-11.103	-9.29741	-2.51711
N66P_A	543	0.38961038961	0.470588235294	0.379562043796	-11.0998	-12.0787	-4.2945
Y1050S_C	551	0.397260273973	0.608695652174	0.3	-11.0385	-9.28318	-1.25456
C39T_A	556	0.396103896104	0.470588235294	0.386861313869	-11.1046	-11.8139	-4.96829
Q1079L_C	564	0.397260273973	0.608695652174	0.3	-11.1164	-9.39245	-1.99714
N1033Y_C	575	0.397260273973	0.608695652174	0.3	-11.0109	-9.37347	-1.34129
G1073K_C	598	0.397260273973	0.608695652174	0.3	-11.0491	-9.35932	-3.18546
Y1079M_C	607	0.397260273973	0.608695652174	0.3	-10.6272	-9.4456	-3.25418
K134M_A	615	0.363636363636	0.444444444444	0.352941176471	-10.4757	-12.2552	-3.18361
D108M_A	623	0.363636363636	0.444444444444	0.352941176471	-10.6284	-12.2967	-1.02632
N92H_A	633	0.357142857143	0.444444444444	0.345588235294	-10.5836	-12.2851	-3.2656
K1086Q_C	642	0.369863013699	0.565217391304	0.28	-10.7253	-9.42592	-4.00635
P128Y_A	651	0.337662337662	0.470588235294	0.321167883212	-10.8206	-12.7924	-1.40978
R138D_A	665	0.331168831169	0.470588235294	0.313868613139	-10.8204	-12.5887	-1.25762
Y82V_A	687	0.324675324675	0.470588235294	0.306569343066	-10.3832	-12.5852	-1.01594
D147A_A	707	0.324675324675	0.470588235294	0.306569343066	-11.1746	-11.3463	-2.02896
Y38L_A	715	0.324675324675	0.470588235294	0.306569343066	-10.9433	-10.7734	-1.25539
T131R_A	736	0.324675324675	0.470588235294	0.306569343066	-10.9488	-10.991	-1.15049
Q149C_A	746	0.324675324675	0.470588235294	0.306569343066	-10.9111	-10.7919	-2.07786
M1077L_C	756	0.342465753425	0.521739130435	0.26	-10.6563	-9.88042	-3.87885
Y151L_A	763	0.324675324675	0.470588235294	0.306569343066	-10.6464	-11.0278	-2.47938
F49Q_A	770	0.331168831169	0.470588235294	0.313868613139	-10.6548	-11.0095	-3.29095
F11Y_A	776	0.324675324675	0.470588235294	0.306569343066	-10.5909	-12.1086	-3.3439
I152A_A	785	0.331168831169	0.470588235294	0.313868613139	-10.6308	-12.0941	-4.33058
N52S_A	792	0.324675324675	0.470588235294	0.306569343066	-10.6457	-12.1349	-5.12487
M33H_A	799	0.324675324675	0.470588235294	0.306569343066	-10.5403	-11.8163	-1.31839
K5R_A	814	0.318181818182	0.470588235294	0.299270072993	-10.5728	-12.19	-2.25242
M1058V_C	825	0.301369863014	0.521739130435	0.2	-10.6068	-7.0127	-1.70518
A147C_A	842	0.311688311688	0.470588235294	0.29197080292	-10.6914	-12.2929	-6.01216
C30W_A	849	0.305194805195	0.411764705882	0.29197080292	-10.5756	-12.264	-0.683879
K1027V_C	863	0.287671232877	0.458333333333	0.204081632653	-11.0528	-7.90273	-1.88112
C147F_A	870	0.305194805195	0.411764705882	0.29197080292	-11.0068	-12.0117	-1.8654
V10Q_A	879	0.311688311688	0.411764705882	0.299270072993	-10.9989	-11.9153	-2.2813
E89N_A	886	0.318181818182	0.411764705882	0.306569343066	-10.9704	-11.885	-4.27608
H122N_A	893	0.311688311688	0.411764705882	0.299270072993	-10.9334	-11.8621	-1.15649
S132P_A	907	0.318181818182	0.411764705882	0.306569343066	-10.922	-11.8218	-3.93779
M19Y_A	915	0.318181818182	0.411764705882	0.306569343066	-10.5316	-11.7534	-1.30415
I1062N_C	925	0.27397260274	0.478260869565	0.18	-10.5656	-7.73139	-2.5726
L87Q_A	937	0.318181818182	0.411764705882	0.306569343066	-10.739	-11.731	-1.01218
I1095C_C	949	0.260273972603	0.478260869565	0.16	-11.1	-8.01259	-1.37497
A78V_A	974	0.318181818182	0.4375	0.304347826087	-10.6683	-8.89307	-3.96827
C156A_A	983	0.318181818182	0.4375	0.304347826087	-11.173	-9.3307	-1.9614
Q10C_A	991	0.311688311688	0.4375	0.297101449275	-10.5623	-8.72106	-1.39672
C1034E_C	998	0.27397260274	0.478260869565	0.18	-10.8014	-7.78167	-2.57678
