name	count	identity	interface_identity	non_interface_identity	evolved_interaction	ancestral_interaction	stability
E11G_A	1	0.993506493506	1.0	0.992592592593	-10.571	-10.5742	-24.5327
V1028P_C	7	0.986301369863	0.954545454545	1.0	-10.7063	-10.3674	-5.93717
W134M_A	12	0.948051948052	0.947368421053	0.948148148148	-10.6755	-10.6962	-15.0928
V29I_A	19	0.915584415584	0.947368421053	0.911111111111	-10.8424	-10.862	-13.8582
G1057A_C	25	0.945205479452	0.954545454545	0.941176470588	-10.8237	-10.3736	-4.37982
H1023L_C	30	0.917808219178	0.954545454545	0.901960784314	-10.8475	-10.3642	-4.70225
L1066R_C	36	0.890410958904	0.954545454545	0.862745098039	-11.0592	-10.6265	-3.69453
S35E_A	42	0.850649350649	0.95	0.835820895522	-10.8312	-10.7886	-2.7723
K147T_A	48	0.831168831169	0.9	0.820895522388	-11.2435	-11.095	-1.69179
A133S_A	55	0.824675324675	0.9	0.813432835821	-11.3501	-11.0888	-1.55467
Y25M_A	66	0.805194805195	0.85	0.798507462687	-11.0735	-10.9247	-1.58648
K1027N_C	83	0.753424657534	0.818181818182	0.725490196078	-13.0633	-11.3077	-1.25417
A81R_A	91	0.779220779221	0.761904761905	0.781954887218	-13.0791	-11.0108	-2.71282
I1088L_C	99	0.72602739726	0.772727272727	0.705882352941	-12.9445	-10.8627	-2.99809
D1087S_C	106	0.684931506849	0.714285714286	0.673076923077	-10.7038	-9.72563	-5.01122
N126C_A	114	0.74025974026	0.75	0.738805970149	-10.8901	-9.90334	-1.7183
K1050R_C	122	0.630136986301	0.666666666667	0.615384615385	-10.8583	-9.6489	-2.27106
E35M_A	128	0.720779220779	0.7	0.723880597015	-11.0085	-10.3449	-3.09372
P1044F_C	151	0.616438356164	0.666666666667	0.596153846154	-10.9957	-9.5557	-3.0793
A129E_A	156	0.688311688312	0.7	0.686567164179	-11.0742	-10.3731	-1.72588
T1026P_C	162	0.58904109589	0.636363636364	0.56862745098	-11.628	-9.65441	-1.918
F1036P_C	170	0.575342465753	0.636363636364	0.549019607843	-11.786	-9.98335	-2.59323
N128W_A	176	0.655844155844	0.631578947368	0.659259259259	-11.8073	-10.6628	-1.32119
L46P_A	183	0.649350649351	0.684210526316	0.644444444444	-11.6375	-10.5573	-2.9856
P109L_A	193	0.655844155844	0.684210526316	0.651851851852	-11.634	-10.4198	-4.50842
R104K_A	200	0.649350649351	0.684210526316	0.644444444444	-10.7542	-10.2759	-7.32291
L1051C_C	212	0.575342465753	0.681818181818	0.529411764706	-10.735	-9.85379	-2.40629
L1045I_C	218	0.534246575342	0.681818181818	0.470588235294	-11.1718	-9.84973	-3.98994
Q1095E_C	230	0.520547945205	0.636363636364	0.470588235294	-10.6644	-9.18771	-3.40994
E1059C_C	238	0.493150684932	0.636363636364	0.43137254902	-10.4915	-9.42904	-1.2551
V1061M_C	251	0.479452054795	0.636363636364	0.411764705882	-10.4868	-9.42885	-2.68639
N1042V_C	273	0.465753424658	0.636363636364	0.392156862745	-11.0029	-10.224	-3.83691
T66Q_A	299	0.603896103896	0.647058823529	0.598540145985	-11.3634	-10.4289	-2.04463
L40W_A	310	0.597402597403	0.647058823529	0.591240875912	-11.1695	-10.4563	-0.937769
Q1051K_C	318	0.438356164384	0.636363636364	0.352941176471	-10.6313	-9.34404	-3.51046
T51H_A	332	0.571428571429	0.647058823529	0.56204379562	-10.587	-10.3938	-1.54605
E67H_A	345	0.571428571429	0.647058823529	0.56204379562	-10.5763	-10.4023	-2.65263
C93N_A	352	0.558441558442	0.625	0.550724637681	-10.7732	-10.455	-2.72528
K14V_A	361	0.551948051948	0.5625	0.550724637681	-10.6173	-10.3777	-1.92375
L6F_A	377	0.538961038961	0.5625	0.536231884058	-10.6175	-10.3865	-1.75309
S1076K_C	394	0.452054794521	0.636363636364	0.372549019608	-10.6513	-9.52879	-3.39242
A15W_A	411	0.525974025974	0.5625	0.521739130435	-10.6594	-10.3175	-3.35715
E78D_A	418	0.525974025974	0.588235294118	0.518248175182	-10.4317	-10.1598	-3.20252
K76P_A	424	0.519480519481	0.588235294118	0.510948905109	-10.4685	-10.314	-2.68119
W1044T_C	433	0.452054794521	0.636363636364	0.372549019608	-10.4499	-9.31893	-3.09369
M3V_A	445	0.512987012987	0.588235294118	0.503649635036	-10.6248	-10.5048	-2.13197
G99T_A	450	0.5	0.588235294118	0.489051094891	-10.8297	-10.781	-2.13618
I70Y_A	456	0.493506493506	0.588235294118	0.481751824818	-10.8181	-10.7814	-2.50079
T132L_A	464	0.493506493506	0.588235294118	0.481751824818	-10.8172	-10.7794	-3.49615
W117S_A	479	0.487012987013	0.588235294118	0.474452554745	-10.8243	-10.7162	-1.49532
D95W_A	495	0.487012987013	0.588235294118	0.474452554745	-10.8262	-10.7596	-3.91829
S149Q_A	503	0.487012987013	0.588235294118	0.474452554745	-10.7006	-10.7229	-3.84443
T115C_A	520	0.480519480519	0.588235294118	0.467153284672	-10.5707	-10.4644	-2.01187
V14R_A	529	0.480519480519	0.588235294118	0.467153284672	-10.7528	-10.5968	-4.85023
E1034Q_C	537	0.41095890411	0.590909090909	0.333333333333	-10.7474	-9.60523	-3.95802
K110R_A	546	0.474025974026	0.588235294118	0.459854014599	-10.8634	-10.6476	-1.48702
Q66F_A	561	0.467532467532	0.588235294118	0.452554744526	-10.4696	-9.95376	-1.32344
S1062V_C	569	0.397260273973	0.590909090909	0.313725490196	-10.4797	-9.52508	-3.57088
F100H_A	576	0.461038961039	0.588235294118	0.445255474453	-10.4797	-10.0277	-1.17905
H104Y_A	585	0.461038961039	0.65	0.432835820896	-11.3398	-10.1359	-1.37329
E137I_A	596	0.448051948052	0.6	0.425373134328	-11.8205	-10.8183	-2.68852
I126G_A	601	0.441558441558	0.6	0.417910447761	-11.8273	-10.8938	-1.42469
K70H_A	611	0.441558441558	0.555555555556	0.426470588235	-11.9544	-10.891	-1.38048
F89R_A	621	0.441558441558	0.555555555556	0.426470588235	-11.9905	-10.6759	-2.76051
L150F_A	631	0.435064935065	0.611111111111	0.411764705882	-13.343	-11.0536	-1.3206
E37D_A	638	0.435064935065	0.611111111111	0.411764705882	-13.0997	-11.0644	-3.35524
R146C_A	650	0.435064935065	0.611111111111	0.411764705882	-13.1138	-11.1709	-1.34185
I112L_A	658	0.415584415584	0.555555555556	0.397058823529	-12.8941	-10.7795	-1.73451
N54K_A	663	0.415584415584	0.578947368421	0.392592592593	-12.403	-10.7648	-3.25406
N1086E_C	669	0.356164383562	0.5	0.294117647059	-12.748	-7.61459	-1.68665
R1066E_C	682	0.356164383562	0.5	0.294117647059	-10.614	-5.54256	-1.62596
A114V_A	691	0.409090909091	0.588235294118	0.386861313869	-10.5142	-10.8753	-2.49186
E35D_A	711	0.396103896104	0.529411764706	0.379562043796	-10.5191	-10.7288	-2.01512
A1059L_C	724	0.356164383562	0.5	0.294117647059	-10.6358	-5.46276	-2.54593
H81K_A	732	0.383116883117	0.529411764706	0.36496350365	-10.5155	-10.6807	-1.04737
Y95F_A	742	0.383116883117	0.529411764706	0.36496350365	-10.5175	-10.6849	-1.9665
H70I_A	757	0.383116883117	0.529411764706	0.36496350365	-10.858	-10.6519	-2.13277
M79K_A	767	0.383116883117	0.529411764706	0.36496350365	-10.8581	-10.6519	-1.35462
R1093M_C	775	0.301369863014	0.5	0.21568627451	-10.4918	-6.51045	-2.86904
F88T_A	794	0.376623376623	0.470588235294	0.36496350365	-10.4918	-10.435	-1.29946
T102V_A	803	0.376623376623	0.470588235294	0.36496350365	-10.7019	-10.9535	-2.26846
I71Y_A	814	0.37012987013	0.470588235294	0.357664233577	-10.4838	-10.4305	-3.90272
Y1052L_C	821	0.27397260274	0.52380952381	0.173076923077	-10.757	-5.68165	-2.37852
W1089F_C	827	0.27397260274	0.52380952381	0.173076923077	-10.8157	-5.48502	-2.25755
P76I_A	839	0.357142857143	0.470588235294	0.343065693431	-10.8177	-10.5792	-3.28447
M30Q_A	848	0.357142857143	0.470588235294	0.343065693431	-10.7313	-10.6196	-2.40343
V113S_A	856	0.357142857143	0.470588235294	0.343065693431	-10.7575	-10.6723	-3.95293
T1080H_C	863	0.260273972603	0.52380952381	0.153846153846	-10.6747	-5.60221	-2.83332
I29M_A	872	0.344155844156	0.470588235294	0.328467153285	-10.6904	-10.648	-1.14325
F1089L_C	886	0.260273972603	0.52380952381	0.153846153846	-10.9035	-5.75047	-3.27662
Q15W_A	893	0.344155844156	0.5	0.323529411765	-11.1057	-11.1022	-2.84703
L1057M_C	903	0.260273972603	0.52380952381	0.153846153846	-11.1251	-6.3681	-5.23568
T1039E_C	908	0.260273972603	0.52380952381	0.153846153846	-11.1342	-6.36862	-7.03846
I18Q_A	913	0.344155844156	0.5	0.323529411765	-11.1897	-10.8792	-3.0045
R141M_A	920	0.344155844156	0.5	0.323529411765	-10.6117	-10.9125	-2.64533
S113H_A	927	0.337662337662	0.5	0.316176470588	-10.5746	-10.7884	-2.28292
G111R_A	939	0.337662337662	0.5	0.316176470588	-10.5745	-10.791	-1.28283
Y1087D_C	949	0.246575342466	0.47619047619	0.153846153846	-11.6649	-9.39453	-1.10275
I1083M_C	954	0.260273972603	0.52380952381	0.153846153846	-11.6136	-9.51599	-3.06762
S61R_A	963	0.331168831169	0.5	0.308823529412	-11.6513	-10.938	-5.03972
G126K_A	973	0.331168831169	0.5	0.308823529412	-11.6513	-10.9281	-3.45458
A9L_A	979	0.337662337662	0.5	0.316176470588	-11.6011	-10.8592	-3.47477
A1091I_C	992	0.232876712329	0.47619047619	0.134615384615	-11.6143	-9.42966	-4.56037
