name	count	identity	evolved_interaction	ancestral_interaction	stability
Q39W_A	1	0.993506493506	-10.5012	-10.5182	-24.9349
K74E_A	6	0.967532467532	-10.4949	-10.519	-23.6543
G56D_A	11	0.948051948052	-10.5305	-10.5661	-6.65674
A1053V_C	16	0.931506849315	-10.6658	-10.4596	-6.62254
E49M_A	25	0.915584415584	-10.6854	-10.728	-1.81786
A152R_A	32	0.902597402597	-10.9541	-10.7732	-2.91872
E1073Q_C	41	0.86301369863	-11.5659	-10.6343	-1.23407
S138C_A	48	0.857142857143	-11.2321	-11.0744	-8.09346
C138L_A	54	0.844155844156	-11.1673	-11.0507	-5.66526
A62H_A	60	0.837662337662	-11.0729	-11.0367	-5.04257
L138I_A	65	0.824675324675	-10.9492	-10.9555	-3.02588
D145K_A	78	0.798701298701	-10.9413	-10.9473	-3.13305
T1042S_C	86	0.753424657534	-10.8208	-10.2818	-1.72207
T51A_A	95	0.772727272727	-10.8284	-10.9469	-1.25194
W53F_A	102	0.753246753247	-10.7172	-11.0417	-3.08272
F1036M_C	108	0.698630136986	-11.039	-9.91485	-1.70615
V29E_A	113	0.720779220779	-10.9518	-11.0656	-1.06106
T108H_A	125	0.714285714286	-10.703	-11.0173	-0.967028
M1039I_C	134	0.671232876712	-10.762	-9.45046	-1.11965
S8E_A	156	0.694805194805	-10.5565	-10.8499	-17.6527
D138K_A	164	0.675324675325	-10.6076	-10.9083	-12.1216
W103V_A	169	0.649350649351	-10.4648	-10.7296	-3.52142
I107H_A	174	0.62987012987	-11.2621	-10.6922	-1.72518
P46I_A	181	0.616883116883	-11.4621	-10.7964	-1.09589
T1043S_C	189	0.616438356164	-11.2329	-10.2841	-2.74102
V1041S_C	199	0.58904109589	-11.1419	-10.2014	-2.20582
E11A_A	215	0.590909090909	-11.2715	-11.9421	-2.92197
S1062E_C	222	0.575342465753	-13.3351	-10.2148	-1.52484
Q1034A_C	230	0.575342465753	-12.9323	-10.1429	-1.71692
E1025S_C	238	0.561643835616	-13.027	-10.1892	-3.03903
N1086A_C	253	0.547945205479	-11.9422	-10.5433	-2.00614
Q1076Y_C	259	0.520547945205	-12.0691	-10.4547	-3.35395
Y58I_A	265	0.558441558442	-12.3431	-11.2053	-1.56541
R1062T_C	273	0.479452054795	-12.2745	-10.4753	-1.95453
A106W_A	280	0.538961038961	-12.2119	-11.1421	-1.16746
W1094K_C	291	0.452054794521	-12.1573	-10.1654	-1.81673
H129I_A	296	0.525974025974	-12.153	-11.0736	-3.76484
R1093V_C	302	0.438356164384	-12.1796	-9.97698	-3.2034
A51F_A	307	0.506493506494	-11.9739	-11.0754	-2.60291
K1038W_C	320	0.424657534247	-11.8942	-9.99982	-2.23585
S1041C_C	325	0.424657534247	-11.8772	-9.98308	-2.44174
N115H_A	337	0.480519480519	-11.9007	-10.9993	-3.75078
F153S_A	342	0.474025974026	-11.8486	-10.9943	-2.40396
T127A_A	352	0.480519480519	-12.2205	-11.2414	-5.13091
L109A_A	357	0.461038961039	-12.4241	-11.5236	-1.61559
R88M_A	377	0.454545454545	-12.2562	-11.41	-2.03753
Q7F_A	393	0.441558441558	-12.3847	-11.4131	-1.26797
L102R_A	398	0.435064935065	-12.7683	-12.1935	-0.825577
P1040W_C	406	0.397260273973	-12.66	-10.0779	-0.881041
A11K_A	416	0.428571428571	-12.7375	-11.8648	-0.697362
E1049D_C	427	0.397260273973	-12.3628	-10.1297	-2.14229
A109P_A	432	0.428571428571	-12.3723	-11.5689	-4.50882
K146Q_A	442	0.422077922078	-12.3829	-11.5745	-3.12223
K44R_A	448	0.409090909091	-13.0426	-11.6667	-2.46918
S117V_A	456	0.409090909091	-13.0052	-12.0017	-2.38963
Q146M_A	463	0.402597402597	-12.8787	-12.3633	-2.14458
Q1062R_C	474	0.397260273973	-12.4502	-10.0236	-2.90497
C1032E_C	485	0.397260273973	-12.56	-9.9167	-2.67577
I92V_A	493	0.396103896104	-12.0787	-11.7234	-1.43637
W30Y_A	498	0.402597402597	-12.0648	-11.6595	-2.88988
T61N_A	506	0.38961038961	-12.1439	-11.6361	-1.8673
V1066T_C	514	0.383561643836	-11.6144	-10.0236	-2.03922
E1032W_C	521	0.369863013699	-11.5212	-10.117	-2.50428
D121V_A	533	0.37012987013	-11.3687	-11.6729	-2.21108
H108M_A	544	0.37012987013	-11.2866	-11.5996	-2.46436
N147K_A	555	0.376623376623	-11.4471	-11.6345	-4.25625
D100V_A	561	0.376623376623	-11.3832	-11.5166	-4.06005
E59W_A	570	0.37012987013	-11.4059	-11.4414	-1.92011
Q10S_A	576	0.357142857143	-10.9919	-11.1815	-3.68492
V12R_A	582	0.350649350649	-11.8519	-11.3901	-2.83281
D33V_A	593	0.337662337662	-11.6523	-10.4941	-2.66388
P131T_A	602	0.337662337662	-11.6517	-10.4886	-2.01307
F19E_A	610	0.344155844156	-11.4334	-11.1726	-1.93139
S1033L_C	616	0.328767123288	-11.0657	-9.48133	-2.98878
W148V_A	622	0.350649350649	-11.0888	-11.0898	-1.26747
Q126T_A	638	0.344155844156	-11.1233	-11.1336	-0.929765
C1050S_C	645	0.342465753425	-11.1531	-9.61716	-4.91406
D1068E_C	653	0.328767123288	-12.1655	-11.571	-2.93441
Y127F_A	658	0.337662337662	-12.1738	-11.0187	-1.84557
A131D_A	668	0.331168831169	-12.095	-11.3004	-0.732633
N29H_A	675	0.324675324675	-12.212	-11.3091	-0.875644
G1077E_C	682	0.301369863014	-12.2927	-11.5457	-1.36161
N14V_A	699	0.324675324675	-12.298	-11.1123	-2.60063
F24C_A	706	0.311688311688	-12.2171	-11.212	-0.982356
C75P_A	712	0.311688311688	-12.2143	-11.2127	-4.2723
D131S_A	720	0.318181818182	-12.0886	-11.0302	-5.10501
Y32N_A	726	0.311688311688	-10.9814	-11.1837	-4.64441
W1038M_C	738	0.287671232877	-10.5508	-10.1083	-2.894
S49D_A	752	0.311688311688	-10.542	-10.4787	-0.913139
S8H_A	765	0.311688311688	-10.5553	-10.4788	-2.95409
F114Y_A	770	0.311688311688	-10.5891	-10.4935	-3.69018
E42Q_A	777	0.305194805195	-10.9343	-10.8341	-2.21072
E99L_A	792	0.292207792208	-10.9488	-10.7861	-3.18065
Y30W_A	807	0.292207792208	-10.8211	-10.9959	-3.03063
L119N_A	814	0.292207792208	-10.7708	-10.7761	-2.18787
D75N_A	827	0.292207792208	-10.7159	-10.2932	-4.94843
P123S_A	834	0.279220779221	-10.7356	-10.1093	-1.88553
I1089L_C	853	0.287671232877	-10.4584	-10.2199	-2.92911
F71S_A	864	0.285714285714	-10.5667	-9.87976	-2.28563
W132I_A	876	0.285714285714	-10.5225	-9.8207	-4.10407
I1059P_C	886	0.287671232877	-10.4994	-10.2103	-3.21854
Q154C_A	892	0.279220779221	-10.4757	-10.3355	-2.0269
G1070Y_C	900	0.287671232877	-10.4445	-10.8844	-3.20499
D1085E_C	908	0.27397260274	-10.4202	-10.893	-2.31364
E1091D_C	919	0.27397260274	-10.6338	-10.2673	-1.06388
E1033I_C	932	0.260273972603	-10.5927	-10.1542	-2.90372
M1081I_C	940	0.260273972603	-10.6733	-10.1192	-3.02236
Y124C_A	948	0.25974025974	-10.6939	-10.3942	-1.52353
D79Y_A	970	0.253246753247	-10.6999	-10.5746	-0.884401
N75L_A	993	0.253246753247	-10.6596	-10.5141	-3.37517
