name	count	identity	interface_identity	non_interface_identity	evolved_interaction	ancestral_interaction	stability
Q1056C_C	1	0.986301369863	1.0	0.980392156863	-10.516	-10.3844	-7.2259
A1051P_C	6	0.958904109589	0.954545454545	0.960784313725	-10.5627	-10.4163	-4.96976
D33W_A	11	0.954545454545	1.0	0.948148148148	-11.1291	-10.8047	-12.2307
T91D_A	17	0.935064935065	1.0	0.925925925926	-11.1334	-10.561	-12.5012
D145G_A	22	0.922077922078	1.0	0.911111111111	-11.1165	-10.5627	-12.3119
G145I_A	27	0.902597402597	1.0	0.888888888889	-11.4109	-10.837	-6.86119
P128Q_A	40	0.87012987013	1.0	0.851851851852	-10.7541	-10.2485	-1.2777
S122E_A	47	0.844155844156	0.947368421053	0.82962962963	-11.0609	-10.498	-1.05902
V29R_A	56	0.824675324675	0.947368421053	0.807407407407	-11.1805	-10.3595	-2.93583
S89N_A	64	0.798701298701	0.894736842105	0.785185185185	-11.3883	-10.8319	-3.95495
K31F_A	72	0.785714285714	0.894736842105	0.77037037037	-10.5891	-10.8087	-5.59824
K153R_A	78	0.75974025974	0.894736842105	0.740740740741	-10.5944	-10.8422	-3.09441
I45M_A	88	0.733766233766	0.894736842105	0.711111111111	-10.5221	-10.867	-1.59999
K60T_A	107	0.727272727273	0.894736842105	0.703703703704	-10.6457	-10.8655	-0.92002
G1074P_C	121	0.767123287671	0.818181818182	0.745098039216	-10.6262	-10.3088	-3.60508
K1036H_C	128	0.767123287671	0.818181818182	0.745098039216	-10.6554	-10.3298	-2.74027
W53F_A	143	0.675324675325	0.894736842105	0.644444444444	-10.6251	-10.8467	-1.66949
I1094M_C	150	0.753424657534	0.818181818182	0.725490196078	-10.7895	-10.4457	-3.31035
T1043E_C	160	0.739726027397	0.818181818182	0.705882352941	-10.8131	-10.4663	-4.25108
E1043L_C	174	0.72602739726	0.772727272727	0.705882352941	-11.1547	-10.3567	-5.71462
E1055D_C	187	0.72602739726	0.772727272727	0.705882352941	-11.1319	-10.3291	-4.61253
M1054A_C	198	0.712328767123	0.772727272727	0.686274509804	-11.2236	-10.3292	-5.55335
E1050R_C	203	0.698630136986	0.772727272727	0.666666666667	-11.4319	-10.909	-4.99811
R135K_A	210	0.603896103896	0.772727272727	0.575757575758	-11.4182	-10.6845	-0.926349
S156Y_A	216	0.584415584416	0.681818181818	0.568181818182	-12.3722	-11.5446	-2.29988
R1044T_C	227	0.657534246575	0.772727272727	0.607843137255	-11.6033	-10.6652	-1.61186
H1036G_C	236	0.643835616438	0.772727272727	0.588235294118	-11.4386	-10.3741	-1.69806
Q130N_A	249	0.571428571429	0.681818181818	0.55303030303	-11.3515	-10.4365	-3.24527
E11A_A	254	0.558441558442	0.681818181818	0.537878787879	-11.3849	-10.5018	-5.61437
Q1076I_C	261	0.58904109589	0.772727272727	0.509803921569	-11.3855	-10.2635	-1.3585
E49V_A	279	0.532467532468	0.666666666667	0.511278195489	-12.1731	-12.2203	-4.8177
K18N_A	287	0.519480519481	0.619047619048	0.503759398496	-11.8578	-10.1077	-7.83769
N130E_A	293	0.506493506494	0.631578947368	0.488888888889	-11.7964	-10.048	-2.49141
H51M_A	300	0.5	0.631578947368	0.481481481481	-11.4099	-10.1322	-1.56709
C93H_A	312	0.487012987013	0.631578947368	0.466666666667	-11.3492	-9.98791	-3.43904
D100S_A	325	0.474025974026	0.631578947368	0.451851851852	-11.311	-9.97753	-2.4734
D35F_A	336	0.480519480519	0.631578947368	0.459259259259	-13.0232	-11.1751	-2.25356
K154L_A	350	0.474025974026	0.631578947368	0.451851851852	-13.0244	-11.1818	-2.05131
W138T_A	362	0.474025974026	0.631578947368	0.451851851852	-13.0277	-11.1956	-2.25158
G1036Q_C	374	0.493150684932	0.695652173913	0.4	-13.9989	-9.91546	-4.00718
N18L_A	381	0.467532467532	0.631578947368	0.444444444444	-14.3895	-12.3385	0.389822
T1038F_C	388	0.452054794521	0.652173913043	0.36	-14.5026	-10.1108	-2.83136
Q39K_A	395	0.448051948052	0.647058823529	0.423357664234	-12.3391	-12.1552	-0.032933
I1032V_C	403	0.438356164384	0.608695652174	0.36	-12.217	-8.20133	-5.99943
Y108M_A	408	0.435064935065	0.647058823529	0.408759124088	-12.2797	-12.0156	-1.74449
P105R_A	413	0.428571428571	0.647058823529	0.401459854015	-12.3493	-12.5142	-1.76322
R1057Y_C	426	0.438356164384	0.608695652174	0.36	-12.3493	-8.24769	-2.48941
E120L_A	436	0.428571428571	0.611111111111	0.404411764706	-12.2639	-12.0493	-1.46475
M1043V_C	445	0.424657534247	0.565217391304	0.36	-12.1674	-7.69695	-1.18181
K143Q_A	453	0.415584415584	0.611111111111	0.389705882353	-11.9736	-12.1077	-1.70835
E147K_A	462	0.415584415584	0.611111111111	0.389705882353	-11.9972	-12.1106	-2.48129
Q1054W_C	468	0.452054794521	0.565217391304	0.4	-12.5745	-7.50384	-1.59713
A131M_A	478	0.409090909091	0.611111111111	0.382352941176	-12.6896	-11.406	0.341437
S1062W_C	486	0.41095890411	0.565217391304	0.34	-13.1333	-7.45291	-2.51282
Y1057K_C	494	0.41095890411	0.565217391304	0.34	-12.9103	-7.45291	-5.05082
R14K_A	499	0.409090909091	0.588235294118	0.386861313869	-12.0345	-11.6236	-1.31803
F1024D_C	507	0.41095890411	0.565217391304	0.34	-11.715	-7.89288	-1.02983
K27R_A	515	0.409090909091	0.529411764706	0.394160583942	-12.2203	-11.8265	-2.93028
L38I_A	523	0.409090909091	0.529411764706	0.394160583942	-12.6927	-12.332	-0.901654
L1077Q_C	537	0.356164383562	0.541666666667	0.265306122449	-12.7684	-7.38929	-2.02399
V82Q_A	550	0.409090909091	0.529411764706	0.394160583942	-12.6832	-12.3415	-1.5315
M94L_A	560	0.415584415584	0.555555555556	0.397058823529	-12.477	-12.7376	-2.70563
T133I_A	571	0.422077922078	0.555555555556	0.404411764706	-12.4732	-12.7141	-5.07219
H118L_A	576	0.415584415584	0.555555555556	0.397058823529	-12.593	-12.7176	-4.15947
C123P_A	581	0.409090909091	0.555555555556	0.389705882353	-12.5937	-12.7623	-5.12252
C98F_A	587	0.402597402597	0.555555555556	0.382352941176	-12.8424	-12.9251	-2.01595
F134Y_A	595	0.402597402597	0.555555555556	0.382352941176	-12.7991	-12.8839	-2.43578
K141L_A	602	0.383116883117	0.5	0.367647058824	-12.7257	-12.8217	-0.938492
R104H_A	610	0.376623376623	0.411764705882	0.372262773723	-12.1425	-12.7958	-0.777547
Y153T_A	620	0.376623376623	0.411764705882	0.372262773723	-11.5757	-12.1579	-2.13943
D1029V_C	633	0.301369863014	0.48	0.208333333333	-12.3631	-7.52033	-4.37788
R27C_A	643	0.37012987013	0.411764705882	0.36496350365	-11.6106	-11.1924	-2.14828
Y1037M_C	651	0.301369863014	0.48	0.208333333333	-11.322	-7.50756	-2.63871
Q1093N_C	658	0.301369863014	0.48	0.208333333333	-11.2213	-7.46885	-1.86229
R8I_A	670	0.350649350649	0.411764705882	0.343065693431	-11.2158	-10.503	-6.00781
Y106R_A	680	0.337662337662	0.411764705882	0.328467153285	-11.4823	-10.4803	-4.1335
W1075K_C	686	0.315068493151	0.48	0.229166666667	-11.6817	-8.00354	-1.92292
F1094K_C	695	0.315068493151	0.48	0.229166666667	-11.5689	-7.82331	-3.32582
E63M_A	702	0.318181818182	0.411764705882	0.306569343066	-11.4793	-10.079	-3.10924
K1091E_C	711	0.315068493151	0.48	0.229166666667	-11.6621	-7.19759	-3.33134
N1040R_C	723	0.301369863014	0.48	0.208333333333	-11.6268	-7.22672	-2.78085
R1061N_C	735	0.315068493151	0.48	0.229166666667	-10.9221	-6.57333	-2.8136
M121P_A	747	0.305194805195	0.411764705882	0.29197080292	-10.971	-10.0355	-1.37625
M1093Y_C	763	0.328767123288	0.48	0.25	-10.9562	-6.46898	-2.49436
T113V_A	771	0.298701298701	0.466666666667	0.280575539568	-10.5733	-9.9828	-2.33362
H70T_A	843	0.298701298701	0.466666666667	0.280575539568	-10.8193	-9.92254	-1.46573
R67W_A	854	0.292207792208	0.466666666667	0.273381294964	-10.9265	-10.0659	-1.44435
R1040Q_C	863	0.328767123288	0.48	0.25	-10.9223	-6.33521	-2.64938
T1044H_C	874	0.301369863014	0.44	0.229166666667	-10.7884	-6.2056	-2.26435
S45N_A	884	0.298701298701	0.466666666667	0.280575539568	-10.7209	-10.1159	-2.52875
P143Y_A	891	0.298701298701	0.466666666667	0.280575539568	-10.7024	-9.99004	-2.64995
L122I_A	898	0.305194805195	0.466666666667	0.287769784173	-10.7503	-10.4419	-2.32525
I19L_A	912	0.305194805195	0.466666666667	0.287769784173	-10.8462	-10.3381	-2.59954
A1095Y_C	920	0.287671232877	0.4	0.229166666667	-11.7717	-6.16055	-2.7973
M139Q_A	931	0.298701298701	0.4375	0.282608695652	-11.1064	-9.92177	-1.93486
F39Q_A	936	0.305194805195	0.4375	0.289855072464	-10.9259	-9.89421	-3.79898
I1046R_C	943	0.287671232877	0.4	0.229166666667	-10.9178	-6.07012	-2.85802
W16L_A	948	0.298701298701	0.375	0.289855072464	-10.9864	-9.48269	-2.30073
I1035L_C	963	0.27397260274	0.4	0.208333333333	-11.6019	-7.14615	-3.01302
G18I_A	975	0.298701298701	0.375	0.289855072464	-12.0409	-9.84889	-1.2656
K1086L_C	983	0.27397260274	0.4	0.208333333333	-12.3445	-7.12398	-3.16554
L67Y_A	990	0.298701298701	0.352941176471	0.29197080292	-12.2916	-9.85434	-1.21695
L19G_A	998	0.298701298701	0.352941176471	0.29197080292	-12.4023	-9.94287	-1.73739
