name	count	identity	evolved_interaction	ancestral_interaction	stability
Q151E_A	1	0.993506493506	-10.4946	-10.5197	-25.5183
I60H_A	7	0.967532467532	-10.4786	-10.4651	-14.4698
S136V_A	13	0.935064935065	-10.5276	-10.5619	-11.6914
G23Q_A	18	0.909090909091	-10.9716	-10.9583	-8.58351
K110S_A	23	0.883116883117	-10.8693	-10.8324	-1.73964
G38N_A	28	0.876623376623	-10.9749	-10.8221	-2.23177
V136M_A	35	0.87012987013	-11.0868	-10.8276	-4.54413
V116M_A	40	0.857142857143	-11.2908	-10.8852	-4.88486
D1080M_C	50	0.876712328767	-10.5931	-10.8317	-1.94546
Y82R_A	59	0.805194805195	-10.5909	-10.2807	-2.77768
L6E_A	66	0.792207792208	-11.2634	-10.1782	-5.81441
I92T_A	73	0.779220779221	-11.1859	-10.1972	-2.12239
P128T_A	81	0.772727272727	-11.1887	-10.2013	-1.8102
K1056T_C	89	0.821917808219	-11.168	-11.2204	-1.822
D100E_A	97	0.753246753247	-11.2293	-10.2112	-2.40841
W1038V_C	112	0.821917808219	-11.779	-10.6645	-2.82562
A32F_A	215	0.714285714286	-11.7679	-11.1462	-2.34792
D136R_A	244	0.707792207792	-11.6913	-11.0903	-6.6777
F24Y_A	249	0.688311688312	-11.627	-11.2361	-1.18372
R82P_A	261	0.688311688312	-11.5833	-11.2319	-1.98028
A1053C_C	270	0.712328767123	-11.804	-10.5633	-0.57683
N104R_A	283	0.655844155844	-11.804	-11.2573	-2.42451
Q10I_A	293	0.62987012987	-11.8217	-11.2784	-1.78151
G115V_A	307	0.61038961039	-11.8404	-11.2793	-3.39114
T32A_A	314	0.61038961039	-11.791	-11.2784	-1.90744
Q1073I_C	325	0.698630136986	-11.7706	-10.5636	-1.42574
E42G_A	336	0.584415584416	-12.5207	-12.5731	-1.84101
A1051K_C	345	0.671232876712	-12.524	-10.5694	-1.72832
M1025F_C	354	0.643835616438	-12.4412	-10.025	-2.71981
Q44L_A	360	0.577922077922	-12.5155	-12.6388	-4.07323
C91M_A	370	0.564935064935	-12.4631	-12.3659	-2.25985
L4R_A	376	0.551948051948	-12.6219	-12.5073	-1.44239
T128E_A	381	0.551948051948	-12.6603	-12.4936	-1.32522
M91I_A	394	0.551948051948	-12.5865	-12.4265	-3.04643
L1038Q_C	405	0.575342465753	-12.5421	-9.63938	-1.28379
V1028W_C	417	0.561643835616	-11.6032	-8.91103	-1.11317
H83T_A	423	0.525974025974	-10.9375	-11.0353	-1.41702
A55C_A	434	0.519480519481	-10.8598	-10.9798	-0.65173
C88S_A	440	0.512987012987	-10.8463	-10.8424	-1.36706
I1073F_C	451	0.506849315068	-10.8826	-8.51386	-1.35819
V29Q_A	459	0.480519480519	-11.1838	-11.0975	-3.08598
Y1032K_C	469	0.520547945205	-11.1391	-8.50699	-3.75836
W118A_A	474	0.461038961039	-11.1196	-10.6431	-2.21669
V1079C_C	485	0.479452054795	-10.9893	-8.31827	-2.17958
D1056L_C	494	0.479452054795	-11.0357	-8.2656	-5.94126
L7R_A	511	0.448051948052	-11.2348	-10.7767	-1.47195
M1070R_C	523	0.438356164384	-11.6011	-8.2777	-4.17191
M1095F_C	535	0.438356164384	-11.5786	-8.45625	-3.95152
M1086W_C	549	0.397260273973	-10.5957	-7.76655	-0.962745
S32W_A	565	0.441558441558	-10.6301	-11.2488	-2.07576
Q130S_A	571	0.435064935065	-10.6705	-11.0697	-2.12068
K117F_A	577	0.435064935065	-10.7363	-10.946	-2.09894
L1056Q_C	586	0.397260273973	-11.0588	-8.24534	-1.95216
H110L_A	594	0.435064935065	-10.9165	-11.4048	-2.08988
F111L_A	609	0.428571428571	-10.9375	-11.4231	-1.28766
R1095H_C	621	0.397260273973	-10.7072	-7.3653	-1.75511
K71E_A	630	0.415584415584	-10.5985	-11.2579	-2.11855
I95E_A	637	0.415584415584	-10.7719	-10.7943	-0.939226
H101K_A	650	0.415584415584	-10.9623	-10.6736	-1.24146
H1023Q_C	659	0.383561643836	-10.9136	-7.66321	-3.30704
C1033K_C	665	0.383561643836	-10.613	-7.32982	-2.78063
Q34G_A	673	0.422077922078	-10.6332	-10.6949	-4.85704
S1086N_C	680	0.397260273973	-11.0052	-8.84037	-2.64962
G32H_A	687	0.402597402597	-11.0064	-10.8291	-2.51048
I1088V_C	697	0.369863013699	-11.0005	-8.25633	-1.39362
I67E_A	709	0.402597402597	-10.7615	-11.132	-2.71363
N1086R_C	718	0.356164383562	-10.8716	-8.39384	-0.98636
A1059E_C	725	0.369863013699	-11.1881	-8.94567	-2.18608
D1046E_C	742	0.369863013699	-11.29	-8.94916	-3.1227
N149R_A	751	0.38961038961	-10.5889	-11.9013	-0.941917
Y150V_A	761	0.383116883117	-10.4657	-8.51363	-0.572396
S99Y_A	775	0.383116883117	-10.4456	-8.47659	-1.98729
W63L_A	783	0.383116883117	-10.6819	-8.7237	-1.07838
C153T_A	793	0.383116883117	-10.6685	-8.72425	-1.63471
A152T_A	798	0.383116883117	-10.5268	-8.78847	-0.354415
D33Q_A	807	0.37012987013	-10.7279	-8.56318	-1.12491
K27Y_A	816	0.357142857143	-10.7839	-8.13835	-1.99019
W55M_A	828	0.350649350649	-10.8454	-8.34381	-0.97511
F81L_A	839	0.337662337662	-10.8187	-8.53064	-1.12062
L1030M_C	846	0.315068493151	-11.3825	-7.72877	-2.94149
Y89Q_A	863	0.324675324675	-11.3937	-8.86746	-1.74818
W133A_A	869	0.331168831169	-11.3923	-8.8648	-1.83693
Q33G_A	877	0.331168831169	-11.4185	-9.00859	-2.19033
E131A_A	886	0.318181818182	-11.6574	-9.21913	-1.82969
I138V_A	897	0.311688311688	-11.7072	-9.03781	-0.927376
W1063M_C	909	0.27397260274	-11.7928	-5.38311	-2.95084
I1074E_C	916	0.27397260274	-10.7967	-2.11275	-3.73092
C1053I_C	925	0.287671232877	-10.7728	-2.11223	-1.41639
A154C_A	930	0.318181818182	-10.6478	-8.16917	-4.23789
M24Q_A	935	0.318181818182	-10.6035	-8.04121	-2.81355
H92Q_A	944	0.318181818182	-10.6077	-7.94692	-2.05977
S1058V_C	960	0.27397260274	-10.6003	-2.10229	-4.47079
L1026T_C	968	0.260273972603	-10.5394	-2.13076	-2.67692
T125E_A	983	0.324675324675	-11.0085	-8.19733	-2.61406
T1077I_C	989	0.219178082192	-10.8917	-2.1715	-3.86235
C31E_A	997	0.324675324675	-10.7836	-8.35992	-2.08452
