name	count	identity	interface_identity	non_interface_identity	evolved_interaction	ancestral_interaction	stability
E11V_A	1	0.993506493506	1.0	0.992592592593	-10.5603	-10.5442	-25.9987
L1048C_C	7	0.972602739726	1.0	0.960784313725	-10.5408	-10.3775	-6.16202
S127H_A	13	0.948051948052	0.947368421053	0.948148148148	-10.7246	-10.7885	-17.5927
E99T_A	19	0.922077922078	0.947368421053	0.918518518519	-10.589	-10.7402	-14.4503
L97C_A	24	0.88961038961	0.947368421053	0.881481481481	-10.557	-10.7327	-15.4309
D118Y_A	30	0.87012987013	0.904761904762	0.864661654135	-11.0808	-10.7028	-17.776
H127T_A	36	0.844155844156	0.904761904762	0.834586466165	-11.155	-10.7985	-13.8293
D37F_A	41	0.824675324675	0.904761904762	0.812030075188	-11.1228	-10.4512	-12.8828
R104P_A	50	0.798701298701	0.904761904762	0.781954887218	-11.16	-10.5158	-3.40168
Q111T_A	59	0.785714285714	0.904761904762	0.766917293233	-11.1897	-10.9412	-1.70252
N9L_A	75	0.772727272727	0.904761904762	0.751879699248	-11.233	-10.9928	-5.16862
F63L_A	81	0.75974025974	0.904761904762	0.736842105263	-10.9784	-10.9526	-1.59342
M1044L_C	91	0.849315068493	0.863636363636	0.843137254902	-11.2803	-8.49827	-1.80135
Q78F_A	104	0.746753246753	0.904761904762	0.721804511278	-11.3055	-10.9611	-0.792013
S95I_A	113	0.727272727273	0.904761904762	0.699248120301	-11.6424	-10.9542	-2.7056
S136E_A	121	0.707792207792	0.904761904762	0.676691729323	-11.6501	-10.9482	-1.81978
L63R_A	128	0.701298701299	0.904761904762	0.669172932331	-11.6376	-10.947	-0.569554
D1080L_C	135	0.753424657534	0.818181818182	0.725490196078	-11.5944	-8.79112	-3.44687
A118K_A	158	0.681818181818	0.857142857143	0.654135338346	-11.5661	-10.9138	-0.459503
M1060H_C	174	0.684931506849	0.772727272727	0.647058823529	-11.571	-8.77996	-2.18196
L6C_A	180	0.655844155844	0.857142857143	0.624060150376	-11.256	-10.9081	-0.3352
D100I_A	190	0.636363636364	0.857142857143	0.601503759398	-11.5077	-10.9154	-1.6666
H1073R_C	197	0.657534246575	0.772727272727	0.607843137255	-10.9685	-8.75049	-2.69336
P104R_A	206	0.62987012987	0.809523809524	0.601503759398	-10.706	-10.033	-8.79967
N1071Y_C	212	0.630136986301	0.727272727273	0.588235294118	-11.0119	-9.00921	-2.62354
P48C_A	220	0.616883116883	0.809523809524	0.586466165414	-10.9962	-10.0331	-5.10049
D1085V_C	225	0.58904109589	0.681818181818	0.549019607843	-10.8052	-8.81103	-0.745557
F78T_A	234	0.61038961039	0.809523809524	0.578947368421	-10.8034	-10.0777	-1.9964
E1059M_C	246	0.561643835616	0.681818181818	0.509803921569	-10.8022	-9.03722	-4.92293
R1047L_C	252	0.534246575342	0.681818181818	0.470588235294	-10.6879	-8.90478	-5.4063
C138Y_A	262	0.590909090909	0.809523809524	0.556390977444	-10.8202	-10.0688	-1.25349
S89W_A	269	0.577922077922	0.809523809524	0.541353383459	-10.8343	-10.0816	-1.82802
C93K_A	278	0.564935064935	0.809523809524	0.526315789474	-10.8339	-10.0608	-2.41835
K27W_A	285	0.551948051948	0.761904761905	0.518796992481	-10.528	-10.104	-1.74695
L98Y_A	300	0.545454545455	0.761904761905	0.511278195489	-11.0488	-10.0998	-0.388861
K153H_A	310	0.538961038961	0.761904761905	0.503759398496	-11.0324	-10.1377	-1.21371
Y98V_A	322	0.525974025974	0.722222222222	0.5	-11.2497	-10.1466	-1.25285
T108L_A	334	0.506493506494	0.722222222222	0.477941176471	-11.1302	-10	-1.03854
C97M_A	346	0.5	0.666666666667	0.477941176471	-11.0337	-9.5195	-2.34272
M142P_A	360	0.493506493506	0.611111111111	0.477941176471	-10.6369	-9.31485	-1.95257
Q61E_A	372	0.487012987013	0.611111111111	0.470588235294	-10.6307	-9.32833	-1.29564
K144G_A	382	0.493506493506	0.611111111111	0.477941176471	-10.6283	-9.32809	-3.37179
K93G_A	392	0.493506493506	0.611111111111	0.477941176471	-10.9304	-9.54209	-2.18446
F132A_A	399	0.487012987013	0.611111111111	0.470588235294	-11.1115	-9.9473	-2.44537
H1092Y_C	406	0.452054794521	0.565217391304	0.4	-11.3059	-9.87246	-1.2379
C117K_A	422	0.474025974026	0.705882352941	0.445255474453	-10.9262	-10.059	-1.93719
S1055V_C	434	0.452054794521	0.565217391304	0.4	-10.9288	-9.93265	-1.24515
I1024L_C	447	0.438356164384	0.565217391304	0.38	-11.2105	-9.92673	-1.81567
F33A_A	470	0.454545454545	0.705882352941	0.423357664234	-11.126	-10.5437	-0.75647
F1063M_C	477	0.41095890411	0.565217391304	0.34	-10.9606	-9.93171	-1.14682
A132W_A	486	0.448051948052	0.631578947368	0.422222222222	-11.2971	-10.258	-3.071
I64N_A	494	0.441558441558	0.631578947368	0.414814814815	-11.1825	-10.3393	-1.11578
Q1056S_C	502	0.397260273973	0.565217391304	0.32	-11.1264	-9.86447	-1.04536
K36Y_A	518	0.435064935065	0.631578947368	0.407407407407	-10.7488	-9.64308	-1.31571
K75F_A	532	0.435064935065	0.631578947368	0.407407407407	-10.6442	-9.7264	-2.19962
Q63E_A	540	0.435064935065	0.631578947368	0.407407407407	-10.6448	-9.88079	-2.69305
P21F_A	550	0.422077922078	0.578947368421	0.4	-10.8351	-9.85019	-0.538312
W151M_A	558	0.415584415584	0.578947368421	0.392592592593	-10.6943	-10.9389	-2.91412
P46M_A	564	0.402597402597	0.526315789474	0.385185185185	-11.1154	-11.0771	-1.44568
T67N_A	574	0.38961038961	0.473684210526	0.377777777778	-10.7753	-10.6653	-2.96022
A1079V_C	581	0.383561643836	0.565217391304	0.3	-10.8079	-9.66461	-2.75357
C123E_A	592	0.383116883117	0.473684210526	0.37037037037	-10.851	-10.7152	-1.92906
G56S_A	604	0.376623376623	0.473684210526	0.362962962963	-11.0237	-10.7257	-2.8259
V29L_A	610	0.363636363636	0.473684210526	0.348148148148	-11.0734	-10.7055	-2.50838
T113H_A	618	0.363636363636	0.473684210526	0.348148148148	-11.1206	-10.4016	-2.44773
Q1029M_C	624	0.356164383562	0.565217391304	0.26	-10.9102	-12.561	-6.7129
E6V_A	631	0.357142857143	0.473684210526	0.340740740741	-10.9487	-10.0904	-2.89813
K40M_A	641	0.344155844156	0.473684210526	0.325925925926	-10.992	-9.85764	-2.6736
R102M_A	656	0.344155844156	0.473684210526	0.325925925926	-10.6864	-9.85849	-2.72256
E148T_A	668	0.344155844156	0.473684210526	0.325925925926	-10.8327	-10.1637	-5.61621
V78L_A	675	0.337662337662	0.473684210526	0.318518518519	-10.6439	-10.0308	-3.34781
S79P_A	687	0.337662337662	0.473684210526	0.318518518519	-11.0217	-9.76889	-2.05447
K1060N_C	692	0.342465753425	0.565217391304	0.24	-11.1339	-12.0675	-1.39564
R1033E_C	700	0.328767123288	0.521739130435	0.24	-10.6501	-11.3541	-2.98878
D1075R_C	707	0.315068493151	0.521739130435	0.22	-10.7764	-11.1406	-2.78595
M1073P_C	721	0.328767123288	0.565217391304	0.22	-10.822	-11.194	-4.48799
M1038Y_C	730	0.342465753425	0.565217391304	0.24	-10.7221	-11.17	-2.99647
N116K_A	746	0.331168831169	0.5	0.308823529412	-10.7995	-10.0109	-1.6044
Q11R_A	755	0.331168831169	0.5	0.308823529412	-10.7888	-10.2281	-4.3709
C1086K_C	760	0.328767123288	0.545454545455	0.235294117647	-11.3996	-10.808	-3.11035
M37F_A	767	0.324675324675	0.5	0.301470588235	-11.4082	-11.5996	-4.44887
K1086W_C	775	0.328767123288	0.545454545455	0.235294117647	-11.5334	-10.9415	-2.40729
K1023H_C	783	0.356164383562	0.545454545455	0.274509803922	-11.5323	-10.9619	-2.76683
S131E_A	794	0.331168831169	0.5	0.308823529412	-11.4664	-11.2956	-1.47155
I95M_A	806	0.331168831169	0.5	0.308823529412	-11.7797	-11.4421	-0.975995
V98M_A	835	0.331168831169	0.5	0.308823529412	-11.8319	-11.4418	-2.85892
N126M_A	844	0.318181818182	0.5	0.294117647059	-11.6203	-11.1409	-0.576832
H1023G_C	858	0.342465753425	0.545454545455	0.254901960784	-11.8248	-10.9125	-3.98959
G11R_A	867	0.311688311688	0.470588235294	0.29197080292	-11.9171	-11.6709	-2.79711
P105L_A	879	0.298701298701	0.470588235294	0.277372262774	-11.8637	-11.7132	-1.71688
E63R_A	896	0.292207792208	0.470588235294	0.270072992701	-11.9686	-12.2985	-0.406214
P30Q_A	911	0.292207792208	0.470588235294	0.270072992701	-11.9299	-11.8113	-0.368869
F99Q_A	936	0.292207792208	0.470588235294	0.270072992701	-11.5615	-12.1047	-2.46692
C62E_A	944	0.285714285714	0.470588235294	0.262773722628	-11.6406	-12.2751	-1.7826
K1075L_C	956	0.301369863014	0.478260869565	0.22	-11.443	-10.3404	-3.22864
M145W_A	965	0.266233766234	0.411764705882	0.248175182482	-11.3911	-12.2968	-3.51754
G144L_A	974	0.266233766234	0.411764705882	0.248175182482	-11.217	-11.969	-4.4831
I108T_A	981	0.266233766234	0.411764705882	0.248175182482	-11.1829	-11.9799	-3.72341
C127E_A	986	0.266233766234	0.411764705882	0.248175182482	-10.8398	-10.9869	-4.09461
V1055N_C	997	0.301369863014	0.5	0.21568627451	-10.9338	-10.448	-1.42888
