name	count	identity	interface_identity	non_interface_identity	evolved_interaction	ancestral_interaction	stability
D1075E_C	1	0.986301369863	1.0	0.980392156863	-10.4739	-10.5089	-7.8714
D19M_A	9	0.974025974026	0.947368421053	0.977777777778	-9.79661	-11.0006	-26.3051
E63T_A	14	0.941558441558	0.842105263158	0.955555555556	-1.88393	-2.64198	-24.5314
D1085N_C	34	0.931506849315	0.85	0.962264150943	-2.96199	-6.14827	-7.16853
N98D_A	41	0.902597402597	0.8	0.917910447761	-3.64116	-3.02077	-26.0311
K1040R_C	46	0.904109589041	0.857142857143	0.923076923077	-3.53253	-6.23963	-8.24902
V1070K_C	52	0.876712328767	0.761904761905	0.923076923077	-2.92611	-7.59909	-8.2881
I1088Q_C	58	0.849315068493	0.714285714286	0.903846153846	-1.58731	-5.70898	-9.38714
K74L_A	69	0.844155844156	0.722222222222	0.860294117647	-2.99029	-3.66196	-25.623
W117L_A	74	0.837662337662	0.722222222222	0.852941176471	-2.15631	-3.29913	-26.3654
Q151I_A	79	0.824675324675	0.722222222222	0.838235294118	-0.0598819	-3.27458	-26.3322
D61I_A	86	0.818181818182	0.6875	0.833333333333	-0.0365791	-3.29318	-25.6492
N124L_A	93	0.805194805195	0.6875	0.81884057971	0.424136	-3.29318	-26.6874
A1074D_C	103	0.698630136986	0.368421052632	0.814814814815	9.4791	11.7575	-5.37178
E99C_A	111	0.798701298701	0.705882352941	0.810218978102	9.78594	-2.59734	-24.0637
E143D_A	119	0.785714285714	0.722222222222	0.794117647059	4.84211	-2.53708	-26.0844
I112M_A	130	0.766233766234	0.722222222222	0.772058823529	4.85126	-2.47383	-24.6549
L149Q_A	135	0.746753246753	0.722222222222	0.75	4.85124	-2.47675	-24.794
Q1076Y_C	143	0.657534246575	0.4	0.754716981132	4.94176	2.39366	-8.74118
L1080N_C	150	0.616438356164	0.35	0.716981132075	4.81873	2.32131	-7.71457
E154Q_A	161	0.733766233766	0.736842105263	0.733333333333	3.51315	-0.77052	-25.7198
V57D_A	167	0.727272727273	0.681818181818	0.734848484848	3.46562	-0.691738	-25.739
F49C_A	174	0.720779220779	0.65	0.731343283582	1.04905	-3.0632	-24.6694
N52W_A	185	0.701298701299	0.65	0.708955223881	0.927004	-3.06147	-25.3125
V1085A_C	193	0.575342465753	0.333333333333	0.673076923077	0.775758	3.98547	-5.77695
E67S_A	199	0.668831168831	0.65	0.671641791045	0.756951	-2.12355	-25.8574
P1061D_C	217	0.58904109589	0.3	0.698113207547	1.11358	3.11717	-5.74934
E11T_A	226	0.649350649351	0.6	0.65671641791	0.857299	-1.81843	-24.3307
A1084D_C	233	0.58904109589	0.285714285714	0.711538461538	0.51069	2.20468	-6.38778
I7A_A	252	0.623376623377	0.6	0.626865671642	0.528614	-1.77789	-23.7759
K1066Y_C	260	0.575342465753	0.285714285714	0.692307692308	1.16693	3.06478	-6.76694
A1027T_C	265	0.561643835616	0.285714285714	0.673076923077	1.15937	3.87385	-7.0785
A54Y_A	279	0.603896103896	0.6	0.60447761194	1.15722	-1.86245	-24.3107
Q1073K_C	286	0.520547945205	0.285714285714	0.615384615385	1.86029	3.73555	-7.45882
D1082H_C	292	0.506849315068	0.25	0.603773584906	2.06274	4.555	-5.91713
M134T_A	299	0.590909090909	0.619047619048	0.586466165414	0.91711	-2.40805	-24.3597
M1060F_C	311	0.465753424658	0.25	0.547169811321	0.903772	4.16846	-5.877
H17A_A	319	0.571428571429	0.619047619048	0.563909774436	1.35468	-2.44081	-25.8204
Q1047L_C	330	0.438356164384	0.25	0.509433962264	1.35256	4.11739	-5.57947
Q1088V_C	338	0.438356164384	0.25	0.509433962264	0.774754	3.63816	-7.14384
I96C_A	345	0.519480519481	0.619047619048	0.503759398496	0.246521	-2.25007	-24.0034
Y141K_A	354	0.519480519481	0.6	0.507462686567	0.759272	-2.23373	-24.6069
T1027V_C	362	0.41095890411	0.25	0.471698113208	0.753016	2.04945	-6.16491
A106C_A	369	0.512987012987	0.6	0.5	1.39517	-1.7781	-26.8289
P59C_A	374	0.493506493506	0.55	0.485074626866	1.17648	-1.3747	-25.8356
Y1087S_C	381	0.397260273973	0.25	0.452830188679	2.10365	0.428992	-6.53041
R128G_A	388	0.487012987013	0.555555555556	0.477941176471	2.08552	-1.48734	-28.0637
G140K_A	397	0.480519480519	0.529411764706	0.474452554745	1.9235	-1.65839	-24.7112
Q1074W_C	406	0.383561643836	0.3	0.415094339623	1.98144	1.50461	-7.6827
K70W_A	417	0.467532467532	0.473684210526	0.466666666667	1.9961	-0.882033	-24.2877
F32T_A	425	0.461038961039	0.421052631579	0.466666666667	2.07751	-0.987308	-24.2551
I1070H_C	438	0.369863013699	0.25	0.415094339623	2.10951	8.69727	-3.59149
G128H_A	451	0.461038961039	0.388888888889	0.470588235294	0.785932	0.852383	-24.5199
K153F_A	457	0.441558441558	0.388888888889	0.448529411765	0.990517	1.31318	-24.0638
M1023F_C	464	0.369863013699	0.210526315789	0.425925925926	1.05625	13.3363	-6.54397
L107F_A	470	0.441558441558	0.388888888889	0.448529411765	1.05802	1.3088	-24.103
W70L_A	484	0.435064935065	0.388888888889	0.441176470588	1.07117	0.912009	-25.501
F54N_A	491	0.428571428571	0.388888888889	0.433823529412	1.05533	0.911348	-23.88
K1084S_C	500	0.356164383562	0.210526315789	0.407407407407	1.10183	8.38646	-4.6988
T11L_A	507	0.422077922078	0.388888888889	0.426470588235	1.52438	0.92595	-24.9316
L11I_A	516	0.422077922078	0.4375	0.420289855072	1.49863	-0.113773	-23.3737
Q1056M_C	528	0.315068493151	0.166666666667	0.363636363636	1.76925	5.78377	-5.63021
K140G_A	534	0.415584415584	0.375	0.420289855072	2.00289	-0.825892	-24.8717
T1062H_C	544	0.315068493151	0.176470588235	0.357142857143	1.67916	9.45878	-5.5831
D1030S_C	567	0.287671232877	0.117647058824	0.339285714286	1.72732	8.99269	-6.64693
Y126I_A	577	0.415584415584	0.375	0.420289855072	1.57157	0.340637	-23.8352
D14E_A	588	0.415584415584	0.375	0.420289855072	1.85867	0.0889139	-24.7952
V99P_A	598	0.415584415584	0.375	0.420289855072	2.03851	-0.404948	-26.6618
H1095C_C	607	0.287671232877	0.176470588235	0.321428571429	2.34446	7.71743	-7.60838
W1033I_C	615	0.287671232877	0.176470588235	0.321428571429	2.37451	3.50503	-8.23838
W63I_A	629	0.396103896104	0.375	0.398550724638	2.16331	0.423762	-25.0899
S122V_A	634	0.38961038961	0.375	0.391304347826	2.16425	0.345336	-27.1447
S3K_A	640	0.376623376623	0.375	0.376811594203	2.12126	0.406108	-24.4972
Q10W_A	653	0.363636363636	0.235294117647	0.379562043796	3.22631	3.27977	-26.9747
Y1062L_C	659	0.260273972603	0.235294117647	0.267857142857	3.24387	7.44101	-7.51105
E14N_A	667	0.37012987013	0.294117647059	0.379562043796	3.36932	1.71991	-25.6929
K1086E_C	678	0.260273972603	0.222222222222	0.272727272727	4.25902	10.1944	-6.39282
E4F_A	688	0.37012987013	0.294117647059	0.379562043796	4.0169	2.01277	-26.1835
V29I_A	695	0.357142857143	0.294117647059	0.36496350365	3.94192	2.05021	-26.7323
P99W_A	702	0.350649350649	0.294117647059	0.357664233577	3.94428	2.03227	-25.1221
V100D_A	721	0.357142857143	0.294117647059	0.36496350365	3.77905	2.09221	-24.757
E70V_A	734	0.357142857143	0.315789473684	0.362962962963	4.92409	1.66372	-26.1734
V1077T_C	740	0.246575342466	0.166666666667	0.272727272727	4.85048	9.9419	-7.89094
R1087V_C	747	0.246575342466	0.166666666667	0.272727272727	3.57377	3.33468	-10.4141
L25N_A	757	0.350649350649	0.294117647059	0.357664233577	1.83005	0.370581	-24.4861
Q80C_A	768	0.344155844156	0.294117647059	0.350364963504	1.86089	0.418804	-23.7044
F4V_A	776	0.331168831169	0.294117647059	0.335766423358	1.85855	0.47245	-24.4249
P22Q_A	784	0.331168831169	0.294117647059	0.335766423358	1.91229	0.198106	-24.7847
E154I_A	791	0.331168831169	0.294117647059	0.335766423358	2.05383	0.258495	-24.4869
G1080L_C	796	0.219178082192	0.15	0.245283018868	2.25526	4.10132	-7.41564
I154A_A	806	0.318181818182	0.294117647059	0.321167883212	2.26248	1.76858	-24.8277
F1060L_C	819	0.219178082192	0.105263157895	0.259259259259	1.4443	1.80869	-5.47203
D100R_A	830	0.311688311688	0.25	0.31884057971	1.45174	1.82738	-25.6684
D122I_A	841	0.318181818182	0.25	0.326086956522	1.45777	1.79363	-23.9952
L1061E_C	852	0.232876712329	0.105263157895	0.277777777778	1.43661	1.84436	-9.44555
Y144F_A	857	0.318181818182	0.25	0.326086956522	1.56226	1.78882	-25.9717
N85C_A	862	0.311688311688	0.25	0.31884057971	1.57687	1.77104	-26.0133
G142D_A	867	0.311688311688	0.25	0.31884057971	-0.431992	-0.879652	-28.3434
I1042S_C	872	0.232876712329	0.1	0.283018867925	-0.185313	2.3518	-7.21305
N128M_A	882	0.311688311688	0.235294117647	0.321167883212	-1.08926	-1.02466	-27.4734
L74V_A	888	0.311688311688	0.235294117647	0.321167883212	-1.46162	-0.562458	-27.0299
P109L_A	901	0.311688311688	0.235294117647	0.321167883212	-1.52652	-0.540568	-24.192
E15A_A	908	0.311688311688	0.235294117647	0.321167883212	-1.49268	-0.604378	-25.9108
Y113F_A	918	0.311688311688	0.235294117647	0.321167883212	-1.53816	-0.615172	-27.259
L156C_A	928	0.318181818182	0.294117647059	0.321167883212	-1.07861	-0.069939	-25.8047
Q54H_A	936	0.311688311688	0.294117647059	0.313868613139	-1.07879	-0.0769333	-27.0942
G11K_A	945	0.311688311688	0.294117647059	0.313868613139	-1.08757	-0.100722	-26.3534
L1080Q_C	951	0.191780821918	0.1	0.22641509434	-0.938263	2.69738	-5.40123
V1088M_C	960	0.191780821918	0.1	0.22641509434	-0.745137	2.16889	-7.24776
I92M_A	967	0.298701298701	0.3125	0.297101449275	-0.733985	0.261899	-24.8302
L107N_A	974	0.298701298701	0.3125	0.297101449275	-0.488686	0.0691029	-25.6
M82F_A	981	0.298701298701	0.333333333333	0.294964028777	-0.468397	0.0351459	-24.4923
I38L_A	987	0.305194805195	0.333333333333	0.302158273381	0.802067	0.22663	-25.8069
S96Q_A	995	0.292207792208	0.333333333333	0.287769784173	-1.36084	0.183315	-25.7682
