name	count	identity	interface_identity	non_interface_identity	evolved_interaction	ancestral_interaction	stability
A32R_A	1	0.993506493506	1.0	0.992592592593	-10.4855	-10.5156	-27.3033
D1087T_C	10	0.972602739726	0.952380952381	0.980769230769	-9.34123	-9.53472	-7.9298
P128E_A	17	0.954545454545	1.0	0.948148148148	-9.49723	-10.15	-25.2093
F1052Y_C	26	0.904109589041	0.904761904762	0.903846153846	-7.09406	-6.81548	-6.00744
G30W_A	39	0.915584415584	0.944444444444	0.911764705882	-4.79832	-6.42012	-24.427
E1079N_C	46	0.876712328767	0.904761904762	0.865384615385	-3.78344	-6.75455	-5.81884
N52A_A	53	0.87012987013	0.888888888889	0.867647058824	-3.85849	-5.16943	-25.0745
S1033H_C	59	0.821917808219	0.857142857143	0.807692307692	-4.01684	-6.92626	-6.88462
L150I_A	67	0.831168831169	0.888888888889	0.823529411765	-4.39644	-5.69608	-24.0317
H1033Y_C	78	0.808219178082	0.818181818182	0.803921568627	-4.28408	-6.51154	-6.5455
M1035V_C	90	0.794520547945	0.818181818182	0.78431372549	-5.04964	-6.16255	-7.10204
K27V_A	103	0.792207792208	0.777777777778	0.794117647059	-3.78532	-3.18748	-24.3633
Y1052F_C	112	0.753424657534	0.772727272727	0.745098039216	-3.85314	-5.78267	-8.16759
V1035I_C	118	0.767123287671	0.772727272727	0.764705882353	-3.82148	-5.76826	-9.20187
C99A_A	124	0.733766233766	0.777777777778	0.727941176471	-4.5334	-3.37561	-29.1249
F1052N_C	131	0.753424657534	0.772727272727	0.745098039216	-4.6552	-6.00465	-6.37634
F137Y_A	138	0.707792207792	0.777777777778	0.698529411765	-4.70043	-3.59646	-24.7862
D118L_A	144	0.688311688312	0.764705882353	0.678832116788	-5.29405	-3.55125	-25.58
V27Y_A	150	0.688311688312	0.764705882353	0.678832116788	-5.77868	-3.67071	-26.5302
W134M_A	157	0.675324675325	0.764705882353	0.664233576642	-5.77524	-3.91038	-24.5216
Y137Q_A	165	0.675324675325	0.777777777778	0.661764705882	-4.92901	-3.61947	-24.1732
T1077R_C	176	0.602739726027	0.652173913043	0.58	-5.30316	-5.34824	-7.28812
R1064K_C	186	0.575342465753	0.652173913043	0.54	-5.36486	-5.34101	-8.60348
E143P_A	197	0.655844155844	0.736842105263	0.644444444444	-5.38157	-3.2436	-26.4324
K146L_A	203	0.642857142857	0.736842105263	0.62962962963	-5.12507	-3.48946	-26.0476
E1084S_C	210	0.520547945205	0.541666666667	0.510204081633	-3.38321	-2.25	-7.1692
L1038M_C	224	0.506849315068	0.541666666667	0.489795918367	-3.67476	-2.33824	-6.26267
I1024L_C	235	0.493150684932	0.541666666667	0.469387755102	-3.42333	-2.15172	-7.96751
D1085Y_C	244	0.479452054795	0.5	0.469387755102	-3.068	-2.08649	-5.64374
Q137W_A	252	0.603896103896	0.647058823529	0.598540145985	-3.12346	-4.06347	-26.0355
K63I_A	264	0.603896103896	0.647058823529	0.598540145985	-3.08937	-4.51266	-25.6969
G115V_A	273	0.584415584416	0.647058823529	0.576642335766	-3.23678	-4.50616	-23.8057
V1036T_C	282	0.452054794521	0.5	0.428571428571	-3.18594	-2.29952	-5.88589
N1086R_C	296	0.438356164384	0.434782608696	0.44	-2.97027	-2.19365	-5.55342
D121R_A	310	0.584415584416	0.6875	0.572463768116	-3.7286	-5.12015	-23.8851
K1093R_C	318	0.438356164384	0.434782608696	0.44	-3.19962	-3.32403	-6.05125
S1043F_C	335	0.424657534247	0.434782608696	0.42	-3.53785	-2.91416	-8.99363
R1093I_C	344	0.424657534247	0.454545454545	0.411764705882	-4.63836	-4.27442	-8.85669
D126A_A	357	0.545454545455	0.6875	0.528985507246	-5.34942	-4.93826	-24.6132
R121G_A	366	0.545454545455	0.611111111111	0.536764705882	0.0791337	-5.73287	-24.9546
W30R_A	380	0.538961038961	0.578947368421	0.533333333333	-6.62748	-6.7535	-24.2946
R147Q_A	393	0.532467532468	0.5	0.536764705882	-5.37012	-6.81485	-28.3081
F22C_A	400	0.525974025974	0.444444444444	0.536764705882	-3.33888	-4.16737	-25.8571
E133S_A	411	0.532467532468	0.444444444444	0.544117647059	-2.1828	-1.3674	-24.2535
R37M_A	417	0.525974025974	0.444444444444	0.536764705882	-2.17483	-1.37141	-25.6019
S1023N_C	427	0.356164383562	0.291666666667	0.387755102041	-3.26167	-0.464936	-5.5195
I92L_A	441	0.512987012987	0.444444444444	0.522058823529	-5.70362	-4.19136	-25.1282
K104R_A	451	0.512987012987	0.444444444444	0.522058823529	-5.12753	-3.77273	-26.7909
W16T_A	456	0.5	0.388888888889	0.514705882353	-5.00009	-3.33747	-25.3572
V107I_A	467	0.493506493506	0.388888888889	0.507352941176	-4.62174	-3.36498	-25.0713
Y1070E_C	474	0.356164383562	0.260869565217	0.4	-4.5806	0.518757	-6.60128
S1091V_C	483	0.356164383562	0.260869565217	0.4	-4.58534	-0.241649	-5.72882
K39C_A	498	0.493506493506	0.4375	0.5	-4.61816	-3.95464	-26.0526
P125V_A	504	0.480519480519	0.4375	0.485507246377	-4.64308	-3.89026	-24.3063
K1054W_C	516	0.328767123288	0.260869565217	0.36	-4.69782	-0.170582	-6.2593
V91I_A	527	0.480519480519	0.4375	0.485507246377	-4.15332	-5.12034	-24.0087
F130N_A	540	0.480519480519	0.4375	0.485507246377	-4.16026	-5.09195	-24.8923
S133K_A	548	0.467532467532	0.388888888889	0.477941176471	-4.07676	-5.05603	-25.2285
W42L_A	565	0.454545454545	0.388888888889	0.463235294118	-4.18651	-5.14895	-23.7955
Y118C_A	575	0.448051948052	0.388888888889	0.455882352941	-4.08108	-5.256	-24.215
K110M_A	595	0.435064935065	0.388888888889	0.441176470588	-3.56713	-4.96474	-25.9291
T89K_A	610	0.435064935065	0.388888888889	0.441176470588	-3.57127	-4.94881	-25.2082
F95Y_A	616	0.435064935065	0.388888888889	0.441176470588	-3.42793	-4.9225	-23.8323
R131E_A	631	0.441558441558	0.388888888889	0.448529411765	-3.42683	-4.9224	-24.0461
Y25G_A	638	0.435064935065	0.4	0.440298507463	-4.22852	-1.36625	-25.7197
H67T_A	649	0.435064935065	0.380952380952	0.443609022556	-4.41838	-1.20865	-23.8384
N52Q_A	657	0.428571428571	0.380952380952	0.436090225564	-4.49534	-1.329	-24.9867
W29S_A	667	0.428571428571	0.363636363636	0.439393939394	-4.22248	-1.23016	-23.8511
R32W_A	676	0.422077922078	0.363636363636	0.431818181818	-3.69289	-1.09404	-24.3431
I1093A_C	686	0.328767123288	0.304347826087	0.34	-3.64	-0.515182	-7.006
L149N_A	696	0.409090909091	0.363636363636	0.416666666667	-3.66874	-1.22219	-24.8009
T67Y_A	712	0.402597402597	0.263157894737	0.422222222222	-3.73188	-1.1704	-25.7325
L1063Y_C	718	0.301369863014	0.260869565217	0.32	-3.77715	-0.670368	-6.6876
I1038M_C	729	0.301369863014	0.260869565217	0.32	-3.45556	0.77613	-8.93604
D136M_A	736	0.396103896104	0.263157894737	0.414814814815	-3.88624	-1.1255	-26.7943
H102G_A	741	0.396103896104	0.263157894737	0.414814814815	-3.93558	-1.04437	-25.5637
E127V_A	748	0.396103896104	0.263157894737	0.414814814815	-4.0565	-1.27544	-26.417
I1088V_C	763	0.301369863014	0.217391304348	0.34	-3.40274	0.332772	-6.2064
H1051Y_C	773	0.301369863014	0.217391304348	0.34	-3.42203	0.312535	-6.45765
W51I_A	789	0.396103896104	0.3	0.410447761194	-3.27848	-1.41346	-25.4052
W76T_A	799	0.38961038961	0.3	0.402985074627	-3.29165	-1.41346	-28.569
Y1032N_C	808	0.27397260274	0.217391304348	0.3	-3.27654	0.658631	-6.3475
D79A_A	821	0.38961038961	0.3	0.402985074627	-3.29946	-1.41363	-25.4708
R1085P_C	830	0.27397260274	0.217391304348	0.3	-3.97688	-0.510393	-9.47234
D49M_A	839	0.383116883117	0.333333333333	0.390977443609	-6.22012	-3.20005	-24.8424
V138W_A	853	0.376623376623	0.25	0.39552238806	-6.42979	-2.39931	-25.9927
T1043S_C	865	0.246575342466	0.208333333333	0.265306122449	-5.66447	0.375215	-5.63555
P5L_A	890	0.37012987013	0.315789473684	0.377777777778	-4.22544	-2.94297	-25.3384
F70W_A	900	0.363636363636	0.315789473684	0.37037037037	-4.36772	-2.91858	-24.7366
C1060I_C	907	0.260273972603	0.208333333333	0.285714285714	-4.36796	-0.204551	-6.36667
Y126P_A	913	0.376623376623	0.277777777778	0.389705882353	-5.05571	-3.1457	-25.2813
N66F_A	922	0.363636363636	0.277777777778	0.375	-4.9401	-2.91942	-24.5603
H36C_A	934	0.363636363636	0.277777777778	0.375	-4.0782	-2.66954	-24.2021
N1032S_C	943	0.260273972603	0.272727272727	0.254901960784	-4.10992	-0.460826	-6.58124
L148V_A	951	0.37012987013	0.277777777778	0.382352941176	-3.14471	-2.12923	-25.2325
P1044K_C	963	0.246575342466	0.272727272727	0.235294117647	-3.14811	-0.216625	-6.82828
T1071H_C	969	0.232876712329	0.227272727273	0.235294117647	-3.12154	-0.135705	-10.131
S143D_A	977	0.357142857143	0.277777777778	0.367647058824	-3.16577	-2.12301	-25.3609
E118A_A	983	0.350649350649	0.277777777778	0.360294117647	-2.77014	-3.65589	-23.9899
T151E_A	991	0.350649350649	0.277777777778	0.360294117647	-2.80294	-3.6559	-23.8749
W1076G_C	1000	0.219178082192	0.227272727273	0.21568627451	-2.51121	-0.962836	-6.67808
