name	count	identity	evolved_interaction	ancestral_interaction	stability
I1072C_C	1	0.986301369863	-10.4905	-10.4168	-5.88656
L1029C_C	6	0.958904109589	-11.0432	-10.7831	-8.66498
Q111N_A	12	0.967532467532	-7.37524	-6.93195	-25.3318
S122C_A	18	0.941558441558	-7.31863	-6.91567	-25.1743
D1068Q_C	26	0.876712328767	-8.56872	-6.2206	-8.46405
H83L_A	38	0.909090909091	-7.5253	-5.8857	-24.1329
E1059W_C	64	0.794520547945	-6.56481	-5.25794	-6.08797
R7F_A	76	0.876623376623	-6.32547	-5.68772	-25.0753
A1050Q_C	81	0.780821917808	-6.51273	-5.2312	-7.6881
N1086S_C	87	0.767123287671	-6.46066	-4.95354	-6.9991
K1040L_C	96	0.739726027397	-7.81733	-6.45595	-6.12924
T1042D_C	103	0.72602739726	-7.83664	-6.46494	-6.09385
D92Y_A	120	0.811688311688	-5.99291	-5.13492	-27.1716
P143F_A	127	0.805194805195	-5.79659	-4.9087	-25.479
L119H_A	138	0.785714285714	-5.78857	-4.97677	-24.6761
Q1095K_C	150	0.657534246575	-6.23802	-7.93356	-9.92346
E67N_A	155	0.772727272727	-4.78695	-4.83789	-25.1434
R1077K_C	162	0.630136986301	-4.51301	-5.44129	-8.27518
L38K_A	168	0.75974025974	-4.53641	-4.94084	-23.8614
H20L_A	178	0.746753246753	-4.79132	-3.39655	-23.7513
I60V_A	188	0.733766233766	-4.84126	-3.40041	-23.6753
N1025Q_C	199	0.493150684932	-5.44937	-4.99102	-9.78349
N1093K_C	208	0.493150684932	-5.61639	-5.15567	-8.76378
K71H_A	219	0.701298701299	-4.92025	-3.03969	-24.1103
H71V_A	224	0.688311688312	-4.80108	-3.07446	-25.2957
L9I_A	234	0.668831168831	-4.88954	-3.78791	-26.1256
D19Y_A	241	0.649350649351	-4.69897	-3.81865	-24.7834
W1059L_C	251	0.479452054795	-4.83194	-5.57536	-7.28536
F7L_A	259	0.62987012987	-4.86134	-3.83523	-23.9553
E49Q_A	273	0.623376623377	-4.95431	-3.86104	-23.5546
Y1067F_C	286	0.424657534247	-4.79653	-5.36242	-9.5376
S109I_A	294	0.61038961039	-4.82319	-3.87631	-26.8855
S35D_A	305	0.590909090909	-5.37152	-4.54487	-24.6983
I1084M_C	314	0.424657534247	-5.58439	-5.62448	-6.74609
Y19L_A	327	0.571428571429	-5.57077	-4.00258	-24.8503
A43L_A	335	0.558441558442	-5.46044	-3.94128	-24.7595
A1091V_C	342	0.424657534247	-7.85486	-4.36114	-6.47365
C1088N_C	348	0.424657534247	-8.00723	-4.23632	-6.21009
H49F_A	356	0.558441558442	-8.02491	-8.08487	-25.9333
Q1063R_C	361	0.424657534247	-8.62629	-5.61896	-8.32444
W151Q_A	368	0.564935064935	-8.56921	-8.1233	-26.3137
C93E_A	374	0.551948051948	-7.20626	-4.67375	-30.9334
K30E_A	379	0.525974025974	-8.09044	-4.0496	-26.5531
P46R_A	385	0.512987012987	-8.34199	-4.6926	-25.8712
F1065L_C	400	0.369863013699	-9.01474	-5.84444	-7.69857
A32Q_A	408	0.5	-8.8427	-4.39099	-27.1564
Q154D_A	415	0.487012987013	-8.84914	-4.44906	-25.6447
F71D_A	422	0.480519480519	-9.19971	-4.29078	-24.6329
L1059Q_C	428	0.342465753425	-9.34413	-6.59268	-5.95949
E37H_A	437	0.474025974026	-9.32898	-4.28832	-25.1405
S92T_A	446	0.474025974026	-9.13416	-4.17705	-24.8271
W77Y_A	451	0.474025974026	-9.18288	-4.12522	-27.7378
I107R_A	460	0.454545454545	-9.2514	-4.4649	-24.5102
Q1059Y_C	469	0.315068493151	-9.2763	-6.65972	-6.95235
F79W_A	479	0.454545454545	-9.15378	-4.33894	-24.5112
C1029M_C	495	0.315068493151	-10.1298	-6.41921	-6.01867
L63V_A	500	0.441558441558	-10.0681	-2.79303	-24.7405
I79P_A	508	0.441558441558	-10.0637	-2.79909	-29.3019
D1065R_C	515	0.315068493151	-8.6808	-5.42776	-8.56488
C101G_A	526	0.428571428571	-8.71	-2.98489	-25.6358
V1091G_C	533	0.315068493151	-8.91395	-5.0063	-6.95426
G115S_A	546	0.415584415584	-8.8933	-2.92481	-25.4487
A1062W_C	554	0.315068493151	-8.76584	-4.55614	-6.8137
Q35C_A	572	0.396103896104	-8.79523	-2.83322	-24.6434
E3L_A	577	0.396103896104	-8.07483	-2.63027	-26.3743
E1090P_C	583	0.301369863014	-5.65237	-4.08628	-6.98067
N95W_A	590	0.376623376623	-4.98684	0.0711006	-23.4404
L19C_A	606	0.376623376623	-4.81844	0.521019	-23.9031
Y34F_A	616	0.376623376623	-5.3365	0.828775	-24.5561
C122E_A	624	0.376623376623	-5.28896	0.912924	-24.9366
D102I_A	632	0.37012987013	-5.33873	1.00331	-25.0069
S70E_A	642	0.357142857143	-2.89983	2.42459	-24.6249
I1074M_C	655	0.287671232877	-2.90121	-1.59072	-9.75419
P76C_A	663	0.363636363636	-2.88471	2.51353	-26.0451
C1059E_C	671	0.301369863014	-2.88482	-1.60905	-8.50519
R1038Q_C	677	0.315068493151	-2.04556	-3.65426	-9.18142
S1032R_C	682	0.301369863014	-2.16011	-3.90195	-7.71511
Q32R_A	689	0.363636363636	-1.63263	2.15959	-25.51
I148V_A	699	0.357142857143	-1.79162	2.66753	-24.4611
R127Y_A	712	0.357142857143	-0.811789	2.87283	-29.0392
F140S_A	719	0.357142857143	-0.806821	2.81511	-29.442
I1071G_C	724	0.301369863014	-0.831525	-3.09061	-6.10275
E7H_A	733	0.344155844156	-0.986157	2.36544	-26.4867
W134Y_A	742	0.331168831169	-1.05797	2.28089	-27.0343
R44K_A	750	0.324675324675	-1.07436	2.35862	-24.8644
L89I_A	775	0.324675324675	-1.06703	2.51587	-24.2661
T21H_A	784	0.324675324675	-1.69282	2.01512	-23.5402
M1095K_C	798	0.27397260274	-2.69755	-3.39007	-5.68715
H1086W_C	810	0.27397260274	-2.70718	-3.16334	-6.62575
P105M_A	827	0.311688311688	-2.76576	-1.10651	-24.9721
Q1073H_C	844	0.232876712329	-2.82573	-3.17057	-6.5635
I1089M_C	862	0.219178082192	-2.26406	-3.05545	-6.48813
H46E_A	868	0.324675324675	-2.51606	-1.6069	-25.2871
L70F_A	889	0.324675324675	-2.18915	-1.6169	-24.5232
R1054C_C	905	0.205479452055	-2.50317	-3.53996	-6.62212
K1095L_C	917	0.205479452055	-2.17379	-4.35986	-8.2351
T119S_A	922	0.311688311688	-2.89799	-2.46881	-24.6144
F1082T_C	941	0.191780821918	-2.32621	-4.16881	-6.28756
S153N_A	956	0.311688311688	-2.20517	0.590572	-25.2856
E1024A_C	968	0.191780821918	-2.53276	-3.99735	-8.41258
K1051N_C	976	0.191780821918	-2.55836	-3.88842	-7.98759
Q39N_A	984	0.298701298701	-2.41961	-1.7037	-26.2329
R63S_A	991	0.298701298701	-5.25741	-2.27693	-24.8152
N98E_A	1000	0.292207792208	-3.98975	-1.05359	-27.3189
