name	count	identity	evolved_interaction	ancestral_interaction	stability
F22H_A	1	0.993506493506	-7.96102	-8.04809	-25.8461
Y82D_A	7	0.974025974026	-7.02854	-7.97153	-26.3652
K48A_A	13	0.954545454545	-7.43178	-8.41202	-25.9535
K153W_A	22	0.935064935065	-6.8245	-7.81535	-27.7954
V1028I_C	28	0.904109589041	-8.6355	-9.46152	-9.3939
H20G_A	33	0.88961038961	-6.49838	-7.03252	-25.8689
E1059R_C	39	0.849315068493	-6.47751	-9.55171	-6.7702
P125L_A	50	0.87012987013	-6.45046	-7.01539	-24.5346
L6K_A	61	0.857142857143	-6.62377	-7.0099	-25.9465
K71Q_A	69	0.837662337662	-6.68478	-7.0336	-25.5975
L125E_A	81	0.824675324675	-6.86002	-7.10605	-24.719
C1064M_C	91	0.780821917808	-6.70886	-9.43379	-7.95421
E15Y_A	109	0.805194805195	-7.4279	-6.94398	-24.3967
K1054M_C	115	0.72602739726	-5.75185	-7.52827	-6.67708
E1077C_C	123	0.712328767123	-4.89152	-6.69651	-8.27425
A26C_A	131	0.772727272727	-6.1416	-7.63908	-26.4353
Y136A_A	137	0.75974025974	-5.2201	-7.659	-24.1946
L149G_A	158	0.733766233766	-2.42611	-1.67285	-25.7756
I31A_A	163	0.720779220779	-2.48009	-1.66068	-23.6506
A106R_A	173	0.694805194805	-2.52571	-1.6268	-25.012
F1037L_C	180	0.643835616438	-2.52682	-2.3871	-6.46129
K13W_A	185	0.681818181818	-1.81155	0.287507	-26.7355
N91H_A	192	0.675324675325	-3.39853	0.0659145	-24.7178
Y144L_A	201	0.655844155844	-3.36116	0.0715684	-23.5769
L21E_A	213	0.649350649351	-2.23519	0.441459	-23.6369
I1040L_C	220	0.58904109589	-2.23648	-4.79402	-7.59053
Y1033Q_C	229	0.58904109589	-2.16124	-4.79711	-7.73101
I1072L_C	249	0.561643835616	-2.2246	-4.91776	-7.37039
E1050V_C	258	0.547945205479	-2.11567	-4.91781	-7.15995
Y98N_A	268	0.597402597403	-2.12355	0.778176	-24.4487
K14M_A	288	0.584415584416	0.491199	-1.6673	-23.6168
S35M_A	299	0.584415584416	0.497676	-1.54485	-27.1488
D1080E_C	305	0.547945205479	0.491051	-1.66879	-7.68642
E3R_A	313	0.584415584416	-0.0250594	-1.6964	-29.7281
G1076C_C	320	0.520547945205	0.0940213	-2.91891	-6.19545
K30C_A	325	0.558441558442	0.456573	-1.244	-25.201
W22E_A	335	0.545454545455	2.07247	0.991787	-25.0747
I112M_A	342	0.525974025974	2.02234	0.755329	-25.7095
Q1073C_C	352	0.493150684932	2.06133	-2.95612	-5.76752
A133R_A	361	0.506493506494	1.7886	0.781053	-23.4918
C1076E_C	369	0.493150684932	1.82483	-3.03959	-7.34793
Y126K_A	374	0.493506493506	1.71732	0.658796	-25.7774
E1080W_C	380	0.465753424658	1.6771	-1.93179	-9.20098
Q39Y_A	385	0.487012987013	1.67648	0.94145	-25.8403
D1061N_C	393	0.452054794521	1.67677	-1.91791	-8.93811
K67F_A	407	0.487012987013	1.66198	0.609375	-23.6367
K18M_A	425	0.467532467532	2.40542	2.90352	-22.9453
V113I_A	443	0.454545454545	1.97756	2.8459	-22.4161
I32F_A	450	0.454545454545	1.9773	2.84534	-22.8499
V1064W_C	459	0.424657534247	1.9695	-2.58821	-6.91433
S131D_A	470	0.461038961039	1.97695	2.64499	-22.6471
Q29E_A	480	0.461038961039	2.25322	2.66537	-22.7459
D1087V_C	485	0.383561643836	1.08128	-6.45207	-9.88288
N34M_A	492	0.448051948052	1.17545	-0.858451	-24.6406
I1088N_C	499	0.356164383562	1.36507	-4.96644	-6.3149
A136E_A	505	0.454545454545	1.31846	-0.927113	-24.4506
K1037V_C	517	0.356164383562	1.83862	-4.84392	-7.08147
A31Y_A	530	0.454545454545	1.06284	-0.420135	-24.6716
K150N_A	539	0.454545454545	1.1402	-1.05503	-24.9096
I96V_A	546	0.435064935065	0.931648	-0.562988	-25.2519
E99Q_A	559	0.428571428571	-0.263726	0.695783	-25.285
E1084W_C	567	0.328767123288	-1.42409	-5.47853	-7.18702
V125P_A	583	0.422077922078	-1.17991	1.16772	-26.2982
D105Y_A	598	0.422077922078	-1.17683	1.16658	-26.0159
R138W_A	612	0.422077922078	-1.27029	0.933039	-25.3385
D145K_A	619	0.409090909091	-1.45202	0.884944	-26.1341
R80L_A	627	0.396103896104	-1.33799	0.656437	-26.0458
S57M_A	638	0.38961038961	-1.91978	0.291192	-27.1572
F140Q_A	646	0.383116883117	-2.20341	0.304323	-25.2331
S156C_A	653	0.376623376623	-2.18087	0.397431	-25.6821
H1061A_C	667	0.301369863014	-2.24933	-5.23805	-6.92024
F1036V_C	676	0.287671232877	-2.08414	-4.98214	-8.27717
Q1057E_C	689	0.287671232877	-2.11054	-4.98215	-6.54934
V1037F_C	699	0.301369863014	-1.50378	-4.44782	-7.71376
P30A_A	705	0.363636363636	-1.34337	1.01529	-24.3995
A117Q_A	722	0.37012987013	-1.72011	0.0257738	-24.6861
M34W_A	732	0.37012987013	-2.82531	-0.426412	-25.2733
E82M_A	745	0.363636363636	-3.25858	-0.623085	-23.9422
E1094K_C	761	0.301369863014	-3.34034	-4.59819	-8.17496
S1032L_C	772	0.301369863014	-4.08183	-5.12607	-6.71618
V124C_A	781	0.363636363636	-3.86402	-0.78132	-24.0214
K22D_A	789	0.357142857143	-3.40603	1.18246	-25.2934
A87F_A	808	0.350649350649	-2.89979	1.18099	-24.8031
F87Y_A	816	0.350649350649	-2.93757	0.70701	-23.9279
E1057K_C	828	0.27397260274	-2.76203	-4.19114	-10.3742
F15I_A	839	0.344155844156	-2.54494	0.834173	-24.8317
F1037C_C	845	0.260273972603	-2.54523	-4.2048	-9.78848
H34Y_A	851	0.337662337662	-2.19203	1.23421	-26.7389
M124Y_A	858	0.337662337662	-1.64045	2.19678	-26.6179
F24E_A	864	0.331168831169	-0.0970854	2.71503	-25.2858
L152M_A	873	0.324675324675	-0.168867	2.71016	-24.8524
A54I_A	880	0.318181818182	-0.691127	2.75441	-23.9792
C93D_A	890	0.311688311688	-0.743033	2.76559	-27.6272
N1061Y_C	896	0.232876712329	-0.742844	-1.06397	-6.55447
W1080R_C	940	0.232876712329	-0.760128	0.49376	-7.4102
Y34A_A	955	0.298701298701	-0.74832	0.860407	-23.3627
H1081K_C	965	0.232876712329	-0.83024	0.803479	-7.65262
I44F_A	971	0.292207792208	0.770724	0.881819	-25.0786
M14W_A	982	0.292207792208	0.787465	0.978547	-24.6636
D12C_A	987	0.298701298701	0.808482	0.920865	-25.8972
D1035N_C	996	0.219178082192	0.313052	-0.339689	-8.32792
