name	count	identity	interface_identity	non_interface_identity	evolved_interaction	ancestral_interaction	stability
I92S_A	1	0.993506493506	1.0	0.992592592593	-10.4946	-10.5196	-21.7801
K1041N_C	8	0.958904109589	0.954545454545	0.960784313725	-9.84021	-9.7946	-9.02614
M1049V_C	14	0.931506849315	0.954545454545	0.921568627451	-9.78428	-9.77312	-7.08986
D1082W_C	25	0.917808219178	0.909090909091	0.921568627451	-6.49437	-9.13226	-7.35331
Y155W_A	38	0.915584415584	1.0	0.904411764706	-6.59548	-7.02692	-24.029
R1064Y_C	57	0.86301369863	0.909090909091	0.843137254902	-6.29708	-8.72064	-6.64666
K1040Y_C	65	0.835616438356	0.909090909091	0.803921568627	-6.3057	-8.72976	-7.13845
P69G_A	73	0.863636363636	1.0	0.847826086957	-6.05565	-6.60194	-24.8718
D1080T_C	79	0.794520547945	0.909090909091	0.745098039216	-6.03073	-8.74543	-6.47877
A129R_A	85	0.818181818182	1.0	0.797101449275	-6.02987	-6.65509	-23.85
R104I_A	104	0.792207792208	1.0	0.768115942029	-5.5907	-6.63292	-24.7402
A1053L_C	115	0.753424657534	0.863636363636	0.705882352941	-5.12117	-8.21454	-8.9052
Q1056K_C	124	0.712328767123	0.863636363636	0.647058823529	-5.0498	-8.15273	-6.36468
E99R_A	134	0.746753246753	0.875	0.731884057971	-6.30628	-7.14216	-27.2622
S122H_A	140	0.74025974026	0.882352941176	0.722627737226	-6.34297	-7.09887	-27.8367
Q7E_A	147	0.727272727273	0.882352941176	0.70802919708	-6.32522	-6.76218	-23.8511
I1054Q_C	156	0.630136986301	0.826086956522	0.54	-6.33087	-8.07611	-7.87698
C1078V_C	164	0.630136986301	0.826086956522	0.54	-6.43741	-8.43652	-7.1573
A1074K_C	171	0.58904109589	0.826086956522	0.48	-6.50633	-8.42961	-6.24252
Q111P_A	177	0.662337662338	0.894736842105	0.62962962963	-5.74415	-6.84346	-26.6229
L1081F_C	185	0.575342465753	0.782608695652	0.48	-5.69258	-7.82498	-6.33555
T91I_A	191	0.642857142857	0.842105263158	0.614814814815	-5.92358	-6.87995	-24.9935
A26M_A	209	0.636363636364	0.789473684211	0.614814814815	-5.86209	-6.83266	-25.0466
K1074P_C	216	0.602739726027	0.782608695652	0.52	-6.07958	-8.22413	-9.81528
F137M_A	222	0.623376623377	0.789473684211	0.6	-6.04279	-6.93492	-24.7655
N52K_A	228	0.61038961039	0.789473684211	0.585185185185	-5.28402	-6.99717	-26.2998
P88G_A	239	0.597402597403	0.789473684211	0.57037037037	-4.92345	-6.75189	-24.4634
R1050I_C	246	0.547945205479	0.652173913043	0.5	-4.82985	-7.89626	-7.45337
F1065L_C	259	0.534246575342	0.652173913043	0.48	-5.40429	-8.40528	-7.3809
F100N_A	272	0.584415584416	0.722222222222	0.566176470588	-4.12149	-3.29877	-24.2948
Y67P_A	285	0.577922077922	0.736842105263	0.555555555556	-3.71568	-3.28767	-24.9685
H4V_A	293	0.571428571429	0.736842105263	0.548148148148	-4.13439	-3.31389	-24.5574
T71S_A	299	0.558441558442	0.736842105263	0.533333333333	-4.15029	-3.3313	-25.4237
Q1079Y_C	309	0.493150684932	0.636363636364	0.43137254902	-4.19509	-8.10417	-7.73782
H1042N_C	321	0.493150684932	0.636363636364	0.43137254902	-3.83549	-8.15732	-7.46618
G88R_A	326	0.538961038961	0.666666666667	0.522058823529	0.648589	-3.58688	-29.0057
M26R_A	331	0.538961038961	0.647058823529	0.525547445255	0.894434	-3.83862	-26.5927
N1042S_C	337	0.438356164384	0.565217391304	0.38	0.823681	-1.53006	-8.47769
P1044H_C	343	0.424657534247	0.545454545455	0.372549019608	0.520527	-0.190427	-8.14351
Y1025P_C	351	0.41095890411	0.545454545455	0.352941176471	0.62911	-0.00432565	-7.66002
M119F_A	363	0.525974025974	0.545454545455	0.522727272727	1.21754	-3.74388	-27.4794
T108F_A	369	0.506493506494	0.454545454545	0.515151515152	-2.64985	-3.10733	-26.8214
V3Y_A	375	0.5	0.454545454545	0.507575757576	-2.96609	-3.81425	-24.5427
S1042W_C	382	0.41095890411	0.545454545455	0.352941176471	-3.4681	-3.91906	-10.7678
H54L_A	399	0.5	0.454545454545	0.507575757576	-3.60737	-4.36007	-24.9368
Y71W_A	407	0.5	0.454545454545	0.507575757576	-3.54533	-4.44448	-24.8352
Y21L_A	417	0.5	0.454545454545	0.507575757576	-3.46786	-4.12347	-30.4591
K57H_A	427	0.487012987013	0.428571428571	0.496240601504	-4.06377	-4.11341	-25.59
E1058S_C	436	0.369863013699	0.5	0.313725490196	-4.13581	-4.1626	-6.2412
K138A_A	444	0.474025974026	0.428571428571	0.481203007519	-1.67083	-4.60036	-25.8924
V113I_A	452	0.461038961039	0.428571428571	0.466165413534	-1.66748	-4.74921	-25.7916
H65P_A	458	0.467532467532	0.428571428571	0.473684210526	-1.7426	-4.55807	-27.0446
E149L_A	468	0.467532467532	0.428571428571	0.473684210526	-1.72985	-4.55861	-28.675
Y154T_A	487	0.461038961039	0.45	0.462686567164	-1.78538	-4.38084	-23.9086
D49C_A	494	0.454545454545	0.45	0.455223880597	-1.65504	-4.41301	-25.4218
V1088E_C	504	0.328767123288	0.454545454545	0.274509803922	-0.060575	1.20235	-6.05355
W1082C_C	517	0.328767123288	0.454545454545	0.274509803922	-0.308986	1.126	-5.98331
K1053E_C	534	0.342465753425	0.454545454545	0.294117647059	-1.09977	0.828169	-6.6554
C1050H_C	545	0.342465753425	0.454545454545	0.294117647059	-1.16545	0.894174	-8.43742
N1033H_C	557	0.342465753425	0.454545454545	0.294117647059	-1.75683	-1.34486	-8.76368
R1084W_C	568	0.342465753425	0.454545454545	0.294117647059	-1.53595	-4.31814	-6.37368
H1044V_C	603	0.342465753425	0.454545454545	0.294117647059	-1.55899	-4.33584	-6.43975
Q70M_A	614	0.396103896104	0.4375	0.391304347826	-1.58376	-4.62436	-24.6444
T89Y_A	623	0.396103896104	0.4375	0.391304347826	-1.58507	-4.62976	-25.9233
A135Y_A	628	0.38961038961	0.375	0.391304347826	-1	-3.04109	-25.6404
F81W_A	636	0.376623376623	0.375	0.376811594203	-1.02626	-3.10844	-24.1649
L9I_A	649	0.37012987013	0.375	0.369565217391	-1.16295	-3.11533	-23.8219
D1068N_C	665	0.27397260274	0.380952380952	0.230769230769	-1.63883	-5.00419	-7.33373
D145I_A	677	0.357142857143	0.4	0.352517985612	-1.51216	-2.56514	-24.6834
S35C_A	686	0.344155844156	0.4	0.338129496403	-1.5019	-2.61334	-25.5122
F114S_A	692	0.344155844156	0.4	0.338129496403	-1.43532	-2.69001	-23.9855
A138E_A	713	0.344155844156	0.4	0.338129496403	-2.09029	-2.6907	-24.6612
W155H_A	732	0.331168831169	0.4	0.323741007194	-2.09772	-2.70024	-24.9405
C17N_A	744	0.324675324675	0.4	0.31654676259	-2.99365	-3.35497	-25.0517
M54Q_A	753	0.318181818182	0.4	0.309352517986	-3.0005	-3.56052	-27.0404
K140Q_A	762	0.324675324675	0.4	0.31654676259	-2.99408	-3.56211	-26.9965
V126I_A	770	0.311688311688	0.428571428571	0.3	-2.09013	-3.56298	-24.4169
P1044E_C	779	0.260273972603	0.409090909091	0.196078431373	-1.85597	-3.03846	-7.24299
M110Q_A	787	0.311688311688	0.428571428571	0.3	-1.4956	-2.01997	-24.5706
S1093Q_C	795	0.260273972603	0.409090909091	0.196078431373	-1.5062	-3.04607	-6.55882
Q1062T_C	800	0.260273972603	0.409090909091	0.196078431373	-1.96963	-4.82979	-6.68275
T139K_A	812	0.298701298701	0.428571428571	0.285714285714	-0.671434	-1.22366	-24.3482
M109I_A	823	0.292207792208	0.357142857143	0.285714285714	-3.01448	0.127862	-24.7867
T1062K_C	834	0.246575342466	0.409090909091	0.176470588235	-3.67184	-2.2522	-7.55857
T1077K_C	844	0.232876712329	0.409090909091	0.156862745098	-5.02613	-2.12009	-8.96701
R144E_A	857	0.292207792208	0.3125	0.289855072464	-5.39657	-1.50029	-24.5521
Y1031I_C	863	0.232876712329	0.409090909091	0.156862745098	-5.38219	-1.76949	-6.98948
Y1037F_C	873	0.232876712329	0.363636363636	0.176470588235	-6.10102	1.10136	-8.81285
C1085M_C	883	0.232876712329	0.363636363636	0.176470588235	-6.27176	-0.308752	-8.90618
L122W_A	890	0.285714285714	0.294117647059	0.284671532847	-6.30106	-1.03997	-25.6834
M1039S_C	896	0.232876712329	0.363636363636	0.176470588235	-6.29864	1.20853	-6.62157
N17E_A	907	0.285714285714	0.294117647059	0.284671532847	-4.76181	1.34006	-24.059
D1034C_C	915	0.232876712329	0.363636363636	0.176470588235	-4.87701	0.065506	-8.22365
M1083L_C	924	0.219178082192	0.318181818182	0.176470588235	-4.75027	0.119177	-6.35363
Q1093W_C	935	0.232876712329	0.363636363636	0.176470588235	-4.0977	-2.26841	-6.0168
P143M_A	943	0.292207792208	0.333333333333	0.286764705882	-4.08694	0.932059	-23.4626
R88N_A	950	0.292207792208	0.333333333333	0.286764705882	-4.46526	1.26723	-23.52
C114M_A	960	0.298701298701	0.333333333333	0.294117647059	-4.13256	0.980198	-25.2782
S1058L_C	970	0.246575342466	0.409090909091	0.176470588235	-4.31604	-3.05717	-7.28724
Q3L_A	981	0.292207792208	0.315789473684	0.288888888889	-4.28021	2.14844	-24.0168
