name	count	identity	evolved_interaction	ancestral_interaction	stability
P125C_A	1	0.993506493506	-10.4993	-10.5197	-24.573
W103C_A	9	0.967532467532	-10.3935	-10.5168	-26.0357
F24M_A	15	0.941558441558	-10.4161	-10.7528	-24.5703
A32Q_A	24	0.922077922078	-10.2302	-10.6145	-24.1272
I1024A_C	30	0.931506849315	-11.674	-11.6286	-6.1728
P1073F_C	39	0.890410958904	-11.524	-11.5073	-7.4032
D118I_A	48	0.88961038961	-11.6204	-10.5014	-25.429
A79Q_A	53	0.857142857143	-8.63339	-7.71321	-26.1126
T1077P_C	58	0.849315068493	-8.73202	-11.4058	-6.32676
S127Y_A	79	0.811688311688	-8.62037	-6.84916	-26.0893
M1054A_C	88	0.835616438356	-8.67944	-11.4321	-5.94197
N52Q_A	98	0.772727272727	-8.83976	-6.80573	-25.3791
K71M_A	106	0.75974025974	-8.78929	-6.55336	-25.2888
A22R_A	120	0.746753246753	-11.0385	-9.00547	-24.8158
K40Q_A	135	0.733766233766	-9.92163	-9.07507	-24.8073
C103Y_A	152	0.727272727273	-9.91185	-9.07852	-27.0616
K15Y_A	157	0.720779220779	-9.07669	-8.94714	-28.8866
T124N_A	162	0.707792207792	-9.07373	-8.96146	-27.4494
L109S_A	173	0.701298701299	-8.76577	-8.90303	-24.1555
L6A_A	189	0.675324675325	-4.07158	-3.92842	-24.1235
K27C_A	206	0.649350649351	-4.8449	-4.56859	-24.6372
R139N_A	214	0.636363636364	-5.25496	-4.88263	-23.8849
H76G_A	226	0.623376623377	-5.27255	-4.85909	-24.0535
I1072L_C	246	0.684931506849	-2.99517	-10.2266	-6.26118
Y15F_A	252	0.623376623377	-3.3557	-2.37343	-24.935
D1087T_C	263	0.657534246575	-3.32493	-4.87613	-10.5613
F1064G_C	278	0.657534246575	-3.39732	-4.86882	-8.51638
S35T_A	297	0.603896103896	-3.39785	-2.3951	-24.7335
G1064Y_C	312	0.657534246575	-3.29375	-4.84615	-9.78522
K153Y_A	322	0.590909090909	-3.13792	-2.24396	-27.2092
K31I_A	327	0.584415584416	-3.12748	-2.22003	-26.3952
K141N_A	338	0.564935064935	-3.45938	-2.53739	-24.3693
I96P_A	346	0.545454545455	-2.29301	-2.14954	-23.9072
F1050N_C	363	0.547945205479	-2.36957	-2.5344	-7.89956
R145M_A	372	0.538961038961	-2.48137	-2.05473	-25.3458
Y103C_A	381	0.532467532468	-2.40909	-1.99807	-25.3959
W1070R_C	390	0.547945205479	-1.87813	-1.48974	-8.18581
R13W_A	399	0.512987012987	0.135094	0.454242	-25.9219
F1036M_C	406	0.493150684932	0.100262	-2.05222	-7.99129
L33V_A	411	0.506493506494	-0.147468	0.119957	-24.0328
A129K_A	416	0.506493506494	-0.150043	0.120418	-27.5015
N141E_A	427	0.493506493506	-0.181303	0.125054	-25.2747
P96I_A	440	0.5	-0.181303	0.124993	-25.5636
Y82L_A	448	0.493506493506	-0.177056	0.124993	-24.9475
E102K_A	461	0.493506493506	-1.50399	0.315668	-27.0533
M146I_A	467	0.5	-1.29267	0.311904	-27.8757
W13Y_A	477	0.493506493506	-1.40396	0.431536	-27.755
L149Y_A	483	0.487012987013	-2.14484	0.36213	-25.1424
Q111V_A	489	0.474025974026	-2.94858	0.702638	-25.5801
Q1029S_C	497	0.465753424658	-2.66403	2.38303	-5.64202
I11W_A	520	0.461038961039	-2.68312	0.502687	-24.1603
T1071R_C	535	0.479452054795	-3.0612	2.44363	-6.23829
M1064V_C	545	0.465753424658	-3.17068	2.60415	-6.02516
I1035A_C	550	0.438356164384	-3.1918	3.47546	-5.52114
L1072M_C	556	0.41095890411	-3.07863	3.64057	-6.56556
L1063T_C	567	0.41095890411	-3.25202	3.15739	-5.49117
M1083L_C	577	0.397260273973	-3.20706	3.28355	-6.41114
P1038C_C	585	0.397260273973	-3.20719	3.11129	-8.4788
I1039N_C	590	0.369863013699	-2.32991	1.06882	-5.77245
L155K_A	598	0.422077922078	-3.34943	0.0535335	-24.5424
S1062G_C	611	0.342465753425	-3.34338	2.18597	-7.88123
N138S_A	620	0.422077922078	-3.6512	-0.0847966	-23.9901
L121A_A	627	0.422077922078	-3.6575	-0.0848403	-23.5864
E63F_A	634	0.415584415584	-3.69772	-0.133664	-24.3434
W1070M_C	641	0.301369863014	-3.35178	0.926752	-6.77336
S1029M_C	650	0.287671232877	-4.08634	-0.240681	-8.95245
F49A_A	660	0.396103896104	-3.86619	0.334999	-24.9595
G93I_A	673	0.383116883117	-3.87845	0.371746	-26.2693
L112W_A	687	0.383116883117	-4.08801	0.449961	-24.6689
S1023K_C	696	0.287671232877	-4.06064	-0.221707	-7.50935
W11A_A	713	0.383116883117	-4.02544	0.858862	-24.0891
D1061Y_C	723	0.246575342466	-3.91917	-3.62289	-6.41135
H1082Y_C	730	0.246575342466	-3.30397	0.255883	-6.34187
Q1047M_C	741	0.246575342466	-3.31566	0.326272	-6.81309
L14E_A	751	0.376623376623	-3.57621	1.36258	-24.4187
Q136F_A	763	0.376623376623	-3.51025	1.32641	-27.0573
G1062Q_C	770	0.246575342466	-3.53047	0.804656	-8.69988
L4W_A	777	0.363636363636	-3.54565	1.63572	-28.0899
P1093M_C	784	0.246575342466	-3.64529	0.782365	-7.04078
L148F_A	793	0.37012987013	-3.61533	1.63484	-24.4679
A40Y_A	801	0.363636363636	-3.60038	1.68985	-23.9099
Q1062I_C	820	0.205479452055	-3.4098	0.930164	-6.2899
W141R_A	833	0.344155844156	-3.40652	1.59524	-24.4738
K1023M_C	840	0.205479452055	-3.98406	0.968072	-7.14138
K33T_A	851	0.344155844156	-3.93892	1.51154	-23.9116
M1049C_C	861	0.191780821918	-3.64202	1.2784	-6.4589
I44K_A	873	0.337662337662	-3.49684	1.82605	-24.1539
S79C_A	881	0.337662337662	-2.84846	1.84235	-24.3744
C1040Y_C	890	0.178082191781	-2.84565	0.95704	-7.68144
M145I_A	899	0.331168831169	-2.84522	1.78959	-26.2755
V29F_A	908	0.318181818182	-2.85461	1.86354	-24.7858
L103C_A	913	0.318181818182	-3.08238	2.11351	-24.1897
M1037W_C	922	0.178082191781	-3.05124	-3.88535	-6.86356
R54F_A	928	0.311688311688	-3.06707	1.89556	-27.3911
M1059D_C	935	0.178082191781	-3.10365	-3.47467	-7.21596
R1079C_C	941	0.178082191781	-3.03905	-4.11672	-7.77966
Y118I_A	949	0.298701298701	-2.99729	1.96698	-25.7573
S27I_A	960	0.305194805195	-3.82991	1.45751	-26.1802
I27Y_A	970	0.298701298701	-3.65616	1.13328	-24.6573
M1036W_C	982	0.191780821918	-3.39459	-2.82922	-6.683
L122M_A	995	0.285714285714	-3.11769	1.14597	-24.7201
