name	count	identity	interface_identity	non_interface_identity	evolved_interaction	ancestral_interaction	stability
F1065M_C	1	0.986301369863	1.0	0.980392156863	-10.4698	-10.4861	-7.85418
D1082Q_C	6	0.945205479452	0.954545454545	0.941176470588	-9.56684	-9.6958	-12.4547
K71R_A	13	0.961038961039	0.947368421053	0.962962962963	-9.20906	-10.0945	-24.861
E99V_A	18	0.941558441558	0.947368421053	0.940740740741	-8.6961	-10.1123	-25.2275
P1078T_C	27	0.876712328767	0.909090909091	0.862745098039	-9.41728	-9.37322	-9.03374
S1032R_C	38	0.849315068493	0.818181818182	0.862745098039	-9.20471	-7.61311	-10.1824
S35Y_A	48	0.876623376623	0.894736842105	0.874074074074	-5.47093	-5.59691	-25.7261
K76H_A	55	0.850649350649	0.85	0.850746268657	-5.17132	-5.69688	-24.503
Q7N_A	71	0.837662337662	0.85	0.835820895522	-5.17093	-5.79785	-23.8805
L119R_A	78	0.811688311688	0.85	0.805970149254	-5.16004	-5.87138	-25.5593
A43L_A	84	0.811688311688	0.8	0.813432835821	-4.79621	-7.23359	-25.8616
H1031Y_C	98	0.767123287671	0.772727272727	0.764705882353	-6.33064	-7.16561	-6.50707
C93L_A	113	0.772727272727	0.772727272727	0.772727272727	-4.17181	-4.17959	-30.6471
D102C_A	118	0.74025974026	0.727272727273	0.742424242424	-4.45462	-4.16693	-25.5476
P39C_A	129	0.733766233766	0.727272727273	0.734848484848	-4.47336	-4.08153	-24.8841
T1061P_C	138	0.684931506849	0.761904761905	0.653846153846	-4.45993	-6.47893	-8.68724
T1050V_C	151	0.643835616438	0.714285714286	0.615384615385	-4.41155	-4.70753	-6.32038
H1035L_C	159	0.616438356164	0.666666666667	0.596153846154	-4.38758	-5.8916	-7.6975
N7A_A	168	0.714285714286	0.727272727273	0.712121212121	-4.38655	-4.27985	-24.265
K110I_A	181	0.701298701299	0.727272727273	0.69696969697	-4.41257	-4.3431	-24.9989
M36W_A	197	0.675324675325	0.681818181818	0.674242424242	-4.45743	-3.81918	-24.3584
K1033Y_C	206	0.58904109589	0.619047619048	0.576923076923	-3.73818	-9.46913	-6.27078
P1040D_C	211	0.575342465753	0.619047619048	0.557692307692	-3.21474	-9.41108	-7.40186
S127C_A	225	0.642857142857	0.681818181818	0.636363636364	-4.5048	-3.71628	-25.2491
Q52A_A	236	0.616883116883	0.681818181818	0.606060606061	-4.92712	-3.64816	-25.0761
F14K_A	253	0.616883116883	0.727272727273	0.598484848485	-4.84575	-3.59394	-25.1734
E143M_A	275	0.603896103896	0.681818181818	0.590909090909	-5.37923	-3.70494	-25.9789
V132E_A	284	0.61038961039	0.681818181818	0.598484848485	-5.38456	-3.58661	-28.7487
T108Q_A	289	0.597402597403	0.681818181818	0.583333333333	-4.04799	-3.60279	-26.7331
R150W_A	294	0.584415584416	0.681818181818	0.568181818182	-4.01654	-3.44649	-24.7782
D33H_A	300	0.584415584416	0.681818181818	0.568181818182	-4.28156	-3.56385	-26.6727
H33C_A	310	0.571428571429	0.636363636364	0.560606060606	-4.45533	-3.61212	-25.6786
Y1031D_C	316	0.493150684932	0.5	0.490196078431	-3.92293	-6.63152	-7.90553
E66W_A	328	0.545454545455	0.6	0.537313432836	-2.38788	-1.04716	-24.8001
Q111G_A	334	0.532467532468	0.6	0.522388059701	-2.56801	-1.04682	-28.1637
R71W_A	343	0.532467532468	0.55	0.529850746269	-5.33121	-2.26361	-25.9343
A79W_A	357	0.519480519481	0.55	0.514925373134	-5.33687	-1.79772	-24.1914
M96D_A	370	0.519480519481	0.55	0.514925373134	-5.30845	-3.2084	-27.3496
Y57E_A	382	0.519480519481	0.55	0.514925373134	-6.17709	-4.84609	-25.6276
D121P_A	404	0.5	0.55	0.492537313433	-4.84619	-1.44055	-26.4223
D34S_A	411	0.493506493506	0.55	0.485074626866	-4.84708	-2.85055	-25.5484
D1086E_C	420	0.452054794521	0.434782608696	0.46	-4.41354	-7.23281	-8.27283
V1060P_C	430	0.438356164384	0.434782608696	0.44	-1.48348	-7.22859	-7.49898
T1034C_C	439	0.438356164384	0.434782608696	0.44	-1.82494	-7.97111	-8.18423
R1064Q_C	445	0.397260273973	0.45	0.377358490566	0.900585	-7.23139	-7.91155
G27Q_A	454	0.467532467532	0.526315789474	0.459259259259	0.074199	1.29864	-26.662
V1050Y_C	462	0.424657534247	0.45	0.415094339623	-0.412825	-7.46943	-8.55001
D1070H_C	470	0.424657534247	0.45	0.415094339623	-0.648307	-7.54749	-7.85164
Q1095G_C	478	0.397260273973	0.315789473684	0.425925925926	1.04088	-7.14153	-7.55741
A1051V_C	489	0.383561643836	0.315789473684	0.407407407407	0.899784	-7.14169	-7.47611
F1064I_C	499	0.383561643836	0.315789473684	0.407407407407	0.560977	-7.57975	-8.49972
K15Y_A	512	0.428571428571	0.5	0.420289855072	0.519911	2.39814	-26.1206
Y35F_A	520	0.422077922078	0.5	0.413043478261	0.39455	2.23049	-27.177
C86I_A	527	0.415584415584	0.5	0.405797101449	-0.357691	2.32662	-30.5419
I1077S_C	534	0.342465753425	0.210526315789	0.388888888889	-0.193915	-6.45676	-7.73539
R1032I_C	542	0.342465753425	0.210526315789	0.388888888889	-1.30421	-5.92429	-8.97243
Y154F_A	549	0.415584415584	0.466666666667	0.410071942446	-1.30764	1.41965	-25.4058
L1078F_C	571	0.328767123288	0.210526315789	0.37037037037	-1.11338	-5.73503	-8.95128
N118R_A	580	0.415584415584	0.4375	0.413043478261	-1.34328	1.41242	-25.3057
W66E_A	588	0.402597402597	0.4375	0.398550724638	-1.27976	1.44409	-25.6168
E128V_A	598	0.402597402597	0.444444444444	0.397058823529	-2.37535	1.46828	-24.8664
S127I_A	608	0.396103896104	0.444444444444	0.389705882353	-2.35534	1.32304	-24.8231
A130R_A	616	0.396103896104	0.444444444444	0.389705882353	-1.09699	1.95267	-26.1894
W61F_A	622	0.396103896104	0.470588235294	0.386861313869	-1.05293	1.94749	-26.3316
G111D_A	631	0.383116883117	0.470588235294	0.372262773723	-0.829848	2.23009	-26.0438
L147Y_A	637	0.383116883117	0.470588235294	0.372262773723	-0.553912	3.02404	-28.2507
E1095P_C	645	0.301369863014	0.210526315789	0.333333333333	-0.151579	-7.33617	-8.42196
Q108D_A	656	0.37012987013	0.444444444444	0.360294117647	-0.154612	3.42289	-27.1889
K1058Y_C	664	0.27397260274	0.210526315789	0.296296296296	-0.0705775	-7.60001	-6.3916
S25T_A	675	0.376623376623	0.444444444444	0.367647058824	-0.744507	4.10595	-24.2709
P5R_A	686	0.363636363636	0.388888888889	0.360294117647	-0.951509	3.93476	-28.971
Y15S_A	697	0.350649350649	0.277777777778	0.360294117647	-1.1673	3.40896	-26.7888
V62N_A	709	0.337662337662	0.277777777778	0.345588235294	-1.19276	3.33161	-24.4061
K1038L_C	727	0.246575342466	0.210526315789	0.259259259259	-0.777491	-7.03051	-7.973
R1055F_C	735	0.232876712329	0.210526315789	0.240740740741	-0.971132	-5.18116	-7.80073
V1040I_C	747	0.219178082192	0.210526315789	0.222222222222	-0.952233	-5.16196	-7.13041
Y1041F_C	755	0.219178082192	0.210526315789	0.222222222222	-0.935318	-5.15973	-7.31682
S34H_A	772	0.324675324675	0.222222222222	0.338235294118	-0.410949	3.08289	-25.7084
E1079C_C	783	0.205479452055	0.166666666667	0.218181818182	0.0915998	-2.98164	-6.7513
L1032T_C	793	0.205479452055	0.166666666667	0.218181818182	-0.15212	-3.16512	-7.13382
Y144F_A	813	0.324675324675	0.3125	0.326086956522	-0.150859	3.16317	-24.4182
T1032Q_C	819	0.205479452055	0.166666666667	0.218181818182	-0.302524	-3.20494	-8.01701
G54K_A	826	0.318181818182	0.333333333333	0.31654676259	0.112996	2.33109	-26.2906
A31Y_A	833	0.318181818182	0.333333333333	0.31654676259	-0.155995	2.39552	-26.2044
R96P_A	840	0.331168831169	0.357142857143	0.328571428571	-0.34629	1.97396	-27.5833
I1040T_C	847	0.205479452055	0.2	0.207547169811	-0.593829	-2.98299	-7.21476
I1024M_C	855	0.191780821918	0.2	0.188679245283	-0.13068	-0.375506	-8.23823
K132W_A	869	0.318181818182	0.294117647059	0.321167883212	-0.129418	1.1308	-24.8809
W30R_A	883	0.311688311688	0.294117647059	0.313868613139	-0.117328	1.06322	-24.1356
A14Y_A	888	0.305194805195	0.294117647059	0.306569343066	-0.462521	1.02908	-27.2041
L73W_A	895	0.298701298701	0.294117647059	0.299270072993	-0.749098	1.02566	-24.9015
K150C_A	900	0.305194805195	0.294117647059	0.306569343066	-0.75862	1.08511	-26.9203
P105N_A	907	0.298701298701	0.294117647059	0.299270072993	-0.65187	1.15546	-24.2656
W101K_A	921	0.298701298701	0.294117647059	0.299270072993	-0.509756	1.41005	-27.047
I113L_A	930	0.298701298701	0.294117647059	0.299270072993	-0.540684	1.14134	-26.5135
P96M_A	937	0.298701298701	0.294117647059	0.299270072993	-0.437082	0.710899	-26.153
L60M_A	943	0.298701298701	0.294117647059	0.299270072993	-0.409883	0.349546	-25.8626
R119Y_A	956	0.298701298701	0.277777777778	0.301470588235	-0.282214	0.341707	-24.325
R4W_A	970	0.305194805195	0.333333333333	0.302158273381	0.940951	0.782353	-25.8159
Q37D_A	992	0.305194805195	0.277777777778	0.308823529412	-0.209705	0.872725	-23.7927
M81F_A	1000	0.311688311688	0.277777777778	0.316176470588	-0.414375	0.700875	-26.1303
