name	count	identity	evolved_interaction	ancestral_interaction	stability
C93L_A	1	0.993506493506	-10.4946	-10.5197	-27.5902
R1093G_C	9	0.972602739726	-10.4257	-10.2333	-8.17183
D1082W_C	15	0.945205479452	-9.83455	-9.5252	-9.31864
P128I_A	22	0.928571428571	-10.0993	-11.3003	-24.8361
A1051I_C	31	0.890410958904	-8.8996	-8.27744	-8.0374
N1086E_C	41	0.86301369863	-8.9308	-8.30432	-8.48921
E1059G_C	51	0.835616438356	-5.20162	-7.57634	-8.50145
K27L_A	58	0.857142857143	-5.14642	-8.54462	-26.2512
I146W_A	68	0.837662337662	-5.26149	-8.6173	-24.5294
V75M_A	76	0.818181818182	-5.36899	-8.58564	-23.4335
F1036P_C	87	0.753424657534	-6.24764	-7.68138	-8.234
D1075R_C	93	0.698630136986	-6.94161	-8.71812	-5.9464
N14M_A	106	0.792207792208	-6.3013	-7.74657	-24.7632
V1033T_C	122	0.698630136986	-5.68916	-6.18407	-10.566
E1086G_C	127	0.671232876712	-6.07736	-6.52741	-13.294
K15E_A	136	0.74025974026	-5.69692	-7.07943	-24.0264
W103I_A	142	0.727272727273	-5.5684	-7.00717	-24.0182
L62I_A	151	0.720779220779	-2.93644	-3.91195	-25.5397
M1049S_C	158	0.616438356164	-2.9804	-6.58375	-9.69151
K1038L_C	164	0.58904109589	-2.9966	-6.56926	-7.20928
E42K_A	177	0.701298701299	-2.9163	-4.94251	-24.0831
T1077M_C	185	0.547945205479	-3.58499	-5.74738	-6.5837
D1061M_C	203	0.534246575342	-3.64155	-5.74521	-6.64472
E1041K_C	211	0.547945205479	-4.60337	-4.71775	-6.72665
C5I_A	216	0.668831168831	-4.57134	-5.45374	-25.01
D1070S_C	229	0.547945205479	-4.61742	-2.49136	-7.46875
M1061D_C	236	0.575342465753	-4.62601	-2.35456	-6.78028
N140D_A	244	0.623376623377	-4.63729	-4.95898	-26.4043
T67D_A	251	0.597402597403	-3.63295	-2.91767	-26.8441
K1054A_C	256	0.547945205479	-1.64626	-1.62697	-5.92865
F1065W_C	267	0.520547945205	-2.22682	-1.6595	-6.67319
G1059L_C	276	0.520547945205	-2.38499	-1.67469	-7.92536
H1023E_C	281	0.506849315068	-1.76954	-1.31757	-8.67748
D1075I_C	287	0.493150684932	0.227225	0.00704757	-8.55393
E1050G_C	298	0.479452054795	0.16382	-0.002858	-7.37364
K1041F_C	312	0.465753424658	0.183671	-0.100421	-5.92294
M137H_A	319	0.545454545455	-0.167934	-4.16547	-26.7088
A142Q_A	325	0.525974025974	-0.326188	-3.94496	-27.449
Q1076M_C	339	0.452054794521	-0.289657	-0.564409	-7.00367
G33N_A	346	0.512987012987	-0.290031	-3.88825	-25.2845
D1085A_C	356	0.424657534247	-0.676084	0.612307	-5.98671
N8F_A	370	0.5	-1.03421	-4.80135	-24.438
M101K_A	385	0.5	-1.04846	-4.80147	-24.6041
E1023W_C	400	0.41095890411	-0.98523	0.299404	-7.14469
G44K_A	407	0.487012987013	-1.43255	-5.88873	-27.0402
M1060T_C	413	0.397260273973	-1.61104	0.257259	-6.00456
F8A_A	419	0.454545454545	-1.96653	-5.87659	-28.4061
Q10C_A	425	0.454545454545	-1.65897	-5.10802	-27.397
A8V_A	434	0.448051948052	-1.82579	-5.84601	-24.8491
M1092T_C	444	0.397260273973	-1.76806	-1.03304	-6.8044
K104F_A	455	0.448051948052	-1.61104	-6.05248	-25.4227
I99R_A	470	0.441558441558	-1.77664	-5.59741	-25.091
C1082T_C	486	0.383561643836	-1.95056	-0.905188	-6.63506
V1036P_C	497	0.369863013699	-1.97369	-0.473169	-8.71127
T1082F_C	513	0.369863013699	-1.97543	-0.472355	-7.4884
V101A_A	522	0.428571428571	-1.53123	-5.70076	-25.1143
D67S_A	533	0.422077922078	-2.04628	-5.77871	-23.8878
I110P_A	541	0.422077922078	-2.02714	-5.95715	-24.0709
C128H_A	552	0.422077922078	-2.11496	-5.51255	-24.3071
N1043C_C	584	0.342465753425	-2.85402	-2.5311	-7.26105
V8W_A	592	0.409090909091	-3.01503	-6.52119	-25.4297
D1051W_C	598	0.342465753425	-2.6754	-2.35898	-9.74828
W1075D_C	605	0.356164383562	-2.10446	-2.43959	-8.51834
T103H_A	611	0.396103896104	0.663488	1.59261	-25.7855
R1055Y_C	618	0.342465753425	0.860726	-1.19251	-8.34183
Q1029A_C	624	0.342465753425	1.37019	-0.683869	-6.16022
Y142F_A	637	0.383116883117	1.33497	1.22983	-23.6696
R61H_A	653	0.376623376623	1.34528	0.805445	-24.0928
D1075K_C	667	0.328767123288	1.11464	-0.718378	-6.7392
G4P_A	672	0.376623376623	1.14636	0.565549	-26.3184
Q145S_A	681	0.37012987013	0.86126	0.56653	-24.526
H61K_A	696	0.37012987013	0.528276	0.471424	-25.3328
G1070E_C	706	0.301369863014	0.717321	-1.62926	-6.20742
A1029Q_C	714	0.301369863014	-0.000408723	-2.19842	-6.92774
K1025A_C	724	0.301369863014	0.112507	-2.15201	-7.51859
M1038K_C	737	0.315068493151	0.0870605	-2.09849	-7.26362
C1093L_C	743	0.315068493151	0.0867608	-2.25763	-9.41282
T44M_A	760	0.37012987013	-0.208846	1.04204	-26.1688
K106E_A	770	0.363636363636	-0.340962	0.686137	-26.6029
S1081E_C	779	0.315068493151	-0.277571	-2.66958	-7.51978
T1032W_C	789	0.315068493151	0.0725778	-2.1145	-7.56722
T1046E_C	798	0.301369863014	0.157761	-1.91448	-10.2758
Y25A_A	817	0.344155844156	2.36034	2.53577	-24.5863
F1095G_C	839	0.301369863014	2.39428	-0.457697	-9.86518
W1051K_C	850	0.301369863014	2.46679	0.759341	-9.11699
S1086Q_C	861	0.287671232877	2.40929	0.368483	-8.27113
V74Q_A	867	0.337662337662	2.2146	5.97022	-24.3842
M1066K_C	872	0.27397260274	1.26126	0.350806	-6.27409
E12M_A	882	0.324675324675	1.30417	5.62562	-26.6132
E31R_A	893	0.324675324675	1.16178	6.52623	-23.6807
P36M_A	916	0.331168831169	1.21947	6.56754	-26.7474
Y57M_A	927	0.331168831169	1.57147	6.32013	-24.1952
F42M_A	935	0.324675324675	1.51139	5.78185	-23.6212
F130H_A	942	0.324675324675	1.482	5.93127	-23.8599
K61V_A	951	0.324675324675	1.96643	6.47969	-25.3815
W13S_A	959	0.324675324675	1.95757	5.00308	-23.7379
F27A_A	967	0.324675324675	1.9962	4.99964	-23.5263
Q151S_A	985	0.324675324675	1.33846	4.66619	-24.5702
R31S_A	990	0.324675324675	1.33823	4.66669	-23.6585
