name	count	identity	interface_identity	non_interface_identity	evolved_interaction	ancestral_interaction	stability
F24H_A	1	0.993506493506	0.947368421053	1.0	-10.4794	-10.504	-22.717
R8M_A	11	0.967532467532	0.947368421053	0.97037037037	-10.4208	-10.4732	-24.6072
S1032E_C	20	0.958904109589	0.954545454545	0.960784313725	-10.0916	-10.2876	-6.30022
E11A_A	29	0.935064935065	1.0	0.925925925926	-10.1209	-10.379	-28.3345
N140S_A	35	0.902597402597	0.947368421053	0.896296296296	-10.3091	-10.6371	-31.7128
F22L_A	41	0.876623376623	0.894736842105	0.874074074074	-8.93863	-9.3523	-28.3422
C93G_A	50	0.857142857143	0.894736842105	0.851851851852	-8.96813	-9.57747	-24.5201
K141D_A	58	0.844155844156	0.894736842105	0.837037037037	-8.7694	-9.1577	-25.0102
D127R_A	65	0.831168831169	0.894736842105	0.822222222222	-9.44447	-9.43981	-25.612
G1057M_C	77	0.821917808219	0.913043478261	0.78	-9.40694	-10.3671	-6.42448
R1071Q_C	87	0.780821917808	0.869565217391	0.74	-8.84259	-9.69721	-6.56231
D30H_A	96	0.805194805195	0.9	0.791044776119	-8.5439	-9.17785	-24.9168
R13V_A	104	0.785714285714	0.888888888889	0.772058823529	-5.54471	-5.8831	-23.8119
Q151E_A	116	0.772727272727	0.888888888889	0.757352941176	-5.75836	-7.30295	-27.2926
I121D_A	124	0.75974025974	0.888888888889	0.742647058824	-5.75784	-6.65327	-23.9293
K18L_A	133	0.753246753247	0.833333333333	0.742647058824	-5.75059	-5.99881	-24.5913
K1045A_C	151	0.698630136986	0.772727272727	0.666666666667	-5.82687	-9.17816	-6.02336
F1094W_C	160	0.698630136986	0.772727272727	0.666666666667	-5.54335	-8.79295	-6.41544
K14R_A	168	0.714285714286	0.833333333333	0.698529411765	-3.9756	-4.10588	-23.9578
E115I_A	174	0.707792207792	0.833333333333	0.691176470588	-3.92166	-4.98593	-26.0176
A1028D_C	184	0.698630136986	0.772727272727	0.666666666667	-4.31473	-8.76714	-6.58283
R14M_A	191	0.694805194805	0.833333333333	0.676470588235	-4.0652	-4.91852	-24.1691
Y153F_A	200	0.681818181818	0.8125	0.666666666667	-3.99175	-5.64663	-23.5875
I1035L_C	207	0.684931506849	0.772727272727	0.647058823529	-4.62845	-7.86287	-6.43682
A32Q_A	237	0.662337662338	0.75	0.652173913043	-4.88343	-5.21813	-23.4897
F66L_A	245	0.649350649351	0.6875	0.644927536232	-4.21741	-4.51556	-25.1903
S1062M_C	254	0.630136986301	0.695652173913	0.6	-4.75473	-8.09448	-6.82398
K1054F_C	263	0.58904109589	0.695652173913	0.54	-5.30545	-8.76346	-9.03327
P106Y_A	273	0.62987012987	0.666666666667	0.625899280576	-3.51194	-4.57583	-25.0734
Y25Q_A	282	0.623376623377	0.6	0.625899280576	-2.63557	-3.54272	-25.4461
V116A_A	288	0.61038961039	0.6	0.611510791367	-2.60462	-3.50457	-24.9973
L66Y_A	312	0.603896103896	0.6	0.604316546763	-2.61544	-3.60628	-24.6628
L1093F_C	319	0.547945205479	0.666666666667	0.509090909091	-3.37436	-8.37157	-8.60735
F1054N_C	324	0.534246575342	0.65	0.490566037736	-3.2541	-8.39013	-8.28763
V37H_A	329	0.564935064935	0.428571428571	0.578571428571	-1.28227	-2.62033	-25.9467
T91C_A	336	0.545454545455	0.357142857143	0.564285714286	-1.31052	-2.1383	-23.8703
S1095K_C	343	0.534246575342	0.666666666667	0.490909090909	-0.90983	-8.58838	-8.6726
D98W_A	348	0.532467532468	0.375	0.550724637681	-0.841085	-0.960274	-25.14
Q1066A_C	357	0.506849315068	0.705882352941	0.446428571429	-0.877765	-8.56159	-6.60313
T70N_A	367	0.512987012987	0.3125	0.536231884058	-0.940856	-0.65867	-27.3449
V46T_A	375	0.506493506494	0.3125	0.528985507246	-1.44706	-0.807348	-25.4757
E145R_A	382	0.5	0.3125	0.521739130435	-1.41723	-0.785921	-25.9516
K40N_A	393	0.487012987013	0.3125	0.507246376812	-1.61458	-2.01084	-25.7524
P143K_A	399	0.493506493506	0.375	0.507246376812	-3.97355	-4.34073	-25.1641
D1061H_C	407	0.452054794521	0.65	0.377358490566	-3.97322	-7.88897	-6.40847
P67A_A	416	0.493506493506	0.375	0.507246376812	-3.97262	-4.30552	-24.2683
S3Y_A	437	0.480519480519	0.375	0.492753623188	-3.9749	-4.18084	-24.3107
G93W_A	445	0.467532467532	0.333333333333	0.482014388489	-1.01531	0.712954	-25.9949
R146I_A	454	0.461038961039	0.333333333333	0.474820143885	-0.980984	0.785406	-24.2207
R154Q_A	468	0.461038961039	0.333333333333	0.474820143885	-0.986995	0.758723	-23.816
Q1048R_C	476	0.452054794521	0.55	0.415094339623	-3.43708	-4.2402	-7.80861
S1037V_C	486	0.452054794521	0.55	0.415094339623	-3.56907	-4.01504	-10.2887
K1074M_C	505	0.424657534247	0.5	0.396226415094	-3.28892	-3.88512	-7.50929
M1023K_C	513	0.41095890411	0.45	0.396226415094	-3.64609	-4.30548	-6.61386
R1032K_C	528	0.397260273973	0.45	0.377358490566	-3.68484	-4.26158	-6.19171
R135L_A	541	0.428571428571	0.333333333333	0.441176470588	-3.83227	-1.9088	-24.296
K110R_A	553	0.422077922078	0.333333333333	0.433823529412	-3.81469	-1.80192	-25.2995
Q1076L_C	564	0.369863013699	0.45	0.339622641509	-3.75827	-5.04914	-7.94386
N7M_A	582	0.415584415584	0.333333333333	0.426470588235	-3.85462	-1.78423	-25.9597
A133V_A	602	0.402597402597	0.294117647059	0.416058394161	-3.56356	-1.64104	-24.5172
N1054H_C	612	0.369863013699	0.45	0.339622641509	-0.78662	-4.99481	-7.45741
R20H_A	618	0.396103896104	0.294117647059	0.408759124088	-0.410242	0.446751	-24.502
R1048M_C	628	0.356164383562	0.45	0.320754716981	-0.480168	-5.04765	-10.3087
V91L_A	636	0.396103896104	0.333333333333	0.404411764706	0.544626	0.489461	-26.2744
P125R_A	642	0.396103896104	0.352941176471	0.401459854015	0.590469	0.584328	-25.0535
S114F_A	649	0.396103896104	0.352941176471	0.401459854015	0.568542	0.523881	-27.2367
K1023C_C	655	0.328767123288	0.4	0.301886792453	0.610972	-3.956	-6.56416
F77I_A	661	0.37012987013	0.352941176471	0.372262773723	0.611519	0.463768	-25.5533
N13V_A	667	0.363636363636	0.25	0.376811594203	1.91536	5.65698	-25.4599
D122E_A	674	0.357142857143	0.25	0.369565217391	1.99404	5.62964	-24.4062
K21F_A	680	0.350649350649	0.25	0.36231884058	1.90682	5.59327	-25.8123
V33H_A	685	0.357142857143	0.25	0.369565217391	1.90379	5.58331	-27.3916
L101M_A	690	0.350649350649	0.25	0.36231884058	-1.04539	-0.431891	-26.0291
E42L_A	705	0.344155844156	0.25	0.355072463768	-1.10008	-0.24274	-24.2272
Q10I_A	723	0.324675324675	0.25	0.333333333333	-0.933606	-0.263726	-24.1221
V57G_A	735	0.318181818182	0.25	0.326086956522	0.16892	-0.204559	-23.6768
R35H_A	749	0.318181818182	0.25	0.326086956522	0.100085	0.545614	-24.1313
N126H_A	772	0.318181818182	0.25	0.326086956522	0.105207	0.50776	-23.9518
E54A_A	790	0.324675324675	0.266666666667	0.330935251799	0.49343	0.70509	-23.8228
M7V_A	799	0.318181818182	0.266666666667	0.323741007194	0.48391	0.782383	-24.2308
G57R_A	815	0.305194805195	0.266666666667	0.309352517986	0.858194	0.214253	-25.6829
H1092M_C	826	0.246575342466	0.318181818182	0.21568627451	-0.947087	-0.838743	-7.01501
V113I_A	838	0.298701298701	0.266666666667	0.302158273381	-1.00686	-0.691264	-26.0561
V13M_A	844	0.298701298701	0.266666666667	0.302158273381	-1.76529	-0.691077	-27.184
A121I_A	854	0.292207792208	0.266666666667	0.294964028777	-1.84568	-0.905713	-25.1643
S95L_A	863	0.285714285714	0.266666666667	0.287769784173	-1.85253	-0.906641	-27.3334
P1036K_C	879	0.246575342466	0.318181818182	0.21568627451	-1.8079	-0.862299	-6.70835
V1037M_C	884	0.232876712329	0.318181818182	0.196078431373	-1.80445	-0.83502	-7.00373
Y4E_A	892	0.285714285714	0.266666666667	0.287769784173	-1.80346	-0.592513	-26.5707
H70A_A	903	0.285714285714	0.214285714286	0.292857142857	-1.73765	-0.558834	-25.4516
E1074R_C	913	0.219178082192	0.25	0.207547169811	-1.27644	-2.03245	-7.13139
S54W_A	921	0.285714285714	0.25	0.289855072464	-1.73521	-1.58981	-24.2229
R1075L_C	933	0.219178082192	0.25	0.207547169811	-1.28957	-2.8542	-7.11408
R145L_A	945	0.285714285714	0.25	0.289855072464	0.992372	-1.34626	-25.7612
Q154W_A	953	0.285714285714	0.235294117647	0.29197080292	0.925087	-1.81173	-24.1982
L1095D_C	964	0.191780821918	0.2	0.188679245283	1.78005	-2.69592	-8.90965
Y106F_A	972	0.292207792208	0.277777777778	0.294117647059	1.80192	-1.10812	-24.1398
T140Q_A	984	0.285714285714	0.277777777778	0.286764705882	1.36651	-1.6445	-24.1138
M1059D_C	994	0.205479452055	0.2	0.207547169811	1.33066	-1.97893	-7.69577
