name	count	identity	evolved_interaction	ancestral_interaction	stability
Q39R_A	1	0.993506493506	-10.495	-10.5225	-26.819
N85C_A	7	0.974025974026	-10.5712	-10.5236	-28.2857
Q130H_A	12	0.941558441558	-10.5525	-10.5202	-26.8767
D19L_A	17	0.915584415584	-10.5854	-10.6825	-26.3215
S1033V_C	23	0.931506849315	-10.6066	-10.4253	-8.75022
A1079D_C	34	0.917808219178	-10.7209	-10.4695	-9.11455
K48I_A	46	0.857142857143	-10.6766	-10.6826	-25.7748
V148C_A	53	0.831168831169	-10.8409	-10.6777	-25.3446
K15R_A	61	0.811688311688	-10.6102	-10.5314	-28.5317
I1070Y_C	77	0.835616438356	-12.1961	-11.3559	-6.88933
C61Y_A	91	0.792207792208	-11.5779	-10.8143	-25.9968
P132Y_A	99	0.766233766234	-11.5262	-10.8072	-24.8161
E121W_A	104	0.766233766234	-11.5975	-10.7296	-26.6131
H15K_A	110	0.753246753247	-9.24115	-7.50871	-26.9101
K18Y_A	117	0.733766233766	-9.25422	-7.44628	-25.7387
Y87M_A	123	0.714285714286	-9.2712	-7.4785	-26.2699
M87L_A	132	0.701298701299	-9.18721	-7.46667	-24.1442
C153T_A	146	0.701298701299	-9.18319	-7.464	-25.0251
D1079F_C	152	0.753424657534	-9.17026	-10.1016	-8.53059
F1079L_C	162	0.739726027397	-9.88043	-10.1459	-7.88859
A79S_A	168	0.662337662338	-9.88074	-7.85546	-27.9532
N126F_A	174	0.642857142857	-9.88562	-7.85374	-25.9372
I48K_A	199	0.636363636364	-9.81795	-7.73315	-24.44
S102A_A	208	0.62987012987	-9.77652	-7.73332	-25.5604
T91M_A	216	0.61038961039	-8.55073	-7.47741	-26.4131
Q17E_A	222	0.597402597403	-6.14822	-4.25199	-24.0633
M1049C_C	230	0.616438356164	-4.75868	-8.49676	-4.61898
V1033R_C	241	0.616438356164	-5.5356	-8.48759	-4.67657
L38W_A	254	0.577922077922	-7.05935	-2.31751	-25.1154
D32S_A	259	0.577922077922	-7.10108	-2.46253	-27.6554
R3C_A	265	0.564935064935	-7.02162	-2.44387	-24.1672
H67A_A	286	0.564935064935	-7.07397	-2.45613	-25.1478
D100T_A	305	0.558441558442	-7.004	-2.53821	-24.0354
F1026L_C	317	0.520547945205	-6.98527	-9.85902	-9.65951
K27M_A	324	0.545454545455	-5.99283	-2.28092	-25.2163
E11T_A	332	0.538961038961	-6.03377	-2.37968	-24.7882
R1034C_C	342	0.452054794521	-5.51494	-8.74535	-6.00494
T129M_A	357	0.532467532468	-5.04275	-1.8813	-27.4577
S88K_A	364	0.519480519481	-1.88369	1.21942	-26.8638
A142F_A	379	0.493506493506	-1.85547	0.839907	-24.3262
A1038N_C	392	0.424657534247	-1.88139	-9.75497	-6.93561
E1044A_C	409	0.397260273973	-1.89385	-9.73778	-6.46351
W1034R_C	421	0.397260273973	-1.86254	-9.59575	-7.18799
Q1073E_C	431	0.369863013699	-0.334752	-5.09545	-6.72537
L137E_A	440	0.493506493506	-0.677481	1.61706	-25.8794
K110N_A	455	0.493506493506	-1.65823	2.25914	-24.6878
R67S_A	462	0.493506493506	-1.62381	2.26693	-24.6943
W38M_A	474	0.474025974026	-0.966961	2.04071	-23.5892
I113M_A	483	0.474025974026	-0.891351	1.99767	-24.1807
K74E_A	494	0.461038961039	-0.694293	1.76038	-25.3024
G1053T_C	503	0.342465753425	-0.103455	-0.473447	-8.91298
M150F_A	511	0.461038961039	-0.171909	1.74001	-24.1459
A22W_A	518	0.461038961039	-1.29252	0.832627	-24.5636
L1079E_C	526	0.356164383562	0.252839	-2.82178	-7.39469
N151W_A	533	0.461038961039	0.312243	1.7133	-26.2422
G1093H_C	542	0.328767123288	0.310106	-2.49029	-7.82616
R1075N_C	548	0.328767123288	1.18718	-2.5387	-8.1823
R135I_A	554	0.435064935065	1.1815	4.72517	-26.7132
P121K_A	561	0.428571428571	1.03452	4.53041	-25.9779
R39M_A	572	0.428571428571	1.02726	4.55008	-26.6799
I112L_A	581	0.422077922078	1.02941	4.52119	-25.7602
H1076G_C	591	0.315068493151	1.02875	-2.912	-8.50219
S32I_A	601	0.402597402597	-0.0242206	3.92216	-26.0017
M153Q_A	614	0.396103896104	-0.544755	4.19234	-24.7786
A1042Y_C	624	0.328767123288	0.01636	-4.17789	-8.83019
R150D_A	634	0.383116883117	0.210088	3.85236	-24.0067
M54Q_A	648	0.38961038961	0.223348	4.00647	-26.4165
G131R_A	655	0.38961038961	0.22554	3.95111	-25.0365
S133L_A	670	0.38961038961	0.0566306	3.93258	-25.4008
Q10R_A	679	0.376623376623	0.113825	3.80305	-24.3586
A21I_A	689	0.376623376623	0.0934053	3.72893	-24.7358
D37K_A	697	0.376623376623	-1.13566	-1.35994	-28.5708
F115I_A	704	0.376623376623	-0.435886	0.19564	-25.6353
E40V_A	713	0.363636363636	-0.464602	0.114613	-24.3378
F1068A_C	725	0.301369863014	0.611074	-3.96561	-5.68684
F1071Y_C	736	0.301369863014	0.614187	-3.96862	-6.9236
D142R_A	746	0.357142857143	0.240245	0.100942	-24.1961
Q110W_A	753	0.350649350649	0.0156877	-0.976369	-25.8161
T100F_A	764	0.344155844156	0.0208768	0.0232608	-26.0025
K1095A_C	769	0.287671232877	-0.214026	-2.70817	-6.91582
W89M_A	776	0.344155844156	-0.221324	0.0150775	-26.2707
H1044V_C	783	0.27397260274	-0.503064	-2.41834	-7.31775
T1033Y_C	795	0.27397260274	-0.346068	-2.71386	-6.05027
L132R_A	804	0.331168831169	-0.703744	-1.12177	-26.2617
Y25C_A	812	0.318181818182	1.00503	0.439772	-23.805
G1023S_C	828	0.27397260274	0.919612	-2.6704	-6.49723
R71G_A	846	0.311688311688	0.276413	0.342172	-23.562
E27L_A	866	0.311688311688	-0.481731	-0.439542	-24.3422
N140S_A	886	0.298701298701	-0.382153	0.300362	-24.0535
F19R_A	898	0.298701298701	-1.54954	-0.172278	-25.7003
H102N_A	910	0.298701298701	-1.73807	-0.238734	-25.1551
D1030A_C	917	0.246575342466	-1.19375	-1.12367	-7.0298
I57V_A	941	0.305194805195	-1.38827	-0.575179	-25.7916
S121H_A	948	0.298701298701	-1.38761	-0.544507	-24.9974
E1034C_C	957	0.232876712329	-1.42272	-1.30949	-5.98181
V1077K_C	965	0.232876712329	-1.43132	-0.302145	-7.67704
P128Q_A	972	0.292207792208	-1.43101	-0.401404	-25.9525
S1049Q_C	977	0.232876712329	-1.73667	-0.30035	-6.57647
S79G_A	982	0.292207792208	0.901352	-0.255378	-25.1759
S48T_A	991	0.292207792208	0.892713	-0.251935	-23.968
