name	count	identity	evolved_interaction	ancestral_interaction	stability
K146L_A	1	0.993506493506	-10.4946	-10.5196	-26.3805
E42D_A	8	0.974025974026	-10.3892	-10.4549	-25.063
E99H_A	14	0.941558441558	-10.3996	-10.5502	-24.3859
C5S_A	22	0.928571428571	-10.4023	-10.5442	-25.5355
E1079I_C	30	0.890410958904	-10.3381	-10.2895	-6.04226
P125M_A	42	0.88961038961	-9.7501	-9.95472	-25.8874
R13V_A	56	0.863636363636	-6.43371	-6.59685	-24.7785
K1038S_C	63	0.821917808219	-6.85311	-10.2776	-8.18326
W134C_A	70	0.824675324675	-6.53177	-6.26891	-27.7594
G55N_A	77	0.811688311688	-6.2804	-6.35847	-23.8681
Q154M_A	91	0.805194805195	-6.26693	-6.35864	-24.2435
K153E_A	98	0.779220779221	-6.87133	-6.78067	-24.2792
A32V_A	107	0.753246753247	-6.8121	-7.91386	-24.8278
K1041D_C	114	0.712328767123	-7.0526	-9.6627	-6.58116
V40L_A	126	0.727272727273	-7.09624	-6.62812	-27.0941
C127Q_A	132	0.707792207792	-6.89545	-4.68836	-25.3065
D1068A_C	137	0.671232876712	-7.97725	-7.40343	-7.23211
R118W_A	150	0.681818181818	-5.93925	-3.78994	-25.4876
S1032R_C	164	0.630136986301	-4.63058	-9.00555	-7.88397
K76M_A	184	0.655844155844	-4.56702	-2.57862	-25.3785
T51N_A	192	0.636363636364	-4.56196	-2.61627	-24.0269
Y106F_A	204	0.62987012987	-4.54908	-2.6248	-24.2245
W130A_A	214	0.623376623377	-6.94704	-4.13059	-24.8002
R1060F_C	230	0.58904109589	-8.27023	-9.18596	-8.454
T52I_A	237	0.61038961039	-8.70668	-5.85161	-26.7164
A1074M_C	244	0.561643835616	-8.0239	-9.17824	-9.44605
D19A_A	249	0.590909090909	-8.55876	-5.63358	-27.1772
V62N_A	255	0.577922077922	-8.23431	-5.39571	-25.0442
K30R_A	264	0.577922077922	-8.30767	-5.56674	-24.8018
Q143P_A	272	0.564935064935	-3.13565	-0.391143	-24.3075
N150V_A	284	0.558441558442	-3.05206	-0.393439	-23.8872
R104C_A	293	0.551948051948	-4.13359	-1.43946	-23.6471
L1051K_C	309	0.452054794521	-4.41332	-0.322872	-9.57998
Y155F_A	315	0.538961038961	-4.2612	-1.75045	-24.5125
V150Y_A	329	0.538961038961	-4.4773	-1.68925	-25.0999
M73P_A	340	0.545454545455	-5.45469	-1.69345	-26.7621
W27G_A	346	0.545454545455	-3.65919	-0.773808	-30.451
Q1075M_C	353	0.424657534247	-4.21	-0.864962	-7.27259
I1039M_C	360	0.41095890411	-4.05977	-0.470955	-7.03386
M1074P_C	371	0.397260273973	-3.92741	-0.416538	-8.73642
S136N_A	379	0.506493506494	-3.25672	0.373902	-24.7483
S35I_A	386	0.5	-3.13021	0.472404	-24.7587
M154H_A	396	0.493506493506	-2.22452	2.26563	-24.4741
I35T_A	409	0.480519480519	-1.97735	2.30642	-24.7217
I1042W_C	421	0.383561643836	-2.2669	4.54189	-5.23161
I99Y_A	428	0.467532467532	-2.1328	2.53975	-24.1904
E36H_A	434	0.467532467532	-2.31895	1.95272	-25.9968
F66P_A	439	0.467532467532	-1.9705	2.68225	-28.1581
E1059F_C	445	0.356164383562	-2.09856	0.814359	-6.14517
C134R_A	453	0.461038961039	-2.10071	2.50874	-27.0671
T26L_A	462	0.454545454545	-2.23223	2.21768	-27.5072
H1092N_C	467	0.342465753425	-1.73581	1.48226	-9.13795
I52N_A	472	0.467532467532	-1.61105	0.9616	-23.5764
T61S_A	480	0.454545454545	-1.41042	1.38715	-24.443
N48E_A	487	0.461038961039	-1.5263	1.86235	-23.5921
V75L_A	498	0.448051948052	-1.5459	1.86177	-24.4001
M62L_A	507	0.454545454545	-2.29183	1.61528	-25.7388
N140C_A	513	0.441558441558	-2.85122	1.62593	-23.5557
Y37L_A	518	0.435064935065	-2.84825	1.70589	-23.1582
V147N_A	528	0.435064935065	-2.19791	1.85881	-23.0371
F1059R_C	534	0.287671232877	-2.25874	1.44969	-7.46082
S3D_A	545	0.409090909091	-2.27259	1.41096	-24.2379
M135F_A	556	0.415584415584	-2.29378	1.41503	-25.0268
A1068N_C	564	0.287671232877	-2.16197	0.636854	-8.58647
A1054Q_C	569	0.287671232877	-2.08143	1.09238	-10.4683
R1051P_C	581	0.301369863014	-2.08392	1.09569	-7.2434
T35H_A	590	0.402597402597	-2.06131	1.36574	-23.9114
C140S_A	598	0.396103896104	-2.04203	1.37313	-25.3202
T93C_A	603	0.396103896104	-2.12311	1.2916	-23.8154
V70H_A	616	0.396103896104	-2.06733	1.34404	-23.059
F155Y_A	624	0.402597402597	-1.85547	1.24317	-22.0845
K15Y_A	636	0.396103896104	-1.81786	0.925998	-23.1186
L98M_A	649	0.396103896104	-1.78812	0.817992	-26.8692
S1023E_C	658	0.287671232877	-1.64527	1.16577	-6.74209
N22D_A	669	0.38961038961	-1.14805	2.75983	-23.0858
Q79H_A	675	0.38961038961	-1.28191	2.74567	-23.0685
T1028D_C	691	0.287671232877	-1.25757	1.78166	-6.39915
S36R_A	702	0.376623376623	-1.97661	1.83016	-25.9897
Y1067M_C	707	0.287671232877	-1.59492	-0.207223	-7.69322
L9M_A	717	0.363636363636	-2.04446	1.8578	-24.5459
L75M_A	723	0.363636363636	-1.98061	2.26678	-23.8293
L125G_A	732	0.363636363636	-1.78035	2.26666	-24.4174
F1052W_C	742	0.287671232877	-1.60154	-1.11556	-7.75368
P1044H_C	748	0.287671232877	-1.10663	-0.73475	-7.9237
V1035I_C	756	0.301369863014	-1.10126	-1.37392	-9.09702
L136Q_A	766	0.344155844156	-1.03846	1.91078	-23.8917
G1069A_C	776	0.27397260274	0.335189	2.04448	-7.58127
S140P_A	782	0.344155844156	0.333856	1.98919	-24.4367
S1087L_C	820	0.27397260274	-1.30876	7.90191	-6.47612
R29D_A	853	0.337662337662	-0.169037	1.79737	-24.5176
F1085P_C	861	0.27397260274	0.179115	6.78121	-7.8803
I107F_A	866	0.331168831169	-1.05153	2.28873	-23.5924
L112I_A	873	0.344155844156	-1.05169	2.28886	-24.2357
I12Q_A	878	0.344155844156	-1.37957	3.23377	-24.8549
R32V_A	892	0.344155844156	-1.42985	3.07938	-25.3179
M111R_A	901	0.344155844156	-1.46868	3.07914	-24.6686
R1073M_C	907	0.260273972603	-1.35355	7.05044	-10.7976
L1058T_C	915	0.260273972603	-1.3072	7.04863	-9.76577
T7D_A	920	0.357142857143	-1.31616	2.89273	-24.6607
M9N_A	928	0.350649350649	-1.31546	2.89315	-23.5896
Y16M_A	953	0.344155844156	-1.68524	1.92454	-24.143
R4D_A	963	0.350649350649	-1.61424	1.93537	-23.9762
I1045D_C	979	0.27397260274	-1.59246	8.66846	-6.0843
R111E_A	989	0.344155844156	-1.59232	1.7733	-25.3578
L1087S_C	996	0.287671232877	0.196614	1.24489	-5.96553
