name	count	identity	interface_identity	non_interface_identity	evolved_interaction	ancestral_interaction	stability
V29Q_A	1	0.993506493506	1.0	0.992592592593	-10.4795	-10.5013	-26.5458
R104A_A	6	0.974025974026	1.0	0.97037037037	-10.4402	-10.4819	-24.7291
K153V_A	14	0.954545454545	1.0	0.948148148148	-8.81603	-10.4715	-24.3777
S136V_A	19	0.928571428571	1.0	0.919117647059	-6.77867	-9.78418	-25.2778
Y82F_A	33	0.909090909091	1.0	0.897058823529	-5.10681	-10.8855	-26.4345
L95T_A	40	0.896103896104	1.0	0.882352941176	-5.74841	-11.6102	-27.8461
D1061W_C	48	0.86301369863	0.863636363636	0.862745098039	-5.91683	-5.54243	-6.84987
I1089M_C	56	0.821917808219	0.772727272727	0.843137254902	-5.48145	-5.25014	-8.40567
K40H_A	65	0.863636363636	0.944444444444	0.852941176471	-5.51666	-9.60543	-25.8996
E99C_A	71	0.837662337662	0.944444444444	0.823529411765	-5.51687	-9.65885	-24.4319
M45V_A	77	0.818181818182	0.944444444444	0.801470588235	-5.5204	-9.83622	-24.4708
R125V_A	84	0.805194805195	0.944444444444	0.786764705882	-5.46942	-10.1256	-24.8129
T1043A_C	90	0.753424657534	0.772727272727	0.745098039216	-5.57382	-5.43121	-12.1193
A87H_A	98	0.792207792208	0.888888888889	0.779411764706	-5.5133	-8.49303	-21.8653
M1049W_C	108	0.698630136986	0.772727272727	0.666666666667	-5.20885	-5.67677	-8.4287
P78I_A	115	0.766233766234	0.888888888889	0.75	-5.12921	-9.10661	-25.5515
S40C_A	124	0.75974025974	0.888888888889	0.742647058824	-5.13101	-9.72725	-25.4585
K88W_A	132	0.753246753247	0.833333333333	0.742647058824	-5.30833	-9.35142	-24.9599
A1091T_C	138	0.643835616438	0.727272727273	0.607843137255	-5.16462	-5.30199	-9.08923
F22V_A	147	0.707792207792	0.777777777778	0.698529411765	-3.49785	-6.50424	-23.8595
R1093F_C	158	0.602739726027	0.7	0.566037735849	-2.38804	-4.09743	-6.39335
K1023R_C	175	0.58904109589	0.65	0.566037735849	-2.57382	-3.47961	-6.0295
C1025M_C	191	0.575342465753	0.65	0.547169811321	-2.60396	-4.21613	-7.7612
K29T_A	201	0.655844155844	0.764705882353	0.642335766423	-1.32695	-6.74717	-25.3951
V116L_A	209	0.649350649351	0.705882352941	0.642335766423	-0.779665	-6.57076	-25.5899
E39T_A	217	0.642857142857	0.705882352941	0.63503649635	-0.766831	-6.61979	-26.5336
Q1095A_C	225	0.520547945205	0.5	0.528301886792	-0.959384	-1.99676	-5.72286
K30G_A	231	0.616883116883	0.6875	0.608695652174	-0.819256	-6.46771	-23.7602
A1095N_C	248	0.520547945205	0.5	0.528301886792	-0.461262	-2.70512	-6.54911
K1054Q_C	260	0.506849315068	0.47619047619	0.519230769231	-3.02656	-2.74962	-7.90629
S1032D_C	270	0.479452054795	0.428571428571	0.5	-3.02715	-1.75683	-8.58537
P123M_A	278	0.584415584416	0.6875	0.572463768116	-2.55149	-9.11955	-23.8187
A1056L_C	284	0.452054794521	0.380952380952	0.480769230769	-2.28656	-3.10911	-9.35397
R1077A_C	292	0.438356164384	0.380952380952	0.461538461538	-3.37044	-2.34998	-8.09039
V22A_A	297	0.564935064935	0.714285714286	0.55	-3.69403	-8.31443	-25.8397
I1035K_C	310	0.424657534247	0.4	0.433962264151	-3.47241	-1.32041	-5.76581
E1090N_C	316	0.41095890411	0.35	0.433962264151	-1.82411	-0.186384	-7.99605
L32R_A	324	0.564935064935	0.733333333333	0.546762589928	-1.66743	-8.47765	-25.1285
I1070L_C	332	0.397260273973	0.3	0.433962264151	-2.34089	-1.52772	-5.90622
R25H_A	338	0.558441558442	0.764705882353	0.532846715328	-0.362601	-5.86882	-23.7913
F143E_A	349	0.564935064935	0.764705882353	0.540145985401	-0.37331	-5.84417	-23.1149
D145F_A	368	0.558441558442	0.764705882353	0.532846715328	-0.800045	-6.4298	-24.7506
S70L_A	375	0.551948051948	0.764705882353	0.525547445255	-0.808295	-6.44821	-26.0015
R1071L_C	389	0.342465753425	0.3	0.358490566038	-0.856086	-1.53767	-6.90424
L6M_A	397	0.545454545455	0.705882352941	0.525547445255	-0.746013	-6.84099	-23.7833
E110K_A	405	0.558441558442	0.705882352941	0.540145985401	-1.08279	-6.96493	-23.263
V1025K_C	414	0.328767123288	0.285714285714	0.346153846154	-1.0701	-1.56151	-7.17178
G99H_A	419	0.545454545455	0.705882352941	0.525547445255	-0.540619	-6.94792	-23.7116
K1027I_C	427	0.315068493151	0.238095238095	0.346153846154	-0.254375	-1.66876	-6.41496
N1090A_C	432	0.315068493151	0.210526315789	0.351851851852	2.66217	-0.939634	-6.38133
Q49D_A	448	0.512987012987	0.625	0.5	2.6759	-2.41164	-23.2098
F1036P_C	456	0.27397260274	0.157894736842	0.314814814815	2.55837	-0.411336	-6.20608
Q35N_A	468	0.512987012987	0.625	0.5	2.54849	-2.62862	-24.0913
Q1092I_C	477	0.260273972603	0.157894736842	0.296296296296	2.50173	-0.233122	-7.34083
G30W_A	484	0.506493506494	0.6	0.496402877698	2.55942	-2.55599	-23.7904
Y66C_A	494	0.493506493506	0.533333333333	0.489208633094	2.45848	-2.68406	-24.221
Q1079K_C	501	0.27397260274	0.2	0.301886792453	2.44789	-0.325888	-8.21906
R1047Y_C	508	0.246575342466	0.2	0.264150943396	2.45066	-0.325855	-5.99722
S1086W_C	516	0.246575342466	0.2	0.264150943396	2.56352	-0.959289	-7.30834
Q85S_A	525	0.474025974026	0.6	0.460431654676	2.26209	-2.06589	-25.0829
D130C_A	530	0.474025974026	0.571428571429	0.464285714286	2.56269	-1.06329	-22.6984
M1083I_C	539	0.232876712329	0.15	0.264150943396	2.54639	-2.7839	-8.43864
T110Q_A	547	0.474025974026	0.571428571429	0.464285714286	2.47935	-1.71984	-24.7091
K1040L_C	556	0.232876712329	0.15	0.264150943396	2.47952	-2.65461	-7.52543
L99Y_A	570	0.467532467532	0.571428571429	0.457142857143	2.55109	-1.71984	-22.5496
E143I_A	577	0.461038961039	0.571428571429	0.45	2.29263	-1.71006	-23.2866
S1030N_C	586	0.219178082192	0.15	0.245283018868	2.27827	-2.37173	-5.81586
M39Q_A	595	0.454545454545	0.571428571429	0.442857142857	2.34034	-1.76323	-23.6815
W139K_A	616	0.461038961039	0.615384615385	0.446808510638	2.8366	-2.46424	-24.4112
Q39K_A	628	0.441558441558	0.615384615385	0.425531914894	2.74967	0.0803623	-28.3664
L128V_A	633	0.441558441558	0.615384615385	0.425531914894	2.83179	0.0828573	-26.3602
T100H_A	640	0.441558441558	0.615384615385	0.425531914894	3.24527	0.612268	-24.4965
K14V_A	649	0.435064935065	0.583333333333	0.422535211268	3.01044	0.566153	-23.627
A1090M_C	667	0.205479452055	0.15	0.22641509434	1.79168	-2.66524	-7.28322
K74L_A	678	0.402597402597	0.538461538462	0.390070921986	3.24566	0.825209	-23.7547
Y78Q_A	701	0.402597402597	0.538461538462	0.390070921986	3.24645	0.812934	-23.6604
C1088Y_C	717	0.205479452055	0.142857142857	0.230769230769	3.69435	-0.493665	-8.27647
A71V_A	729	0.38961038961	0.538461538462	0.375886524823	3.40829	0.810615	-23.5832
Q78H_A	739	0.38961038961	0.538461538462	0.375886524823	4.01877	0.712244	-24.4708
N76T_A	748	0.383116883117	0.538461538462	0.368794326241	3.99981	0.731259	-25.4221
W3D_A	757	0.376623376623	0.538461538462	0.36170212766	3.4967	0.74165	-24.8356
N1030Y_C	762	0.205479452055	0.142857142857	0.230769230769	3.54508	0.256924	-6.38848
Y1088L_C	773	0.205479452055	0.142857142857	0.230769230769	1.50805	-0.429981	-6.20522
G48R_A	785	0.363636363636	0.5	0.347826086957	1.43812	0.666291	-26.7005
A26E_A	796	0.363636363636	0.4375	0.355072463768	1.48026	0.921444	-24.9313
E1054M_C	806	0.205479452055	0.142857142857	0.230769230769	1.66064	-1.07443	-6.99363
M7Q_A	813	0.37012987013	0.388888888889	0.367647058824	1.54266	0.68831	-24.7146
R142A_A	822	0.376623376623	0.388888888889	0.375	1.2724	0.0722735	-27.033
T25C_A	833	0.357142857143	0.388888888889	0.352941176471	1.53787	0.320502	-23.656
T66Q_A	842	0.357142857143	0.388888888889	0.352941176471	1.47329	0.32398	-25.0556
S1029V_C	853	0.178082191781	0.0952380952381	0.211538461538	0.786449	-2.32422	-8.82914
S1075N_C	862	0.191780821918	0.142857142857	0.211538461538	2.48883	-3.07056	-8.37137
P1093L_C	870	0.191780821918	0.142857142857	0.211538461538	2.10552	-2.76616	-8.63336
L1084D_C	876	0.191780821918	0.142857142857	0.211538461538	2.54255	-4.49578	-6.69942
F81L_A	891	0.350649350649	0.388888888889	0.345588235294	2.52873	0.656955	-24.3552
N145M_A	900	0.350649350649	0.388888888889	0.345588235294	2.44272	0.407141	-27.6785
W53Q_A	907	0.350649350649	0.375	0.347826086957	2.2111	0.832217	-25.4701
Q146C_A	914	0.344155844156	0.352941176471	0.343065693431	1.36353	0.732303	-23.6769
G56M_A	925	0.344155844156	0.411764705882	0.335766423358	1.22947	-0.108482	-28.6521
V153L_A	938	0.331168831169	0.352941176471	0.328467153285	1.1048	0.406127	-25.0302
R91C_A	944	0.331168831169	0.352941176471	0.328467153285	1.13499	0.381381	-26.9757
V148F_A	950	0.324675324675	0.375	0.31884057971	1.46598	0.343895	-25.5733
G59R_A	957	0.324675324675	0.375	0.31884057971	1.49759	0.747055	-27.1253
V71E_A	964	0.318181818182	0.375	0.311594202899	1.13162	1.61946	-25.5126
R138L_A	972	0.318181818182	0.357142857143	0.314285714286	1.93472	1.65122	-25.7548
R1090V_C	978	0.191780821918	0.15	0.207547169811	0.839267	-3.65485	-10.5224
N1036D_C	989	0.178082191781	0.1	0.207547169811	0.685001	-4.73966	-6.09022
H100S_A	1000	0.311688311688	0.285714285714	0.314285714286	1.21085	2.84418	-25.4696
