name	count	identity	interface_identity	non_interface_identity	evolved_interaction	ancestral_interaction	stability
S70P_A	1	0.993506493506	1.0	0.992592592593	-10.4948	-10.521	-27.7208
R1055Q_C	6	0.986301369863	1.0	0.980769230769	-6.17161	-10.8366	-8.3146
D1068S_C	14	0.958904109589	0.952380952381	0.961538461538	-3.88576	-8.29811	-7.72529
L109M_A	23	0.935064935065	0.888888888889	0.941176470588	-3.57736	-5.86617	-25.5575
T108R_A	28	0.909090909091	0.888888888889	0.911764705882	-3.16943	-3.14274	-24.7793
I1088Y_C	42	0.849315068493	0.666666666667	0.923076923077	-1.79665	-6.22858	-9.30964
P17H_A	48	0.88961038961	0.9	0.888059701493	-4.0829	-5.24569	-24.371
H17C_A	65	0.883116883117	0.85	0.888059701493	-2.77847	-3.98684	-25.4687
K1040N_C	87	0.767123287671	0.45	0.88679245283	-2.33449	-6.8425	-6.20025
A32D_A	95	0.850649350649	0.823529411765	0.85401459854	-2.48824	-3.72194	-24.7103
E1079Y_C	107	0.739726027397	0.45	0.849056603774	-2.5356	-6.67066	-6.46674
Q10Y_A	120	0.824675324675	0.823529411765	0.824817518248	-2.64157	-3.94203	-24.8836
D19K_A	129	0.798701298701	0.705882352941	0.810218978102	-2.46032	-3.55686	-24.1495
K110R_A	141	0.785714285714	0.647058823529	0.802919708029	-2.17319	-3.33328	-24.9485
T1043D_C	159	0.684931506849	0.47619047619	0.769230769231	-2.52094	-6.56219	-6.3684
K30N_A	173	0.75974025974	0.647058823529	0.773722627737	-4.41881	-3.02961	-25.4307
T1077Q_C	192	0.616438356164	0.52380952381	0.653846153846	-4.31224	-6.22419	-7.25755
S89T_A	202	0.746753246753	0.647058823529	0.759124087591	-4.36006	-3.08043	-26.4671
T91E_A	211	0.727272727273	0.666666666667	0.735294117647	-4.00324	-3.08728	-26.4484
S136H_A	219	0.707792207792	0.666666666667	0.713235294118	-4.0032	-2.97237	-27.3013
N124H_A	227	0.694805194805	0.647058823529	0.700729927007	-2.87167	-2.93054	-27.2051
I1054L_C	240	0.561643835616	0.52380952381	0.576923076923	-2.88117	-7.06861	-6.95707
P128E_A	250	0.668831168831	0.647058823529	0.671532846715	-2.84293	-2.58973	-24.5582
V100A_A	264	0.655844155844	0.647058823529	0.656934306569	-2.90214	-2.68953	-25.4509
R130C_A	269	0.649350649351	0.666666666667	0.647058823529	-2.21372	-2.63525	-26.2946
G17C_A	274	0.649350649351	0.666666666667	0.647058823529	-2.3788	-2.50814	-25.607
T144E_A	279	0.655844155844	0.666666666667	0.654411764706	-2.38454	-2.39411	-24.8262
Q1055Y_C	292	0.506849315068	0.47619047619	0.519230769231	-2.40891	-4.44475	-6.06331
D145R_A	301	0.642857142857	0.666666666667	0.639705882353	-2.45189	-2.66651	-26.2953
E36P_A	319	0.642857142857	0.666666666667	0.639705882353	-2.62191	-2.93687	-26.6688
N140W_A	329	0.616883116883	0.611111111111	0.617647058824	-2.19778	-2.90478	-25.7931
M3Y_A	335	0.616883116883	0.555555555556	0.625	-2.57131	-3.23053	-24.726
R11K_A	358	0.616883116883	0.555555555556	0.625	-2.14958	-3.03105	-26.3394
Q142K_A	366	0.616883116883	0.555555555556	0.625	-2.21831	-2.98612	-26.7887
A23R_A	371	0.61038961039	0.555555555556	0.617647058824	-2.48138	-3.76598	-25.1526
P59D_A	379	0.584415584416	0.555555555556	0.588235294118	-2.46913	-3.65215	-24.4793
Q1073I_C	390	0.465753424658	0.454545454545	0.470588235294	-2.33224	-4.79505	-7.67615
F122Y_A	406	0.577922077922	0.555555555556	0.580882352941	-2.06117	-2.77824	-23.6315
Y58L_A	419	0.571428571429	0.555555555556	0.573529411765	-1.8512	-2.85749	-24.1543
Q7W_A	424	0.558441558442	0.533333333333	0.561151079137	0.663225	0.480377	-25.532
W16I_A	429	0.551948051948	0.466666666667	0.561151079137	0.486442	0.339977	-24.7739
I1046G_C	436	0.397260273973	0.421052631579	0.388888888889	0.441661	-2.38736	-6.42406
L97I_A	448	0.512987012987	0.466666666667	0.517985611511	0.445686	0.386298	-24.6598
S63A_A	455	0.512987012987	0.466666666667	0.517985611511	0.44311	0.383649	-23.9744
I107C_A	461	0.506493506494	0.466666666667	0.510791366906	0.336461	0.387904	-23.5746
L4M_A	471	0.487012987013	0.466666666667	0.489208633094	0.37133	0.305404	-26.977
L52A_A	479	0.480519480519	0.466666666667	0.482014388489	0.174611	-0.159583	-25.7769
L153T_A	487	0.480519480519	0.4	0.489208633094	0.0694237	-0.456133	-24.4471
K142A_A	501	0.480519480519	0.4	0.489208633094	0.0518061	-0.519567	-24.2783
G1095V_C	516	0.369863013699	0.388888888889	0.363636363636	-0.093769	-2.38619	-6.67066
V32K_A	530	0.461038961039	0.3125	0.478260869565	-0.100463	0.626207	-25.304
F18N_A	542	0.448051948052	0.3125	0.463768115942	-0.0547324	-0.490884	-24.2012
C107H_A	550	0.441558441558	0.3125	0.45652173913	1.07011	-0.593387	-25.3615
Y118K_A	559	0.435064935065	0.3125	0.449275362319	1.26022	-0.539611	-25.1311
D91I_A	570	0.435064935065	0.3125	0.449275362319	1.28557	-0.516667	-23.6289
W1094F_C	586	0.328767123288	0.315789473684	0.333333333333	0.393481	-2.38648	-5.87107
N126H_A	594	0.428571428571	0.333333333333	0.441176470588	0.77618	-0.400745	-26.8621
F1085V_C	606	0.315068493151	0.25	0.339622641509	-0.163516	0.948589	-7.55498
A145S_A	617	0.409090909091	0.368421052632	0.414814814815	-0.225538	0.684719	-24.2387
P1075F_C	629	0.328767123288	0.3	0.339622641509	-0.547688	0.612256	-9.72651
W16V_A	634	0.402597402597	0.315789473684	0.414814814815	0.430516	0.14166	-24.1398
W140Q_A	644	0.402597402597	0.315789473684	0.414814814815	0.259578	0.056084	-26.3694
H15N_A	649	0.396103896104	0.315789473684	0.407407407407	0.197831	0.314103	-26.8657
F95W_A	654	0.38961038961	0.315789473684	0.4	0.202392	0.693374	-24.2441
A1044F_C	663	0.287671232877	0.315789473684	0.277777777778	0.168331	0.364351	-10.2321
L39R_A	674	0.396103896104	0.368421052632	0.4	0.339333	-1.42415	-24.6002
R78T_A	681	0.396103896104	0.368421052632	0.4	0.564662	-1.84031	-25.6015
G74C_A	691	0.38961038961	0.352941176471	0.394160583942	1.02872	-2.10777	-25.4065
N27Q_A	698	0.376623376623	0.352941176471	0.379562043796	1.45218	-1.82499	-25.1685
M1058A_C	710	0.246575342466	0.333333333333	0.211538461538	1.46018	1.57751	-6.44892
A1072C_C	724	0.260273972603	0.333333333333	0.230769230769	1.61873	-0.3023	-7.40034
L29R_A	751	0.37012987013	0.352941176471	0.372262773723	1.45606	-2.53133	-23.9921
R31M_A	757	0.37012987013	0.352941176471	0.372262773723	1.4325	-2.52155	-24.334
Y49S_A	767	0.37012987013	0.3125	0.376811594203	1.42271	-2.18284	-24.7878
Y1033I_C	783	0.232876712329	0.333333333333	0.192307692308	1.61719	1.52315	-6.89119
Y102I_A	798	0.363636363636	0.3125	0.369565217391	0.0422552	-2.18612	-24.3658
I1063H_C	807	0.232876712329	0.333333333333	0.192307692308	0.0353022	1.312	-8.46364
N61M_A	814	0.37012987013	0.3125	0.376811594203	-0.45428	-2.47268	-25.4214
L1086S_C	822	0.246575342466	0.333333333333	0.211538461538	0.0264376	0.919092	-7.29589
E1054R_C	831	0.232876712329	0.285714285714	0.211538461538	-0.0686737	0.942967	-8.29484
K107W_A	839	0.357142857143	0.3125	0.36231884058	-0.229496	-1.91517	-29.6154
D33M_A	845	0.350649350649	0.333333333333	0.352941176471	-0.156715	-1.80279	-25.4894
Q32D_A	856	0.344155844156	0.333333333333	0.345588235294	-0.222741	-1.76285	-24.3593
N79P_A	867	0.350649350649	0.333333333333	0.352941176471	-0.208554	-1.79628	-26.5233
Q156W_A	876	0.350649350649	0.352941176471	0.350364963504	0.0592601	-1.92202	-23.2926
Q27C_A	881	0.350649350649	0.352941176471	0.350364963504	0.75938	-1.51405	-21.7361
Q100Y_A	892	0.337662337662	0.352941176471	0.335766423358	0.00100254	-1.38449	-22.1054
P1078L_C	907	0.246575342466	0.333333333333	0.211538461538	1.09395	-0.815247	-8.21996
L44W_A	917	0.337662337662	0.352941176471	0.335766423358	0.378251	1.02244	-25.2363
K155F_A	936	0.337662337662	0.352941176471	0.335766423358	0.480128	-0.44595	-25.8422
P1077L_C	946	0.232876712329	0.333333333333	0.192307692308	-0.660358	-1.69578	-6.82048
P35T_A	957	0.324675324675	0.294117647059	0.328467153285	-0.0706023	-0.669624	-24.9574
W1051M_C	971	0.232876712329	0.333333333333	0.192307692308	-0.258073	-1.33777	-6.79128
Q40H_A	980	0.331168831169	0.294117647059	0.335766423358	-0.0294449	-0.641882	-25.9569
F143N_A	989	0.331168831169	0.294117647059	0.335766423358	-0.0294506	-0.666201	-24.2335
W93K_A	1000	0.331168831169	0.294117647059	0.335766423358	1.61238	-0.671105	-24.1718
