name	count	identity	evolved_interaction	ancestral_interaction	stability
A142E_A	1	0.993506493506	-10.4946	-10.5197	-27.362
L1048Q_C	8	0.986301369863	-10.5125	-10.3356	-6.63641
N140I_A	15	0.941558441558	-10.4641	-10.5063	-27.0513
D1082L_C	20	0.945205479452	-8.12548	-9.74008	-8.88497
K40R_A	27	0.902597402597	-7.92018	-8.66125	-26.3405
E1094H_C	34	0.876712328767	-8.0162	-9.50165	-9.18992
T1042C_C	43	0.835616438356	-7.35594	-9.33724	-9.94907
T1043A_C	50	0.821917808219	-7.36094	-9.27731	-9.5765
Y144L_A	56	0.844155844156	-7.82785	-10.1033	-24.1247
A1043R_C	75	0.780821917808	-7.98784	-8.16189	-6.14213
M6Y_A	87	0.811688311688	-4.96751	-6.51664	-24.6184
D1080W_C	104	0.739726027397	-7.7885	-10.9893	-5.96943
Q1073M_C	110	0.712328767123	-8.10386	-11.2311	-7.95877
V71C_A	124	0.772727272727	-7.7178	-6.81426	-23.898
S1033D_C	137	0.684931506849	-7.66877	-9.09368	-5.87594
K99L_A	147	0.733766233766	-7.73081	-7.12962	-23.8651
F1075Y_C	160	0.684931506849	-7.27304	-9.09981	-6.78978
K110Q_A	169	0.701298701299	-7.12152	-6.5964	-24.5855
R31E_A	183	0.701298701299	-7.52394	-6.64811	-23.7786
E1059R_C	208	0.616438356164	-7.51974	-9.87581	-7.40314
R1043Q_C	216	0.602739726027	-5.03138	-10.0763	-8.4397
L150S_A	227	0.655844155844	-5.93081	-3.22289	-24.1299
Q110I_A	236	0.655844155844	-6.55372	-3.4328	-24.3728
R143E_A	245	0.649350649351	-6.59182	-3.48204	-25.9883
L138Y_A	252	0.636363636364	-6.58587	-3.62342	-24.1106
K52A_A	263	0.616883116883	-6.50528	-3.62834	-24.2367
M70A_A	273	0.603896103896	-6.44195	-3.19004	-24.055
D89R_A	285	0.590909090909	-7.82145	-3.48422	-24.9728
I54T_A	296	0.584415584416	-7.81223	-3.48307	-24.3859
M131F_A	314	0.577922077922	-7.80736	-3.4447	-25.2185
D118S_A	321	0.571428571429	-7.77992	-3.43559	-26.4417
C35L_A	332	0.564935064935	-7.7804	-3.43695	-29.0007
E1090V_C	343	0.506849315068	-4.07016	-2.01146	-9.27769
Y1051F_C	352	0.506849315068	-4.07282	-2.00888	-8.94227
L1050E_C	360	0.520547945205	-4.07156	-2.0109	-9.26588
N1095Y_C	372	0.493150684932	-3.76459	-1.70621	-5.93081
V1090M_C	386	0.493150684932	-4.07479	-4.12809	-5.53693
V140M_A	392	0.525974025974	-4.17177	-2.71147	-25.5325
D33Q_A	399	0.519480519481	-4.30268	-2.94763	-25.0845
A1040N_C	412	0.452054794521	-4.26209	-4.23543	-5.4519
H17C_A	424	0.5	-4.22623	-1.27735	-25.8487
M132H_A	433	0.493506493506	-4.22614	-0.983666	-25.5546
A133Q_A	446	0.474025974026	-4.09045	-0.776319	-24.3853
K1027I_C	459	0.438356164384	-4.44873	-2.70665	-7.75788
R148I_A	472	0.454545454545	-4.07733	-0.640479	-24.2419
I1039K_C	484	0.41095890411	-3.15781	-4.5874	-6.96446
M140F_A	492	0.448051948052	-3.07992	-0.229496	-26.3119
L1046D_C	499	0.397260273973	-3.25745	-3.67053	-6.24449
S18G_A	506	0.428571428571	-3.30606	-0.0272557	-25.713
D1047Y_C	516	0.397260273973	-3.22727	-6.6192	-10.3954
S1085K_C	522	0.397260273973	-2.97938	-1.3882	-10.954
I1089Y_C	531	0.383561643836	-3.26293	-1.39775	-9.87799
W63M_A	548	0.441558441558	-3.26973	-0.153278	-24.6205
P128D_A	561	0.441558441558	-3.25963	-0.134108	-24.51
C22R_A	567	0.441558441558	-2.65049	-0.576489	-24.3504
K102R_A	575	0.441558441558	-2.96654	-0.497117	-24.5101
W1034S_C	587	0.383561643836	-3.32177	-4.0783	-6.15775
N59F_A	606	0.441558441558	-3.50481	0.984731	-25.6087
F59Y_A	622	0.428571428571	-3.57263	0.899239	-24.2411
M63R_A	634	0.422077922078	-3.59609	0.885479	-24.782
H1023Y_C	646	0.328767123288	-4.11179	-3.89285	-6.26411
W1046F_C	657	0.328767123288	-4.058	-4.17821	-6.09577
E6F_A	681	0.422077922078	-4.56867	0.107619	-25.0975
P49V_A	688	0.422077922078	-2.31319	1.44609	-24.7917
Y149A_A	703	0.422077922078	-2.12522	1.42968	-25.4308
N87F_A	711	0.422077922078	-2.13152	1.59386	-24.9645
C79R_A	722	0.422077922078	-2.06445	1.45201	-24.2655
C53M_A	734	0.415584415584	-2.00054	1.3474	-27.0483
K34S_A	747	0.409090909091	-2.04654	1.01397	-25.3869
Y1074L_C	754	0.356164383562	0.357632	4.24752	-6.78993
H1088D_C	762	0.342465753425	-2.76474	-1.75915	-8.09064
I107F_A	767	0.402597402597	-3.35069	-2.53344	-25.468
I148L_A	786	0.396103896104	-3.29942	-2.53553	-23.5446
V108T_A	797	0.402597402597	-3.05433	-2.6014	-23.743
P1050H_C	806	0.315068493151	-3.40619	-3.75146	-7.04678
W1076F_C	816	0.315068493151	-3.39419	-3.7764	-7.61061
Q33W_A	827	0.38961038961	-3.43635	-2.55346	-23.578
V12Y_A	836	0.396103896104	-2.64698	-2.68242	-25.1207
M53F_A	843	0.396103896104	-2.63909	-2.68126	-26.0664
E98G_A	850	0.396103896104	-2.93672	-2.65529	-25.0316
R8V_A	863	0.38961038961	-2.93606	-2.66275	-24.406
M39I_A	872	0.383116883117	-2.73813	-2.34804	-25.1352
N135M_A	889	0.376623376623	-2.58553	-1.64147	-26.3952
Y144M_A	909	0.357142857143	-2.49176	-1.66934	-27.0695
Y52D_A	918	0.350649350649	-2.47098	-1.85463	-24.1112
A1032T_C	928	0.219178082192	-4.0955	-1.15019	-7.57255
C1033N_C	938	0.219178082192	-4.32022	-1.50981	-6.87786
F1044S_C	957	0.219178082192	-4.60112	-1.26974	-6.35451
D1087E_C	977	0.205479452055	-4.59424	-2.07805	-5.66341
T91F_A	991	0.357142857143	-4.60281	-1.9906	-26.4341
