name	count	identity	interface_identity	non_interface_identity	evolved_interaction	ancestral_interaction	stability
E49N_A	1	0.993506493506	1.0	0.992592592593	-10.5133	-10.5383	-25.5595
R1047D_C	12	0.945205479452	0.954545454545	0.941176470588	-11.0488	-10.8623	-7.56624
R139E_A	20	0.961038961039	1.0	0.955555555556	-10.9152	-10.4322	-24.2753
V1028L_C	28	0.917808219178	0.909090909091	0.921568627451	-11.4162	-10.9535	-9.20004
E143V_A	33	0.922077922078	0.947368421053	0.918518518519	-12.377	-11.8211	-25.1619
G34L_A	40	0.909090909091	0.947368421053	0.903703703704	-12.5687	-12.0101	-24.4269
R17Q_A	51	0.883116883117	0.842105263158	0.888888888889	-9.32826	-8.95875	-25.0769
K27T_A	57	0.863636363636	0.736842105263	0.881481481481	-8.35898	-9.24233	-25.4814
L6P_A	65	0.844155844156	0.777777777778	0.852941176471	-8.96859	-8.48934	-25.1312
E63Q_A	74	0.811688311688	0.777777777778	0.816176470588	-9.00518	-8.9817	-26.2819
K1040W_C	83	0.808219178082	0.869565217391	0.78	-9.2809	-10.5558	-8.39408
V29M_A	104	0.766233766234	0.777777777778	0.764705882353	-8.81263	-8.47221	-24.8085
A1051Y_C	109	0.780821917808	0.869565217391	0.74	-9.58177	-10.2858	-8.56792
Y144W_A	115	0.733766233766	0.777777777778	0.727941176471	-9.54934	-9.07675	-28.6858
I148C_A	124	0.720779220779	0.777777777778	0.713235294118	-9.55839	-9.59214	-24.8653
A54D_A	132	0.707792207792	0.6875	0.710144927536	-9.23908	-9.25061	-24.698
F15I_A	139	0.688311688312	0.625	0.695652173913	-6.94136	-7.16154	-24.7196
F1065W_C	146	0.671232876712	0.727272727273	0.647058823529	-5.94367	-8.43121	-8.5509
N49C_A	153	0.662337662338	0.625	0.666666666667	-5.97495	-6.90641	-24.7374
L109T_A	159	0.642857142857	0.625	0.644927536232	-5.84938	-7.03258	-23.3356
P128M_A	169	0.62987012987	0.625	0.630434782609	-2.63423	-3.83219	-23.3957
W103M_A	182	0.623376623377	0.625	0.623188405797	-2.72394	-1.56127	-24.5244
I1089F_C	193	0.616438356164	0.695652173913	0.58	-3.10904	-9.31763	-8.56957
K141M_A	202	0.597402597403	0.625	0.594202898551	-3.12481	-1.3734	-25.1619
R39A_A	210	0.584415584416	0.5625	0.586956521739	-0.235957	1.72793	-24.9086
E33Q_A	221	0.577922077922	0.533333333333	0.58273381295	0.279154	2.62899	-23.1366
F139Y_A	236	0.564935064935	0.533333333333	0.568345323741	0.0902642	1.45349	-23.7706
P66L_A	244	0.558441558442	0.533333333333	0.561151079137	0.0903364	1.3996	-23.3952
Y99K_A	260	0.551948051948	0.533333333333	0.553956834532	-0.0928894	1.42246	-24.2787
F118A_A	267	0.551948051948	0.5	0.557971014493	-0.601709	1.68813	-23.2836
L8M_A	283	0.545454545455	0.533333333333	0.546762589928	0.398031	1.74941	-23.995
M48P_A	290	0.545454545455	0.533333333333	0.546762589928	0.407254	1.75058	-26.1756
R104C_A	299	0.538961038961	0.533333333333	0.539568345324	0.436562	1.87203	-23.8871
H1062Y_C	305	0.465753424658	0.5	0.450980392157	0.399149	-4.60762	-7.47031
S150F_A	319	0.525974025974	0.533333333333	0.525179856115	0.428323	1.73459	-23.0438
S89V_A	327	0.519480519481	0.533333333333	0.517985611511	0.819841	1.72215	-23.0732
S138C_A	349	0.512987012987	0.529411764706	0.510948905109	-0.42334	2.04884	-24.1757
K106A_A	359	0.519480519481	0.529411764706	0.518248175182	-0.369064	2.38231	-23.3844
D19S_A	366	0.493506493506	0.470588235294	0.496350364964	-1.46705	2.019	-28.2961
K139W_A	374	0.487012987013	0.470588235294	0.489051094891	-1.43129	2.43958	-24.1331
P1091I_C	386	0.41095890411	0.45	0.396226415094	-1.29225	-3.99379	-9.61693
Q1050W_C	395	0.397260273973	0.4	0.396226415094	-2.72281	-2.81369	-9.55322
K153R_A	405	0.467532467532	0.4375	0.471014492754	-2.93373	-0.654763	-23.9837
M1047A_C	414	0.383561643836	0.4	0.377358490566	-2.98207	-2.7987	-12.6364
R1046N_C	423	0.369863013699	0.4	0.358490566038	-2.99214	-2.60435	-6.57569
N130F_A	431	0.461038961039	0.4375	0.463768115942	-2.96996	-0.684717	-24.585
Q10M_A	440	0.448051948052	0.4375	0.449275362319	-3.16013	-0.780289	-25.7786
A1047V_C	450	0.342465753425	0.35	0.339622641509	-3.00303	-1.33128	-6.95623
T27E_A	456	0.454545454545	0.388888888889	0.463235294118	-3.47276	0.502419	-24.0441
C1081P_C	461	0.328767123288	0.318181818182	0.333333333333	-4.28129	-3.39416	-5.84382
P88E_A	470	0.435064935065	0.444444444444	0.433823529412	-4.5553	-1.65593	-23.9944
V75L_A	483	0.422077922078	0.444444444444	0.419117647059	-4.63166	-1.65041	-24.6208
L1033T_C	502	0.328767123288	0.318181818182	0.333333333333	-4.6612	-1.92564	-7.63682
K71V_A	510	0.409090909091	0.444444444444	0.404411764706	-6.37014	-3.56493	-23.7909
S1051Y_C	519	0.315068493151	0.318181818182	0.313725490196	-6.30121	-1.08902	-8.28283
E152T_A	534	0.402597402597	0.4375	0.398550724638	-5.38532	-3.9787	-25.7176
L101W_A	545	0.402597402597	0.4375	0.398550724638	-3.95821	-3.47708	-26.3356
A118Q_A	559	0.396103896104	0.4375	0.391304347826	-4.39757	-3.90182	-22.888
E122F_A	566	0.396103896104	0.4375	0.391304347826	-4.4143	-3.65165	-21.8754
V17C_A	573	0.396103896104	0.411764705882	0.394160583942	-2.98843	-3.42809	-22.759
R13Q_A	581	0.38961038961	0.4	0.388489208633	-3.13445	-0.563163	-24.5121
G31E_A	589	0.383116883117	0.4	0.381294964029	-3.12901	-0.561385	-24.7001
G1092D_C	602	0.287671232877	0.272727272727	0.294117647059	-1.5257	-2.39127	-6.24459
K147T_A	609	0.37012987013	0.4	0.36690647482	-1.51469	1.10518	-24.2454
S33N_A	641	0.37012987013	0.4	0.36690647482	-1.44389	1.1046	-25.8123
A1028E_C	649	0.287671232877	0.272727272727	0.294117647059	-1.40684	-2.51527	-8.95133
H20C_A	655	0.350649350649	0.333333333333	0.352517985612	-0.428995	2.54352	-24.113
F63I_A	664	0.350649350649	0.333333333333	0.352517985612	-0.428852	2.46662	-27.2629
C5L_A	671	0.344155844156	0.333333333333	0.345323741007	-0.435869	2.45461	-27.3888
M1089Q_C	679	0.27397260274	0.285714285714	0.269230769231	-0.583623	-2.2214	-7.72892
E1073F_C	689	0.27397260274	0.318181818182	0.254901960784	-0.514036	-2.22132	-6.74624
H49S_A	700	0.337662337662	0.375	0.333333333333	-1.09372	1.36892	-25.2717
A39C_A	712	0.324675324675	0.375	0.31884057971	-1.20072	1.3696	-24.8403
R13L_A	732	0.305194805195	0.375	0.297101449275	-1.30638	2.07135	-26.1116
N1036M_C	742	0.260273972603	0.285714285714	0.25	-1.32169	6.64761	-6.44987
H147D_A	749	0.318181818182	0.470588235294	0.299270072993	-2.35938	1.4564	-27.4643
E1092Y_C	756	0.260273972603	0.272727272727	0.254901960784	-2.48356	3.01475	-5.63573
S7Y_A	765	0.311688311688	0.470588235294	0.29197080292	-2.4052	1.28503	-26.9291
D54G_A	775	0.318181818182	0.470588235294	0.299270072993	-0.864232	5.36564	-25.546
W1025F_C	783	0.260273972603	0.272727272727	0.254901960784	-0.626101	2.92024	-4.92491
Q154I_A	789	0.305194805195	0.411764705882	0.29197080292	-0.675375	6.29274	-26.0296
I1088C_C	800	0.246575342466	0.227272727273	0.254901960784	0.960976	2.30501	-6.02906
A48C_A	807	0.305194805195	0.411764705882	0.29197080292	0.932536	6.05509	-25.5008
I109P_A	820	0.305194805195	0.388888888889	0.294117647059	2.13571	6.43231	-25.396
F1032V_C	827	0.246575342466	0.238095238095	0.25	2.16657	5.94503	-5.64246
C1054Y_C	833	0.246575342466	0.238095238095	0.25	2.16657	5.94715	-7.37095
P1061I_C	838	0.260273972603	0.238095238095	0.269230769231	2.01444	6.00758	-5.26436
Q110W_A	843	0.285714285714	0.388888888889	0.272058823529	1.38947	4.84384	-23.6119
P1081C_C	849	0.246575342466	0.238095238095	0.25	1.34248	6.25696	-6.05109
N146K_A	859	0.298701298701	0.388888888889	0.286764705882	1.28847	4.84651	-23.58
A1023L_C	869	0.260273972603	0.238095238095	0.269230769231	1.26781	9.82532	-7.29523
Y1092A_C	875	0.260273972603	0.238095238095	0.269230769231	1.52981	9.95188	-5.1022
S79V_A	882	0.285714285714	0.352941176471	0.277372262774	1.52981	4.83351	-22.1856
A1024W_C	890	0.260273972603	0.238095238095	0.269230769231	1.42001	8.14997	-5.81944
A1088L_C	898	0.260273972603	0.238095238095	0.269230769231	0.798739	9.67482	-7.66081
I154R_A	911	0.292207792208	0.3125	0.289855072464	0.636383	4.93631	-22.4838
M1036W_C	920	0.260273972603	0.227272727273	0.274509803922	-1.94205	14.3213	-6.22202
A101M_A	930	0.298701298701	0.3125	0.297101449275	-1.96461	5.37117	-25.4389
I1042C_C	942	0.246575342466	0.227272727273	0.254901960784	-2.2412	14.2285	-4.56087
T57G_A	954	0.285714285714	0.333333333333	0.279411764706	-2.3827	1.53092	-23.7001
W110T_A	962	0.285714285714	0.333333333333	0.279411764706	-2.62119	2.00119	-25.5875
S150C_A	971	0.285714285714	0.333333333333	0.279411764706	-3.88423	-0.454172	-27.4403
Q1089H_C	977	0.246575342466	0.238095238095	0.25	-4.13608	12.8307	-6.03015
T1032M_C	982	0.246575342466	0.238095238095	0.25	-4.61179	13.4789	-5.66159
P78I_A	988	0.266233766234	0.277777777778	0.264705882353	-1.74327	2.7195	-28.2245
A40C_A	993	0.25974025974	0.277777777778	0.257352941176	-1.34024	2.73526	-26.024
