name	count	identity	interface_identity	non_interface_identity	evolved_interaction	ancestral_interaction	stability
W103G_A	1	0.993506493506	1.0	0.992592592593	-10.509	-10.5228	-21.022
V29I_A	19	0.974025974026	0.947368421053	0.977777777778	-8.38462	-8.4906	-23.9695
D118Q_A	37	0.954545454545	0.944444444444	0.955882352941	-8.30888	-8.4975	-25.9745
L150R_A	43	0.928571428571	0.944444444444	0.926470588235	-8.18819	-8.5842	-25.7437
I112W_A	50	0.909090909091	0.944444444444	0.904411764706	-7.97356	-8.75174	-24.3434
D121L_A	58	0.883116883117	0.944444444444	0.875	-8.97374	-9.66394	-26.2893
N1086H_C	64	0.890410958904	0.782608695652	0.94	-9.59412	-9.90181	-8.24393
E67I_A	71	0.844155844156	0.833333333333	0.845588235294	-7.70109	-8.0723	-24.4684
E1094C_C	81	0.849315068493	0.782608695652	0.88	-7.70755	-10.3781	-7.77733
G50H_A	90	0.818181818182	0.833333333333	0.816176470588	-6.12668	-8.43579	-23.531
T1077R_C	97	0.794520547945	0.739130434783	0.82	-6.15598	-7.14097	-9.12203
W1060N_C	104	0.780821917808	0.739130434783	0.8	-5.9868	-7.0806	-8.7762
N1025Q_C	119	0.739726027397	0.739130434783	0.74	-6.19997	-9.03847	-10.4561
C1038Q_C	135	0.72602739726	0.739130434783	0.72	-6.66013	-8.94892	-10.4617
N128K_A	147	0.772727272727	0.823529411765	0.766423357664	-4.90331	-8.44748	-23.9252
A106F_A	169	0.746753246753	0.823529411765	0.737226277372	-4.81689	-8.49428	-24.312
Q1025D_C	178	0.671232876712	0.695652173913	0.66	-4.91305	-7.50298	-6.40312
Y25V_A	184	0.714285714286	0.736842105263	0.711111111111	-3.42013	-6.63195	-25.0541
D100E_A	193	0.694805194805	0.736842105263	0.688888888889	-3.44579	-6.62714	-25.7212
E100V_A	200	0.675324675325	0.736842105263	0.666666666667	-3.49835	-6.63477	-26.1396
K74L_A	207	0.655844155844	0.684210526316	0.651851851852	-4.95615	-5.23796	-26.0799
K153I_A	212	0.655844155844	0.684210526316	0.651851851852	-2.43038	-2.7033	-31.2871
R1047K_C	224	0.602739726027	0.636363636364	0.588235294118	-2.47856	-7.35598	-6.78014
V27Y_A	234	0.642857142857	0.647058823529	0.642335766423	-2.45435	-2.77629	-27.2763
E1084H_C	245	0.575342465753	0.590909090909	0.56862745098	-1.54171	-5.65822	-7.73041
W1082N_C	253	0.575342465753	0.619047619048	0.557692307692	-1.76342	-5.7008	-8.46194
P88L_A	260	0.597402597403	0.647058823529	0.591240875912	-0.741267	-0.485595	-23.5899
D37K_A	293	0.584415584416	0.588235294118	0.583941605839	4.24333	5.78515	-25.7217
G103M_A	310	0.558441558442	0.588235294118	0.554744525547	4.24697	5.77048	-28.4917
D49N_A	324	0.551948051948	0.588235294118	0.547445255474	4.30688	5.81134	-25.8184
A32F_A	347	0.545454545455	0.647058823529	0.532846715328	-0.230628	1.49991	-27.2433
F1065W_C	358	0.547945205479	0.55	0.547169811321	-0.17616	-5.67443	-6.72098
E150S_A	372	0.512987012987	0.588235294118	0.503649635036	-0.181763	1.60524	-24.0172
H1092Q_C	383	0.520547945205	0.473684210526	0.537037037037	1.39939	-4.29086	-6.75292
K1056T_C	389	0.493150684932	0.473684210526	0.5	1.60239	-4.57769	-8.29441
L137C_A	397	0.487012987013	0.529411764706	0.481751824818	1.18901	2.65949	-23.9807
C22A_A	417	0.480519480519	0.529411764706	0.474452554745	1.44665	2.85334	-24.294
L1063F_C	426	0.452054794521	0.421052631579	0.462962962963	0.196511	-3.11858	-7.70171
Q141P_A	440	0.474025974026	0.529411764706	0.467153284672	0.220037	2.94535	-26.1574
A22R_A	446	0.474025974026	0.529411764706	0.467153284672	-0.546899	2.04863	-26.142
K79F_A	453	0.461038961039	0.529411764706	0.452554744526	-0.512049	1.92401	-25.5358
E1059R_C	462	0.397260273973	0.45	0.377358490566	-0.57519	-3.22616	-9.28021
L6I_A	474	0.448051948052	0.529411764706	0.43795620438	-0.816386	1.69502	-24.0704
T1088V_C	480	0.383561643836	0.380952380952	0.384615384615	-0.660196	-1.5785	-7.45769
M96Y_A	487	0.428571428571	0.529411764706	0.416058394161	-0.671486	1.9955	-26.304
M143P_A	495	0.415584415584	0.529411764706	0.401459854015	-0.880148	1.84583	-25.9942
H1055I_C	508	0.397260273973	0.428571428571	0.384615384615	1.63073	-4.53498	-8.82074
I1055L_C	527	0.369863013699	0.428571428571	0.346153846154	1.17439	-4.49806	-8.03925
Q154M_A	537	0.402597402597	0.529411764706	0.386861313869	1.22963	1.69862	-24.5221
T1073G_C	547	0.369863013699	0.444444444444	0.345454545455	1.86395	-4.77627	-6.43817
K37L_A	579	0.383116883117	0.529411764706	0.36496350365	1.63762	2.8623	-25.232
R57C_A	599	0.376623376623	0.52380952381	0.353383458647	2.73293	3.18432	-23.8626
K40I_A	613	0.37012987013	0.52380952381	0.345864661654	2.72368	3.21107	-25.1504
S4D_A	622	0.363636363636	0.52380952381	0.338345864662	2.66728	3.30441	-25.5609
V1088W_C	636	0.356164383562	0.470588235294	0.321428571429	2.698	-4.10533	-6.53764
D10S_A	658	0.363636363636	0.52380952381	0.338345864662	1.99403	2.92904	-24.9107
W1088I_C	667	0.356164383562	0.529411764706	0.303571428571	2.1282	-5.35318	-9.35858
W94F_A	675	0.357142857143	0.52380952381	0.330827067669	2.19861	3.13219	-25.5722
L7H_A	681	0.357142857143	0.52380952381	0.330827067669	2.20708	3.15779	-24.1862
F138M_A	699	0.357142857143	0.52380952381	0.330827067669	2.41556	3.19912	-25.5335
G19F_A	715	0.357142857143	0.529411764706	0.335766423358	2.38686	3.47939	-24.2206
Q1092W_C	724	0.356164383562	0.529411764706	0.303571428571	1.4949	-5.31402	-5.96041
F44L_A	749	0.350649350649	0.588235294118	0.321167883212	-2.12952	2.09694	-25.3436
I95V_A	765	0.344155844156	0.588235294118	0.313868613139	-2.12952	2.1145	-25.5629
I102F_A	781	0.344155844156	0.588235294118	0.313868613139	-2.45538	2.11064	-28.4404
P49M_A	788	0.331168831169	0.529411764706	0.306569343066	-0.564846	1.1928	-24.2827
P78I_A	814	0.324675324675	0.529411764706	0.299270072993	-2.25572	-0.746146	-25.6173
R126W_A	822	0.324675324675	0.529411764706	0.299270072993	-2.25886	-0.757147	-23.8364
E1046A_C	842	0.356164383562	0.470588235294	0.321428571429	-2.14803	-4.77175	-7.28036
F1028L_C	857	0.356164383562	0.470588235294	0.321428571429	-2.12869	-5.03767	-7.29689
G3N_A	865	0.324675324675	0.529411764706	0.299270072993	-2.13636	-0.535531	-25.1525
A150N_A	883	0.324675324675	0.529411764706	0.299270072993	-2.15655	-0.553933	-24.611
N1064A_C	894	0.328767123288	0.470588235294	0.285714285714	-1.98262	-4.99166	-7.31239
I1024M_C	904	0.315068493151	0.470588235294	0.267857142857	-2.95943	-0.549179	-7.59996
E88L_A	917	0.324675324675	0.45	0.305970149254	-3.01509	-0.435786	-24.3236
L1054V_C	928	0.315068493151	0.470588235294	0.267857142857	-3.0151	-0.557132	-6.34288
Q1076K_C	943	0.301369863014	0.470588235294	0.25	-2.61599	-0.716578	-6.82635
M1075P_C	952	0.301369863014	0.5	0.236363636364	-0.475068	-5.07028	-6.92391
M1024I_C	961	0.315068493151	0.5	0.254545454545	-0.389511	-5.05004	-6.15108
F82W_A	971	0.305194805195	0.35	0.298507462687	-0.485579	1.56739	-25.7743
N42A_A	976	0.305194805195	0.35	0.298507462687	-0.511933	1.56063	-26.086
T100M_A	986	0.305194805195	0.352941176471	0.299270072993	-1.81123	0.449594	-25.3329
I40L_A	994	0.305194805195	0.352941176471	0.299270072993	-1.32886	1.46131	-25.687
