name	count	identity	evolved_interaction	ancestral_interaction	stability
P78W_A	1	0.993506493506	-10.4946	-10.5196	-24.6478
Q1074P_C	9	0.972602739726	-10.2451	-10.3205	-13.6507
H1092Y_C	14	0.931506849315	-9.61277	-9.86428	-11.1898
N1086V_C	21	0.890410958904	-10.6582	-10.1202	-8.56843
D121I_A	30	0.935064935065	-11.5783	-11.1884	-25.9506
S1032T_C	36	0.849315068493	-10.991	-10.2797	-7.36608
L119W_A	50	0.909090909091	-10.5721	-10.1813	-23.9005
Q130H_A	66	0.896103896104	-9.35182	-9.78814	-25.2962
R100D_A	75	0.876623376623	-9.34812	-9.71177	-26.0413
W78Q_A	87	0.876623376623	-8.57155	-9.09509	-24.6406
T61V_A	104	0.844155844156	-6.87606	-6.98984	-24.9334
P25V_A	123	0.837662337662	-6.46343	-7.08078	-25.5684
N1041V_C	132	0.712328767123	-7.15608	-8.51486	-7.09251
V57A_A	140	0.805194805195	-7.03589	-7.06864	-24.7591
A1091M_C	148	0.657534246575	-3.6123	-7.82545	-8.37986
W11A_A	156	0.779220779221	-3.45321	-3.93844	-26.6895
M1073W_C	163	0.657534246575	-3.45011	-7.85995	-8.38939
D118E_A	182	0.733766233766	-3.2419	-3.51002	-25.2766
M53L_A	189	0.733766233766	-3.20519	-0.934021	-25.0492
S127I_A	209	0.720779220779	-3.63613	-0.936278	-24.1961
F22Y_A	229	0.707792207792	-4.22084	-1.14177	-24.1834
S156G_A	247	0.701298701299	-4.55614	-1.29029	-24.2336
L38M_A	255	0.681818181818	-4.98315	-1.64453	-23.8134
E63K_A	267	0.655844155844	-4.35541	-1.02555	-25.998
V1059P_C	278	0.575342465753	-4.3555	-8.15743	-7.96225
S70Q_A	289	0.62987012987	-4.67665	-1.06739	-25.3731
T1077K_C	298	0.547945205479	-3.61334	-7.97994	-10.8257
A107K_A	305	0.616883116883	-3.57625	-1.24589	-25.8235
Q7N_A	311	0.61038961039	-2.01145	-1.14751	-25.8562
E12Q_A	317	0.597402597403	-2.41936	-1.61895	-24.8502
M128K_A	326	0.577922077922	-2.36738	-1.60539	-23.8368
I96P_A	333	0.577922077922	-2.39915	-2.01183	-26.7949
R1055C_C	338	0.438356164384	-1.69137	-5.45637	-9.45515
K78G_A	349	0.564935064935	-1.95946	-3.35726	-23.8633
E153Y_A	363	0.564935064935	-1.4478	-3.12321	-24.5401
S122M_A	369	0.545454545455	-1.57891	-3.70656	-25.0374
E33L_A	378	0.538961038961	-1.60356	-3.75463	-26.6513
I1039D_C	390	0.383561643836	-1.37174	-7.40432	-8.51711
Q1054A_C	396	0.383561643836	-0.96039	-6.27303	-8.17429
N7V_A	409	0.519480519481	-0.928421	-2.89925	-23.6862
W1040D_C	416	0.356164383562	-1.02845	-5.14694	-8.06715
R11V_A	427	0.5	-1.00594	-2.9654	-24.2579
V124A_A	436	0.493506493506	-0.962196	-2.96539	-23.9523
Q27K_A	444	0.493506493506	-1.54067	-3.57724	-24.4196
V11W_A	450	0.474025974026	-1.17122	-3.029	-26.2435
P1044I_C	461	0.342465753425	-1.14816	-5.7166	-6.51286
I106Y_A	473	0.441558441558	-1.54974	-2.32832	-24.65
N66D_A	495	0.428571428571	-1.58406	-2.25282	-24.079
H140M_A	507	0.422077922078	-1.58293	-2.25282	-23.9682
D1085V_C	522	0.287671232877	-1.45694	-3.9239	-6.22823
D100A_A	537	0.415584415584	-1.46852	-2.70072	-24.9494
Q1095E_C	553	0.260273972603	-1.26717	-4.21603	-5.88106
P1080W_C	563	0.260273972603	-1.39763	-4.69144	-7.44791
M79K_A	577	0.415584415584	-1.33341	-2.61176	-24.2475
N1029R_C	590	0.260273972603	-1.09903	-3.59561	-9.11986
A124Q_A	596	0.415584415584	-1.36172	-2.5758	-27.8921
V1089Q_C	601	0.260273972603	-1.46181	-2.78794	-7.04237
A100Y_A	612	0.409090909091	-1.49481	-2.47992	-24.6311
K1034N_C	621	0.232876712329	-1.26713	-2.44673	-6.12815
E19L_A	630	0.396103896104	-1.13711	-2.58865	-25.6967
V147Q_A	640	0.396103896104	-1.09004	-2.33986	-25.9597
E39Y_A	648	0.396103896104	-1.09539	-2.43455	-27.8306
I1025C_C	656	0.232876712329	-0.918504	-2.22936	-8.06449
A54K_A	668	0.383116883117	-0.300414	-2.49031	-25.1116
K31L_A	674	0.37012987013	0.454666	-1.17459	-24.2313
R1044F_C	682	0.232876712329	0.457	-1.23952	-7.44081
W1033Y_C	690	0.232876712329	0.37794	-1.27288	-6.87794
Q154H_A	698	0.357142857143	0.402048	-1.22737	-25.1037
L97R_A	706	0.357142857143	0.479912	-1.22727	-25.2866
K1094Q_C	720	0.232876712329	0.464653	-1.05817	-7.20179
R140C_A	727	0.350649350649	0.452107	-1.13867	-24.4691
E71R_A	739	0.350649350649	0.268382	-1.49997	-24.5025
C150G_A	746	0.344155844156	0.308913	-1.14426	-25.4339
F78Y_A	754	0.344155844156	0.102664	-1.16884	-24.404
L62M_A	759	0.350649350649	0.0689331	-1.04876	-29.2909
Y22T_A	765	0.350649350649	2.00247	2.08403	-29.9487
E1068F_C	770	0.205479452055	1.16749	-0.0942331	-7.63308
D1050K_C	782	0.205479452055	0.622497	-0.306813	-9.32391
N18L_A	796	0.331168831169	-0.907068	1.1011	-25.7055
A70C_A	807	0.331168831169	-0.907018	1.08307	-24.0251
S1067D_C	815	0.205479452055	-1.50427	3.89274	-4.07756
K80D_A	842	0.324675324675	-1.50057	1.03626	-24.2411
T22D_A	850	0.324675324675	-0.552837	1.91374	-24.2782
Q78G_A	856	0.324675324675	-0.509216	2.01455	-25.8501
L1095V_C	871	0.205479452055	-0.495036	13.3707	-6.2957
C70I_A	883	0.324675324675	1.7951	3.14491	-26.7794
F1044T_C	890	0.205479452055	1.78675	5.12296	-6.93291
F1068K_C	895	0.205479452055	2.95208	6.0619	-5.67759
E15S_A	903	0.324675324675	2.49303	3.01069	-24.143
F115K_A	915	0.318181818182	1.41192	3.06113	-23.9403
R57K_A	934	0.318181818182	1.18642	3.2032	-24.145
K1042D_C	950	0.205479452055	1.24413	4.30099	-6.35439
L18C_A	955	0.318181818182	1.72377	3.51877	-24.5633
V86C_A	971	0.311688311688	1.15375	3.61318	-26.7484
K1058W_C	980	0.205479452055	1.14854	-2.05309	-6.78457
Y39I_A	987	0.311688311688	1.50261	3.46943	-25.2555
D1030M_C	995	0.191780821918	1.37773	-1.27697	-7.33757
