name	count	identity	interface_identity	non_interface_identity	evolved_interaction	ancestral_interaction	stability
K110T_A	1	0.993506493506	1.0	0.992592592593	-10.3612	-10.3298	-27.108
F22T_A	8	0.974025974026	0.947368421053	0.977777777778	-7.23415	-7.66715	-27.1884
P125N_A	14	0.954545454545	0.947368421053	0.955555555556	-7.17817	-7.73631	-23.9688
N140A_A	22	0.928571428571	0.894736842105	0.933333333333	-6.64861	-7.10407	-24.7187
S156H_A	30	0.915584415584	0.842105263158	0.925925925926	-5.96784	-5.03949	-23.9703
M1070L_C	40	0.876712328767	0.85	0.88679245283	-5.7889	-8.10404	-8.66003
L1089I_C	46	0.890410958904	0.9	0.88679245283	-5.75095	-8.02552	-8.83275
R35N_A	53	0.883116883117	0.842105263158	0.888888888889	-6.25846	-4.79716	-24.7688
A129W_A	64	0.863636363636	0.842105263158	0.866666666667	-6.05993	-4.60392	-25.7284
G44A_A	70	0.844155844156	0.789473684211	0.851851851852	-5.78268	-4.38399	-25.4584
V29T_A	80	0.837662337662	0.789473684211	0.844444444444	-5.75141	-4.384	-24.885
S138I_A	87	0.818181818182	0.789473684211	0.822222222222	-5.76954	-4.40986	-24.8732
K1041V_C	93	0.780821917808	0.85	0.754716981132	-5.90118	-8.63378	-8.24325
E1034C_C	106	0.739726027397	0.8	0.716981132075	-6.38546	-8.67401	-8.37056
S95E_A	117	0.772727272727	0.764705882353	0.773722627737	-6.4232	-4.48045	-27.8501
A44S_A	124	0.779220779221	0.764705882353	0.78102189781	-6.4897	-4.50366	-26.8656
D118G_A	130	0.772727272727	0.764705882353	0.773722627737	-6.37407	-6.25252	-27.4188
N52M_A	136	0.746753246753	0.764705882353	0.744525547445	-6.05231	-5.90061	-25.4534
L150I_A	143	0.733766233766	0.764705882353	0.729927007299	-4.96241	-5.89873	-23.9772
Q140K_A	155	0.727272727273	0.764705882353	0.722627737226	-7.32787	-6.60794	-26.734
G118H_A	164	0.720779220779	0.764705882353	0.715328467153	-7.43149	-6.39979	-25.3789
T1077M_C	169	0.643835616438	0.714285714286	0.615384615385	-7.3746	-7.61976	-6.66873
D1080A_C	180	0.616438356164	0.736842105263	0.574074074074	-5.55872	-6.43504	-5.94781
V1070I_C	199	0.616438356164	0.736842105263	0.574074074074	-4.41364	-5.31405	-6.31838
N27C_A	213	0.694805194805	0.705882352941	0.693430656934	-3.1437	-4.62323	-24.8128
H1023D_C	223	0.602739726027	0.736842105263	0.555555555556	-3.21119	-5.52703	-6.22908
D1068V_C	234	0.575342465753	0.684210526316	0.537037037037	-3.74503	0.248057	-6.73644
C101L_A	240	0.668831168831	0.705882352941	0.664233576642	-2.96872	-5.24786	-25.8324
K40I_A	251	0.655844155844	0.705882352941	0.649635036496	-2.24502	-5.31139	-24.6119
K71M_A	260	0.636363636364	0.705882352941	0.627737226277	-2.24637	-5.30842	-24.6865
N85K_A	265	0.623376623377	0.705882352941	0.613138686131	-2.10421	-5.1511	-23.2991
S44H_A	282	0.623376623377	0.6875	0.615942028986	-2.24146	-5.36587	-26.2744
Y155I_A	289	0.616883116883	0.666666666667	0.610294117647	-2.5458	-5.71173	-23.7679
A10K_A	296	0.603896103896	0.666666666667	0.595588235294	-2.44083	-6.87895	-25.4529
K1054Q_C	303	0.506849315068	0.5	0.509803921569	-2.91822	0.0766484	-5.68748
S136G_A	317	0.584415584416	0.722222222222	0.566176470588	-4.20534	-7.11304	-23.7917
Q1076K_C	331	0.479452054795	0.545454545455	0.450980392157	-7.2954	-6.36742	-5.97687
H44E_A	337	0.577922077922	0.722222222222	0.558823529412	-7.16915	-6.96649	-25.2514
A7C_A	344	0.577922077922	0.722222222222	0.558823529412	-4.55726	-7.31203	-23.9699
P1090G_C	357	0.452054794521	0.590909090909	0.392156862745	-4.29062	-3.07914	-7.01187
S89I_A	364	0.551948051948	0.722222222222	0.529411764706	-4.29074	-7.20688	-24.8174
Y31A_A	373	0.545454545455	0.722222222222	0.522058823529	-4.02895	-6.8971	-23.4333
R13Q_A	380	0.532467532468	0.764705882353	0.503649635036	-2.72739	-3.58765	-23.847
W134T_A	392	0.525974025974	0.764705882353	0.496350364964	-2.77678	-3.67821	-24.1766
E147V_A	401	0.525974025974	0.764705882353	0.496350364964	-2.54638	-3.59056	-24.6619
Q1029L_C	408	0.424657534247	0.52380952381	0.384615384615	-3.53672	-4.31069	-7.32521
K18E_A	415	0.512987012987	0.705882352941	0.489051094891	-2.91134	-2.39245	-24.0185
Q1073Y_C	423	0.41095890411	0.55	0.358490566038	0.590957	-4.18027	-7.32184
Y61T_A	434	0.5	0.647058823529	0.481751824818	-0.280981	1.43282	-24.4832
A122Y_A	445	0.5	0.6875	0.478260869565	-0.698069	1.44688	-24.4791
L101M_A	458	0.5	0.6875	0.478260869565	-0.563326	1.40067	-24.7488
C126Y_A	471	0.493506493506	0.6875	0.471014492754	-0.627149	1.01911	-24.8398
L134C_A	478	0.480519480519	0.625	0.463768115942	-0.59219	0.975041	-26.8714
Q1064M_C	486	0.397260273973	0.578947368421	0.333333333333	-0.888671	-3.09427	-8.57463
L9C_A	500	0.467532467532	0.642857142857	0.45	-0.768471	0.807263	-23.4016
Q1071I_C	512	0.383561643836	0.526315789474	0.333333333333	-0.833486	-3.779	-6.71861
N1025P_C	531	0.383561643836	0.526315789474	0.333333333333	-0.852106	-3.68395	-8.1997
R115C_A	545	0.454545454545	0.625	0.434782608696	-0.283223	0.408197	-23.1827
H140K_A	556	0.448051948052	0.625	0.427536231884	-2.94042	0.451066	-24.3492
E1084S_C	566	0.342465753425	0.421052631579	0.314814814815	-2.99627	-2.0997	-7.95435
A131T_A	576	0.441558441558	0.625	0.420289855072	-3.04589	-0.749613	-26.0814
P1025D_C	584	0.342465753425	0.421052631579	0.314814814815	-3.32554	-4.28884	-7.33487
E98R_A	605	0.435064935065	0.6	0.41726618705	-2.26843	-1.56027	-23.9915
T1023F_C	618	0.328767123288	0.4	0.301886792453	-1.72633	-2.65542	-6.71808
I1071E_C	625	0.315068493151	0.333333333333	0.309090909091	-0.75124	-1.83431	-6.3709
N1092F_C	633	0.315068493151	0.368421052632	0.296296296296	-1.35607	-2.71282	-7.5626
T1033E_C	640	0.315068493151	0.368421052632	0.296296296296	-1.42475	-3.17588	-6.50687
I96K_A	650	0.422077922078	0.6	0.402877697842	-1.41758	-0.302136	-25.6187
M101R_A	657	0.422077922078	0.6	0.402877697842	-1.44888	1.5494	-25.7268
G31F_A	668	0.409090909091	0.6	0.388489208633	-1.47448	1.71733	-25.4269
R1086S_C	674	0.287671232877	0.368421052632	0.259259259259	-1.1533	-2.50427	-6.06382
S1086N_C	681	0.301369863014	0.421052631579	0.259259259259	-1.2734	-2.71701	-6.82865
R130L_A	692	0.415584415584	0.6	0.395683453237	-1.32725	1.28836	-23.9461
T146L_A	703	0.409090909091	0.6	0.388489208633	-1.33662	1.84675	-25.7739
T1093G_C	711	0.287671232877	0.368421052632	0.259259259259	-1.38864	-2.86476	-8.14802
K31L_A	721	0.409090909091	0.588235294118	0.386861313869	-1.23983	1.63817	-25.9971
T85P_A	726	0.409090909091	0.588235294118	0.386861313869	-1.24101	1.63763	-24.1757
T61N_A	737	0.402597402597	0.588235294118	0.379562043796	-0.251367	1.36676	-24.2205
K30H_A	747	0.396103896104	0.578947368421	0.37037037037	-2.19474	0.485232	-23.5018
R6I_A	761	0.38961038961	0.578947368421	0.362962962963	-1.31252	0.989694	-24.4005
F143L_A	772	0.38961038961	0.578947368421	0.362962962963	-1.25119	0.992293	-25.3193
F156T_A	779	0.396103896104	0.578947368421	0.37037037037	-1.61489	-1.55827	-24.4186
L1093Y_C	790	0.260273972603	0.35	0.22641509434	-1.53391	-3.21827	-6.37147
L94R_A	803	0.383116883117	0.578947368421	0.355555555556	-1.50623	-1.66654	-23.777
G1090R_C	830	0.260273972603	0.35	0.22641509434	-2.18695	-1.41601	-10.1057
K13M_A	836	0.383116883117	0.611111111111	0.352941176471	-2.29507	-1.12515	-26.4697
T1042I_C	847	0.232876712329	0.35	0.188679245283	-2.2836	-1.78501	-8.26295
D1091M_C	852	0.232876712329	0.35	0.188679245283	-2.14053	-1.90711	-10.1805
N48F_A	859	0.376623376623	0.631578947368	0.340740740741	-2.13551	-0.791822	-26.2527
E11G_A	865	0.37012987013	0.619047619048	0.330827067669	-2.68138	-1.10056	-25.5505
Y1075G_C	873	0.232876712329	0.35	0.188679245283	-1.90611	-1.24566	-6.36279
G91H_A	886	0.37012987013	0.619047619048	0.330827067669	-2.18889	-1.26833	-28.1157
L120T_A	892	0.363636363636	0.6	0.328358208955	-1.88	-0.933611	-29.5544
F1052Y_C	898	0.219178082192	0.35	0.169811320755	-1.61751	-0.512481	-5.91576
L146I_A	910	0.357142857143	0.555555555556	0.330882352941	-2.25797	0.136115	-26.5406
A22V_A	919	0.363636363636	0.555555555556	0.338235294118	-1.57436	-0.16779	-24.5916
W1077I_C	931	0.219178082192	0.318181818182	0.176470588235	-1.72949	-0.606533	-6.61648
Y1036E_C	938	0.219178082192	0.318181818182	0.176470588235	-1.53503	-0.297208	-7.23024
A142N_A	944	0.337662337662	0.5	0.31884057971	-1.78729	-0.00826162	-24.4324
W1076L_C	954	0.219178082192	0.318181818182	0.176470588235	-1.84891	-0.301066	-9.23378
R1094Q_C	961	0.219178082192	0.318181818182	0.176470588235	-1.78682	-0.234054	-7.78872
K155T_A	967	0.331168831169	0.5	0.311594202899	-1.96822	-0.094953	-24.0493
H1055I_C	976	0.219178082192	0.318181818182	0.176470588235	-1.90368	-1.12982	-7.34636
M71D_A	983	0.318181818182	0.5	0.297101449275	-1.90056	-0.223185	-24.3314
S108N_A	989	0.318181818182	0.5	0.297101449275	-1.86699	0.0708915	-27.2896
D89V_A	999	0.311688311688	0.5	0.289855072464	-1.85494	0.0645086	-23.8852
