name	count	identity	interface_identity	non_interface_identity	evolved_interaction	ancestral_interaction	stability
S70G_A	1	0.993506493506	1.0	0.992592592593	-10.5086	-10.5225	-25.8601
R17D_A	7	0.974025974026	0.95	0.977611940299	-2.55243	-2.47446	-25.8756
D1061W_C	13	0.958904109589	0.952380952381	0.961538461538	-2.52577	-8.42683	-10.2062
E143A_A	25	0.928571428571	0.9	0.932835820896	-3.43834	-3.93868	-27.374
Q1073T_C	35	0.890410958904	0.909090909091	0.882352941176	-3.94393	-8.52274	-7.28387
Y52E_A	43	0.896103896104	0.85	0.902985074627	-4.24773	-4.41324	-24.32
H1023Q_C	53	0.849315068493	0.909090909091	0.823529411765	-4.22848	-8.44934	-8.08261
W16A_A	60	0.857142857143	0.75	0.873134328358	-4.64139	-4.95233	-25.476
P1032G_C	70	0.821917808219	0.863636363636	0.803921568627	-6.97829	-5.93647	-8.73178
V116C_A	94	0.844155844156	0.789473684211	0.851851851852	-7.40631	-5.34789	-24.9718
D1085K_C	100	0.780821917808	0.818181818182	0.764705882353	-6.94074	-5.26605	-7.40345
V1082M_C	107	0.794520547945	0.818181818182	0.78431372549	-6.97523	-5.19536	-8.01498
D118H_A	115	0.811688311688	0.789473684211	0.814814814815	-6.91642	-5.74226	-25.4066
E1034W_C	122	0.753424657534	0.772727272727	0.745098039216	-7.09695	-6.06508	-10.6127
D1030F_C	131	0.739726027397	0.714285714286	0.75	-6.05818	-6.17321	-6.30048
G1032M_C	141	0.739726027397	0.714285714286	0.75	-5.78763	-5.89532	-7.78004
E57R_A	148	0.766233766234	0.823529411765	0.759124087591	-8.20987	-8.87514	-27.1539
D37E_A	156	0.753246753247	0.8	0.748201438849	-8.60762	-9.24058	-26.4187
W1034C_C	162	0.712328767123	0.666666666667	0.730769230769	-6.03331	-4.91723	-6.34399
K31Q_A	169	0.733766233766	0.8	0.726618705036	-6.33499	-8.29503	-24.3617
F1030Q_C	178	0.712328767123	0.666666666667	0.730769230769	-6.86681	-5.36803	-10.9921
I1064S_C	185	0.698630136986	0.666666666667	0.711538461538	-6.89583	-5.56786	-7.91325
Y93T_A	192	0.707792207792	0.785714285714	0.7	-6.59283	-8.36612	-24.9036
Q67W_A	199	0.694805194805	0.777777777778	0.683823529412	-6.263	-8.08335	-25.2533
Y76R_A	207	0.681818181818	0.777777777778	0.669117647059	-6.27733	-7.60625	-26.4205
D121K_A	214	0.649350649351	0.764705882353	0.63503649635	-6.26244	-7.31981	-26.0282
E131F_A	223	0.62987012987	0.764705882353	0.613138686131	-6.22921	-7.28743	-26.2338
Q101M_A	229	0.61038961039	0.705882352941	0.598540145985	-5.81074	-7.36164	-25.301
M101E_A	237	0.616883116883	0.705882352941	0.605839416058	-5.07312	-7.14291	-24.999
W1059Q_C	251	0.643835616438	0.55	0.679245283019	-4.90786	-4.84829	-7.0887
L1086W_C	259	0.643835616438	0.55	0.679245283019	-5.17497	-5.25712	-6.37637
V134L_A	268	0.597402597403	0.647058823529	0.591240875912	-5.10659	-7.04977	-25.6856
Q1082K_C	278	0.643835616438	0.52380952381	0.692307692308	-5.13067	-5.15244	-7.49752
V154H_A	286	0.584415584416	0.5625	0.586956521739	-4.86781	-7.70466	-25.2537
R46Q_A	294	0.571428571429	0.5625	0.572463768116	-3.33885	-4.51566	-25.5622
V74C_A	302	0.558441558442	0.5625	0.557971014493	-3.34403	-4.51076	-25.5077
I122C_A	319	0.551948051948	0.5625	0.550724637681	-3.23122	-4.50828	-25.5925
Q102Y_A	327	0.545454545455	0.5625	0.54347826087	-3.23017	-4.23045	-25.2002
I57F_A	339	0.538961038961	0.529411764706	0.540145985401	-2.84643	-4.79267	-25.3098
Q1059I_C	349	0.58904109589	0.52380952381	0.615384615385	-2.94774	-4.95581	-8.79221
S18M_A	357	0.525974025974	0.470588235294	0.532846715328	-1.2386	-2.22635	-25.8432
K110V_A	365	0.519480519481	0.470588235294	0.525547445255	-1.97586	-2.39905	-28.75
G129K_A	375	0.5	0.470588235294	0.503649635036	-1.97823	-2.38701	-27.3949
M106P_A	382	0.493506493506	0.470588235294	0.496350364964	-2.55067	-3.21822	-25.4684
L4R_A	395	0.474025974026	0.470588235294	0.474452554745	-2.55145	-3.38105	-25.3925
S63E_A	413	0.474025974026	0.470588235294	0.474452554745	-2.51931	-3.35755	-27.7899
Y58F_A	423	0.461038961039	0.470588235294	0.459854014599	-2.42443	-3.12943	-27.0599
Y1067F_C	433	0.534246575342	0.421052631579	0.574074074074	-2.45583	-5.09603	-6.40093
N1025E_C	449	0.520547945205	0.388888888889	0.563636363636	-1.47074	-5.63221	-7.86004
E18V_A	455	0.448051948052	0.470588235294	0.445255474453	-2.10729	-3.00364	-28.4432
M147S_A	465	0.435064935065	0.470588235294	0.430656934307	-2.4286	-3.51704	-27.6628
W67F_A	478	0.435064935065	0.470588235294	0.430656934307	-2.41303	-3.50107	-24.9096
R1046M_C	486	0.479452054795	0.368421052632	0.518518518519	-2.39128	-6.60819	-7.12832
G17F_A	497	0.428571428571	0.470588235294	0.423357664234	-2.7629	-3.73454	-27.7827
D1029Q_C	503	0.479452054795	0.428571428571	0.5	-2.80448	-6.79138	-11.3032
W1040F_C	515	0.479452054795	0.428571428571	0.5	-2.81547	-6.00225	-9.86242
C1094A_C	525	0.465753424658	0.428571428571	0.480769230769	-3.02486	-6.01822	-6.66172
E63I_A	535	0.415584415584	0.470588235294	0.408759124088	-3.04553	-3.6454	-26.3786
Q131V_A	542	0.409090909091	0.470588235294	0.401459854015	-3.06068	-3.64893	-25.5806
R27C_A	555	0.409090909091	0.470588235294	0.401459854015	-2.3368	-2.67752	-24.741
P33K_A	566	0.402597402597	0.470588235294	0.394160583942	-2.31832	-2.21175	-24.9824
D111V_A	574	0.409090909091	0.470588235294	0.401459854015	-2.34654	-2.30514	-24.431
P1033E_C	593	0.452054794521	0.428571428571	0.461538461538	-2.48071	-5.6916	-9.33035
Q1056V_C	604	0.424657534247	0.428571428571	0.423076923077	-2.49162	-5.66968	-7.56659
V6P_A	618	0.396103896104	0.470588235294	0.386861313869	-2.26116	-1.7037	-25.2634
Y49V_A	626	0.38961038961	0.470588235294	0.379562043796	-2.16643	-1.46974	-25.3765
T57G_A	632	0.38961038961	0.470588235294	0.379562043796	-2.20397	-0.430614	-24.1008
L1026M_C	642	0.369863013699	0.333333333333	0.384615384615	-2.30211	-2.648	-6.44652
W74I_A	671	0.383116883117	0.5	0.367647058824	-4.39618	-0.734689	-23.9087
A1054E_C	681	0.356164383562	0.285714285714	0.384615384615	-4.38967	-3.7819	-5.63297
V18A_A	699	0.383116883117	0.5	0.367647058824	-4.49416	-1.0167	-26.4872
C15M_A	711	0.383116883117	0.5	0.367647058824	-4.51263	-1.06035	-25.8537
W44I_A	724	0.37012987013	0.5	0.352941176471	-4.46742	-0.718041	-24.6376
M1068S_C	734	0.356164383562	0.35	0.358490566038	-1.63297	-3.97409	-6.28591
M143I_A	755	0.37012987013	0.578947368421	0.340740740741	-1.63332	0.410735	-24.8614
W115A_A	766	0.363636363636	0.578947368421	0.333333333333	-1.71986	0.387451	-23.75
I107M_A	784	0.350649350649	0.578947368421	0.318518518519	-1.69828	0.411024	-25.0329
E1025R_C	791	0.356164383562	0.35	0.358490566038	-1.74141	-4.05809	-7.00386
Q19F_A	798	0.350649350649	0.52380952381	0.323308270677	-1.86157	0.139451	-26.5772
T3K_A	807	0.344155844156	0.52380952381	0.315789473684	-1.84277	0.130598	-25.7673
A65T_A	814	0.344155844156	0.52380952381	0.315789473684	-2.08291	0.213861	-24.8843
H125A_A	821	0.331168831169	0.52380952381	0.300751879699	-2.43531	0.165299	-24.4902
H126P_A	835	0.331168831169	0.52380952381	0.300751879699	-2.92354	0.183584	-25.7419
T91M_A	848	0.318181818182	0.52380952381	0.285714285714	-2.92711	0.165547	-26.3615
R106A_A	856	0.318181818182	0.47619047619	0.293233082707	-1.58011	2.40324	-24.1267
S139I_A	869	0.324675324675	0.47619047619	0.300751879699	-1.68426	2.42266	-25.0086
F1082K_C	880	0.342465753425	0.35	0.339622641509	-1.86885	-2.08413	-7.78981
K14Q_A	895	0.318181818182	0.4	0.305970149254	-1.71084	2.59288	-23.9215
M107A_A	909	0.318181818182	0.4	0.305970149254	-1.71162	2.59288	-23.9224
Y153K_A	920	0.324675324675	0.4	0.313432835821	-1.71536	2.58819	-24.5332
L1062C_C	927	0.301369863014	0.333333333333	0.288461538462	-1.73295	-1.72955	-6.5174
Q1095G_C	933	0.287671232877	0.3	0.283018867925	-1.7207	-1.93507	-6.55343
Q1029L_C	938	0.27397260274	0.25	0.283018867925	-2.53457	-3.86454	-7.60866
H1050N_C	943	0.27397260274	0.25	0.283018867925	-2.7328	-3.96842	-8.31067
C70F_A	950	0.331168831169	0.352941176471	0.328467153285	-2.74624	1.54912	-27.9119
N102W_A	956	0.331168831169	0.352941176471	0.328467153285	-3.34483	0.985349	-24.7322
E46K_A	963	0.331168831169	0.352941176471	0.328467153285	-3.34762	0.462563	-24.6273
M15H_A	968	0.331168831169	0.352941176471	0.328467153285	-3.13818	0.542825	-24.8161
M1049H_C	975	0.219178082192	0.217391304348	0.22	-3.12186	-3.43266	-7.02455
Y1043E_C	980	0.219178082192	0.217391304348	0.22	-3.12194	-3.43266	-6.16933
M1092K_C	992	0.219178082192	0.227272727273	0.21568627451	-1.20815	-2.89525	-6.46106
