name	count	identity	interface_identity	non_interface_identity	evolved_interaction	ancestral_interaction	stability
A106G_A	1	0.993506493506	1.0	0.992592592593	-10.4947	-10.5171	-25.9103
K14V_A	6	0.967532467532	0.944444444444	0.970588235294	-6.77675	-6.82862	-28.8231
S70I_A	11	0.941558441558	0.888888888889	0.948529411765	-6.47221	-6.58231	-30.5778
I1070A_C	18	0.945205479452	0.909090909091	0.960784313725	-6.13254	-10.1544	-12.4181
Y82D_A	23	0.922077922078	0.833333333333	0.933823529412	-6.33999	-6.53005	-24.3042
M1060T_C	34	0.876712328767	0.818181818182	0.901960784314	-6.26729	-9.82076	-8.1898
K74C_A	42	0.876623376623	0.833333333333	0.882352941176	-5.75816	-6.61939	-24.888
R1064G_C	48	0.849315068493	0.772727272727	0.882352941176	-4.90997	-8.65877	-6.62394
R1046T_C	59	0.808219178082	0.772727272727	0.823529411765	-5.37303	-8.65768	-7.52889
E1094H_C	76	0.780821917808	0.772727272727	0.78431372549	-5.39705	-8.67534	-6.64913
D82N_A	86	0.831168831169	0.8125	0.833333333333	-5.39752	-6.15501	-26.3513
H1094L_C	93	0.767123287671	0.772727272727	0.764705882353	-3.92809	-8.7463	-9.50616
T33P_A	100	0.818181818182	0.8	0.820143884892	-4.34103	-3.48704	-25.7631
I1088G_C	105	0.712328767123	0.666666666667	0.730769230769	-3.92033	-7.03522	-7.13002
R91Y_A	113	0.792207792208	0.8	0.791366906475	-2.23146	-2.31859	-25.9083
L149S_A	121	0.766233766234	0.733333333333	0.769784172662	-2.1214	-2.94275	-25.2046
W53M_A	134	0.753246753247	0.733333333333	0.755395683453	-1.11294	-2.94335	-24.8632
Q117I_A	144	0.74025974026	0.733333333333	0.741007194245	-1.05253	-2.90802	-24.5269
Y25P_A	157	0.733766233766	0.666666666667	0.741007194245	-0.611273	-3.30575	-25.7848
M18N_A	165	0.720779220779	0.666666666667	0.726618705036	0.968407	-2.23792	-26.9874
N82L_A	177	0.707792207792	0.666666666667	0.712230215827	0.941854	-2.23983	-26.0236
K1040W_C	187	0.630136986301	0.636363636364	0.627450980392	0.636384	-4.96172	-6.71168
M145W_A	208	0.688311688312	0.666666666667	0.690647482014	0.0576143	-2.7941	-24.4148
T1087H_C	216	0.602739726027	0.636363636364	0.588235294118	0.389684	-2.81288	-7.64565
D100M_A	223	0.694805194805	0.666666666667	0.697841726619	0.230462	-3.57281	-24.6565
Q1071N_C	231	0.561643835616	0.590909090909	0.549019607843	0.0562301	-3.39731	-6.26721
A32W_A	248	0.662337662338	0.6875	0.659420289855	0.0706072	-3.66671	-23.5466
Q153K_A	258	0.649350649351	0.6875	0.644927536232	0.00418846	-3.71328	-24.0926
C5K_A	271	0.642857142857	0.6875	0.63768115942	0.00382574	-3.68752	-23.9019
K153T_A	287	0.623376623377	0.6875	0.615942028986	-0.0152976	-3.77882	-24.9582
G54W_A	301	0.61038961039	0.6875	0.601449275362	0.181917	-3.58252	-24.6758
G1056N_C	309	0.561643835616	0.590909090909	0.549019607843	0.0754121	-3.38969	-7.4438
M53P_A	316	0.577922077922	0.625	0.572463768116	0.890398	-0.895488	-24.5299
E63Y_A	323	0.571428571429	0.625	0.565217391304	0.731933	-0.830936	-24.6923
S1029M_C	331	0.506849315068	0.47619047619	0.519230769231	-0.246655	-4.22235	-7.02885
W77N_A	337	0.551948051948	0.5625	0.550724637681	-1.03937	-0.872459	-23.6766
T152A_A	354	0.558441558442	0.533333333333	0.561151079137	-1.33628	-0.870222	-25.4737
L82C_A	368	0.545454545455	0.533333333333	0.546762589928	0.200218	-0.870024	-24.5659
P1073N_C	380	0.479452054795	0.380952380952	0.519230769231	-0.212359	-3.33958	-5.91928
W1040M_C	394	0.465753424658	0.380952380952	0.5	-0.166592	-3.33602	-6.89961
I71V_A	399	0.525974025974	0.533333333333	0.525179856115	0.0498575	-0.746659	-24.7203
N131S_A	410	0.512987012987	0.466666666667	0.517985611511	-0.345679	-1.05065	-24.2227
C20L_A	419	0.512987012987	0.466666666667	0.517985611511	0.809183	-0.256851	-26.1196
K48V_A	432	0.5	0.466666666667	0.503597122302	0.756636	-0.23763	-24.3767
S131R_A	451	0.487012987013	0.466666666667	0.489208633094	0.503502	-0.290044	-24.7412
K1038M_C	462	0.438356164384	0.391304347826	0.46	0.194936	-1.06178	-11.6641
Q126W_A	470	0.474025974026	0.375	0.485507246377	0.20439	-0.297179	-27.8736
L36Y_A	477	0.467532467532	0.375	0.478260869565	-0.11575	1.18783	-26.2878
F54C_A	486	0.467532467532	0.375	0.478260869565	-0.342476	1.35073	-25.2972
E1059T_C	494	0.397260273973	0.391304347826	0.4	-0.218511	-0.93436	-6.56862
F22M_A	501	0.461038961039	0.3125	0.478260869565	0.600477	2.19064	-25.402
W1051N_C	508	0.383561643836	0.391304347826	0.38	0.570991	-0.969949	-8.28247
A1055L_C	515	0.383561643836	0.416666666667	0.367346938776	0.752116	-1.1706	-8.78514
C3M_A	524	0.448051948052	0.3125	0.463768115942	0.612319	2.48945	-24.4997
I107Y_A	534	0.435064935065	0.25	0.45652173913	-0.106343	2.824	-26.6951
Y154Q_A	543	0.448051948052	0.3125	0.463768115942	-1.44713	2.80333	-26.3287
L9V_A	548	0.435064935065	0.333333333333	0.446043165468	0.169329	3.58257	-27.3902
C66L_A	554	0.428571428571	0.333333333333	0.438848920863	-0.566651	3.32951	-25.6065
M139A_A	559	0.428571428571	0.333333333333	0.438848920863	-0.00217267	3.2205	-26.557
Y107W_A	570	0.415584415584	0.266666666667	0.431654676259	-0.0487894	3.27263	-24.269
P1090Y_C	581	0.315068493151	0.35	0.301886792453	0.0977558	-2.55792	-7.26726
M53L_A	596	0.409090909091	0.266666666667	0.424460431655	-0.203999	3.54506	-24.7708
R142M_A	607	0.402597402597	0.266666666667	0.41726618705	-0.184442	3.555	-24.6362
C1087V_C	620	0.301369863014	0.35	0.283018867925	0.199616	-1.17301	-6.88954
G1093T_C	629	0.287671232877	0.3	0.283018867925	0.126478	-0.340025	-4.73484
I96L_A	653	0.402597402597	0.266666666667	0.41726618705	0.170859	3.49573	-24.5767
K5A_A	663	0.402597402597	0.266666666667	0.41726618705	0.137367	3.47104	-26.1457
W107F_A	671	0.396103896104	0.266666666667	0.410071942446	0.657804	3.60019	-26.5217
G1086W_C	677	0.27397260274	0.3	0.264150943396	-0.0482253	1.00004	-8.8145
T1092I_C	688	0.27397260274	0.263157894737	0.277777777778	0.359524	1.4471	-7.89532
E1043K_C	701	0.287671232877	0.263157894737	0.296296296296	-0.129042	0.441169	-8.72104
V1027I_C	713	0.287671232877	0.263157894737	0.296296296296	-0.440446	0.0468568	-9.5134
E42A_A	718	0.38961038961	0.25	0.405797101449	-0.249645	3.12627	-24.9294
L30W_A	736	0.38961038961	0.25	0.405797101449	-0.417358	2.69326	-23.7989
Q154M_A	747	0.38961038961	0.263157894737	0.407407407407	-0.219416	2.46609	-25.4599
A1068I_C	753	0.232876712329	0.210526315789	0.240740740741	0.365894	-3.09865	-5.72521
W148T_A	764	0.383116883117	0.3	0.39552238806	0.670613	0.563877	-24.058
F156C_A	779	0.383116883117	0.277777777778	0.397058823529	0.488323	-1.47808	-24.6782
D1023P_C	793	0.232876712329	0.210526315789	0.240740740741	0.654738	-3.05159	-5.26566
V75I_A	805	0.37012987013	0.263157894737	0.385185185185	-0.156757	-0.90695	-24.5761
W143I_A	811	0.376623376623	0.263157894737	0.392592592593	-0.162279	-0.97039	-25.5038
D1095W_C	818	0.232876712329	0.210526315789	0.240740740741	-0.491004	-3.29526	-6.04067
C110F_A	823	0.37012987013	0.3	0.380597014925	0.0462403	0.971882	-24.3337
R1084V_C	832	0.246575342466	0.210526315789	0.259259259259	0.211098	-1.69112	-6.85044
C153N_A	844	0.357142857143	0.352941176471	0.357664233577	0.211114	0.65317	-25.1505
I1068S_C	862	0.246575342466	0.210526315789	0.259259259259	0.834772	-0.799525	-7.35071
K132E_A	872	0.350649350649	0.3125	0.355072463768	0.804764	0.637823	-24.9902
V71E_A	885	0.350649350649	0.294117647059	0.357664233577	0.741006	0.675807	-24.0823
G1091I_C	909	0.246575342466	0.210526315789	0.259259259259	0.531565	-0.297128	-11.0183
E1086K_C	917	0.246575342466	0.210526315789	0.259259259259	-0.110059	-1.24357	-10.402
I1024L_C	923	0.232876712329	0.222222222222	0.236363636364	-0.0032573	-0.508888	-8.99584
E71F_A	942	0.357142857143	0.3125	0.36231884058	-0.104209	1.84887	-25.4648
F71Q_A	954	0.357142857143	0.3125	0.36231884058	-0.1123	1.83202	-24.0406
A1085F_C	970	0.219178082192	0.166666666667	0.236363636364	-0.325155	-0.63997	-7.32412
G1049M_C	982	0.246575342466	0.166666666667	0.272727272727	-0.321169	-0.528895	-11.0109
