name	count	identity	interface_identity	non_interface_identity	evolved_interaction	ancestral_interaction	stability
W134V_A	1	0.993506493506	1.0	0.992592592593	-10.4993	-10.5197	-24.5293
E1034Y_C	9	0.958904109589	0.954545454545	0.960784313725	-8.12567	-11.0542	-9.68422
V29R_A	15	0.961038961039	0.944444444444	0.963235294118	-8.19242	-8.28572	-24.157
K30D_A	28	0.941558441558	0.944444444444	0.941176470588	-7.10921	-8.55432	-27.3309
R1046H_C	33	0.890410958904	0.909090909091	0.882352941176	-6.79812	-8.16377	-7.72197
K48G_A	42	0.909090909091	0.833333333333	0.919117647059	-6.79859	-7.76963	-23.8985
T61L_A	53	0.88961038961	0.833333333333	0.897058823529	-6.67956	-7.83989	-25.2585
R1047A_C	59	0.835616438356	0.818181818182	0.843137254902	-6.65466	-7.02491	-7.03198
T142H_A	68	0.863636363636	0.882352941176	0.861313868613	-6.67426	-7.94157	-24.1899
I18H_A	81	0.844155844156	0.833333333333	0.845588235294	-4.93624	-3.11998	-24.3766
S95E_A	88	0.831168831169	0.833333333333	0.830882352941	-5.67924	-5.15156	-26.1949
R139C_A	104	0.805194805195	0.833333333333	0.801470588235	-5.48775	-5.09975	-24.7931
N124E_A	111	0.798701298701	0.823529411765	0.795620437956	-4.13767	-5.68074	-25.1344
K1040V_C	118	0.684931506849	0.619047619048	0.711538461538	-4.30835	-6.79617	-7.12911
S1032W_C	125	0.671232876712	0.571428571429	0.711538461538	-4.19909	-6.42297	-9.34523
H18Y_A	135	0.772727272727	0.764705882353	0.773722627737	-3.69763	-4.31164	-24.117
H114A_A	150	0.766233766234	0.764705882353	0.766423357664	-3.33486	-4.29527	-24.9695
L61N_A	156	0.74025974026	0.722222222222	0.742647058824	-3.33725	-4.29499	-24.0307
S70L_A	170	0.733766233766	0.722222222222	0.735294117647	-3.87113	-4.24941	-25.9171
S3V_A	176	0.720779220779	0.722222222222	0.720588235294	-4.46766	-4.41667	-24.0925
M117K_A	187	0.720779220779	0.736842105263	0.718518518519	-4.40386	-4.56152	-23.7113
G1094H_C	198	0.602739726027	0.5	0.631578947368	-0.715188	-3.71842	-6.88322
N20A_A	211	0.701298701299	0.7	0.701492537313	-1.17843	-1.34481	-24.4398
D145N_A	218	0.681818181818	0.65	0.686567164179	-1.19659	-1.41224	-25.3457
Y1084Q_C	225	0.58904109589	0.5	0.614035087719	-1.00105	-4.61772	-5.97686
K1038F_C	234	0.575342465753	0.5	0.59649122807	-1.12163	-4.74433	-7.64993
A79M_A	241	0.649350649351	0.666666666667	0.646616541353	-1.4932	-1.44287	-23.766
H154I_A	247	0.642857142857	0.666666666667	0.639097744361	-1.49976	-1.43997	-25.9199
R131W_A	257	0.636363636364	0.666666666667	0.631578947368	-2.25673	-1.43989	-26.1917
N153E_A	267	0.636363636364	0.714285714286	0.624060150376	-2.22306	-1.57495	-27.5177
S122T_A	273	0.636363636364	0.714285714286	0.624060150376	-1.86055	-1.17359	-25.7921
M79I_A	286	0.623376623377	0.714285714286	0.609022556391	-1.85848	-1.16162	-24.5803
H1094V_C	300	0.506849315068	0.4375	0.526315789474	-2.79546	-1.48372	-6.70716
K146W_A	311	0.603896103896	0.7	0.589552238806	-2.80511	-1.24946	-24.6953
V17D_A	318	0.597402597403	0.666666666667	0.586466165414	-0.413423	1.90449	-23.2629
M1086K_C	327	0.479452054795	0.470588235294	0.482142857143	-0.819568	2.17211	-9.99582
V62M_A	341	0.564935064935	0.619047619048	0.556390977444	-0.77813	1.91477	-24.921
R1064F_C	348	0.465753424658	0.470588235294	0.464285714286	-0.204636	3.18899	-11.3139
T1077H_C	359	0.452054794521	0.470588235294	0.446428571429	-0.214952	3.19429	-9.79282
E124F_A	374	0.551948051948	0.529411764706	0.554744525547	-2.94086	-0.855043	-25.1689
Q1095C_C	381	0.438356164384	0.454545454545	0.43137254902	-4.05613	3.07038	-9.80321
G48E_A	387	0.525974025974	0.466666666667	0.532374100719	-3.18488	-2.15374	-28.2056
R104S_A	393	0.506493506494	0.5	0.507246376812	-3.09743	-2.1499	-26.9616
V1050K_C	402	0.397260273973	0.380952380952	0.403846153846	-3.12131	-1.16228	-2.76765
V1024I_C	407	0.397260273973	0.333333333333	0.423076923077	-2.77598	0.308892	-4.9286
G35N_A	417	0.487012987013	0.5	0.485507246377	-2.56702	-1.21973	-25.8144
S1033E_C	428	0.369863013699	0.333333333333	0.384615384615	-2.57018	0.4136	-5.03014
Q151D_A	435	0.467532467532	0.5	0.463768115942	-2.68965	-0.173656	-24.6567
W10F_A	451	0.467532467532	0.5	0.463768115942	-2.79652	-0.566966	-25.2206
N40K_A	460	0.474025974026	0.5	0.471014492754	-2.84196	-0.651209	-24.4238
F65P_A	468	0.487012987013	0.5	0.485507246377	-2.70712	-0.698045	-27.5774
D89W_A	475	0.480519480519	0.4375	0.485507246377	-1.90607	-0.346849	-29.5309
C127W_A	486	0.467532467532	0.4375	0.471014492754	-2.03975	-0.594557	-25.1926
C134R_A	496	0.461038961039	0.4375	0.463768115942	-2.15815	-0.932908	-24.8151
A1078P_C	513	0.356164383562	0.272727272727	0.392156862745	-2.39932	3.09385	-7.55683
N1025Q_C	519	0.328767123288	0.227272727273	0.372549019608	-3.13302	2.83374	-6.41793
A1024T_C	525	0.301369863014	0.227272727273	0.333333333333	-3.18519	2.72903	-3.8092
E1033K_C	534	0.301369863014	0.227272727273	0.333333333333	-2.49945	2.83563	-6.8816
H154S_A	542	0.441558441558	0.444444444444	0.441176470588	-2.79248	0.579286	-24.6972
M1090I_C	551	0.301369863014	0.227272727273	0.333333333333	-2.25895	3.71494	-6.05522
D3Y_A	561	0.435064935065	0.444444444444	0.433823529412	-2.02599	0.864498	-24.5747
W127E_A	572	0.435064935065	0.411764705882	0.43795620438	-2.20715	0.789351	-25.3123
E143M_A	579	0.422077922078	0.411764705882	0.423357664234	-2.73285	0.804379	-24.6896
C63L_A	587	0.428571428571	0.411764705882	0.430656934307	-2.72185	0.794252	-25.3129
E22V_A	596	0.422077922078	0.352941176471	0.430656934307	0.773953	4.38161	-24.0618
D101Y_A	608	0.422077922078	0.352941176471	0.430656934307	0.420187	2.68213	-24.3234
F1043Y_C	617	0.232876712329	0.2	0.245283018868	2.03885	-1.37427	-4.77215
Y82I_A	626	0.415584415584	0.352941176471	0.423357664234	1.98972	2.63855	-23.9893
A99V_A	636	0.415584415584	0.333333333333	0.424460431655	2.7909	3.79222	-26.1745
Y35E_A	644	0.415584415584	0.333333333333	0.424460431655	2.80871	4.29576	-27.4614
K7F_A	649	0.409090909091	0.333333333333	0.41726618705	2.16478	4.18795	-26.2977
M121A_A	656	0.409090909091	0.333333333333	0.41726618705	1.99362	4.11864	-24.204
V1094T_C	667	0.232876712329	0.2	0.245283018868	2.02878	-0.664351	-3.18329
N140M_A	681	0.402597402597	0.333333333333	0.410071942446	2.65071	4.19399	-23.9652
Q17M_A	695	0.402597402597	0.333333333333	0.410071942446	1.67017	3.36718	-24.8414
F30D_A	702	0.402597402597	0.333333333333	0.410071942446	1.60212	3.12964	-25.1054
R1046Q_C	719	0.191780821918	0.157894736842	0.203703703704	1.59649	1.36126	-5.37031
K65N_A	735	0.402597402597	0.333333333333	0.410071942446	1.41994	2.10284	-25.6006
I1028C_C	741	0.205479452055	0.157894736842	0.222222222222	1.35527	0.856179	-3.02234
A43L_A	756	0.38961038961	0.333333333333	0.395683453237	1.29769	2.67139	-25.4453
V99M_A	766	0.38961038961	0.3125	0.398550724638	1.13286	2.70433	-25.7831
K117L_A	773	0.376623376623	0.3125	0.384057971014	1.12985	3.10754	-27.5827
I96C_A	782	0.363636363636	0.3125	0.369565217391	0.948631	3.12607	-24.16
I105M_A	797	0.37012987013	0.3125	0.376811594203	0.942458	3.12508	-24.5527
M87F_A	810	0.37012987013	0.3125	0.376811594203	0.94878	3.03405	-24.6265
W1043E_C	831	0.178082191781	0.157894736842	0.185185185185	0.934529	0.214932	-3.24091
Y155F_A	841	0.363636363636	0.25	0.376811594203	0.939279	2.6788	-24.6346
K130F_A	855	0.363636363636	0.25	0.376811594203	1.09648	1.31826	-26.0657
T143I_A	861	0.363636363636	0.25	0.376811594203	1.62267	0.402783	-27.1074
K40M_A	868	0.350649350649	0.25	0.36231884058	1.44267	0.405358	-26.9091
M99E_A	876	0.350649350649	0.25	0.36231884058	1.48472	0.411083	-23.5204
I101C_A	884	0.350649350649	0.25	0.36231884058	1.58598	0.318711	-24.6515
G34D_A	889	0.344155844156	0.25	0.355072463768	1.52633	0.86853	-23.0178
Q29K_A	902	0.344155844156	0.25	0.355072463768	1.65128	0.926759	-25.3327
D31N_A	909	0.337662337662	0.25	0.347826086957	1.81565	0.958076	-24.7431
L10I_A	918	0.337662337662	0.25	0.347826086957	1.64517	2.11741	-24.4176
Q1044F_C	938	0.191780821918	0.15	0.207547169811	0.94948	0.457848	-2.5016
I1090V_C	955	0.191780821918	0.15	0.207547169811	1.07175	0.461953	-2.90878
I1071P_C	970	0.178082191781	0.15	0.188679245283	1.06894	0.481521	-3.82881
K1029S_C	982	0.191780821918	0.2	0.188679245283	0.868052	-0.341974	-6.20449
P106R_A	990	0.344155844156	0.2	0.359712230216	0.851106	2.50665	-25.6759
