name	count	identity	interface_identity	non_interface_identity	evolved_interaction	ancestral_interaction	stability
S138E_A	1	0.993506493506	1.0	0.992592592593	-10.4799	-10.518	-27.0167
Q111M_A	11	0.967532467532	1.0	0.962962962963	-8.85175	-10.7843	-25.8261
L1048A_C	19	0.958904109589	0.954545454545	0.960784313725	-9.06674	-8.53467	-7.87445
D1080T_C	29	0.904109589041	0.954545454545	0.882352941176	-8.84361	-8.33971	-8.76739
Q15W_A	36	0.935064935065	0.947368421053	0.933333333333	-8.85747	-10.9706	-25.1703
N124C_A	43	0.909090909091	0.947368421053	0.903703703704	-9.07213	-10.8823	-24.6664
N1086W_C	50	0.835616438356	0.909090909091	0.803921568627	-10.1144	-9.46909	-8.36816
E1084N_C	57	0.794520547945	0.863636363636	0.764705882353	-8.69467	-7.90321	-9.62127
E143Y_A	64	0.87012987013	0.95	0.858208955224	-8.81051	-11.0553	-25.4502
W51G_A	71	0.857142857143	0.95	0.84328358209	-7.25413	-11.0692	-25.1225
P128G_A	77	0.837662337662	0.95	0.820895522388	-7.7527	-11.2024	-24.9828
S3N_A	85	0.811688311688	0.95	0.791044776119	-7.82656	-11.071	-25.5509
T1043L_C	91	0.739726027397	0.772727272727	0.725490196078	-7.83029	-7.57208	-9.15013
E49V_A	101	0.798701298701	0.95	0.776119402985	-7.83882	-11.2595	-23.9044
K18N_A	107	0.779220779221	0.842105263158	0.77037037037	-5.72905	-8.45168	-25.4677
L6R_A	117	0.766233766234	0.789473684211	0.762962962963	-6.42443	-7.17042	-23.6555
K74F_A	125	0.75974025974	0.764705882353	0.759124087591	-6.89444	-7.15941	-25.6019
M36G_A	134	0.727272727273	0.764705882353	0.722627737226	-6.86177	-7.09633	-25.9731
A91Y_A	141	0.707792207792	0.777777777778	0.698529411765	-6.86807	-7.11374	-26.674
S1033L_C	150	0.616438356164	0.652173913043	0.6	-7.03306	-7.61828	-7.87561
A32Y_A	161	0.675324675325	0.722222222222	0.669117647059	-6.95031	-7.03932	-23.8904
L42K_A	170	0.668831168831	0.722222222222	0.661764705882	-6.21935	-7.15506	-24.627
C131D_A	181	0.655844155844	0.684210526316	0.651851851852	-5.53742	-5.96945	-25.3592
C5K_A	190	0.62987012987	0.631578947368	0.62962962963	-5.53423	-5.64459	-24.767
D1075I_C	198	0.547945205479	0.590909090909	0.529411764706	-6.71598	-7.137	-7.27302
L1033D_C	203	0.534246575342	0.590909090909	0.509803921569	-6.73176	-7.1451	-6.98939
A1048I_C	208	0.534246575342	0.590909090909	0.509803921569	-6.74499	-7.15519	-8.94276
L97C_A	213	0.603896103896	0.631578947368	0.6	-6.75193	-8.27111	-23.9978
S156R_A	218	0.590909090909	0.555555555556	0.595588235294	-6.40775	-8.45963	-25.3037
T1047C_C	227	0.534246575342	0.590909090909	0.509803921569	-6.59034	-7.1672	-12.3494
H1041N_C	232	0.520547945205	0.545454545455	0.509803921569	-5.9221	-6.45338	-11.5379
Q1095H_C	240	0.506849315068	0.5	0.509803921569	-4.49328	-4.84522	-14.3954
S35V_A	247	0.545454545455	0.5	0.550724637681	-1.48683	-5.19993	-24.0865
K19C_A	262	0.538961038961	0.5	0.54347826087	-1.17257	-5.13786	-24.7113
C1080S_C	269	0.465753424658	0.444444444444	0.472727272727	-1.25674	-2.88861	-7.1284
D1074S_C	275	0.452054794521	0.444444444444	0.454545454545	-1.16076	-2.89227	-6.20637
M125Q_A	281	0.525974025974	0.5	0.528985507246	-2.48771	-6.55277	-24.4681
E63N_A	294	0.525974025974	0.5	0.528985507246	-2.63565	-6.58976	-23.132
R88W_A	305	0.525974025974	0.5	0.528985507246	-2.40355	-6.55868	-22.8598
P21Y_A	325	0.512987012987	0.4375	0.521739130435	-2.65452	-6.58554	-23.2248
N31M_A	339	0.512987012987	0.4375	0.521739130435	-2.83636	-6.7317	-25.8081
G118S_A	347	0.506493506494	0.4375	0.514492753623	-2.31561	-4.02595	-28.1018
V29A_A	355	0.493506493506	0.4375	0.5	-2.08559	-4.11468	-28.3672
F146Q_A	364	0.493506493506	0.4375	0.5	-2.03111	-4.11881	-25.7836
L14M_A	370	0.493506493506	0.4375	0.5	-3.21734	-4.22685	-26.0609
G51C_A	377	0.493506493506	0.4375	0.5	-3.23052	-4.19897	-25.345
A150L_A	399	0.5	0.4375	0.507246376812	-3.08877	-4.21176	-25.1078
P1044I_C	406	0.397260273973	0.526315789474	0.351851851852	-3.11468	-4.62782	-5.76833
L4W_A	417	0.487012987013	0.4375	0.492753623188	-3.13618	-4.17356	-27.0108
R6S_A	422	0.474025974026	0.4375	0.478260869565	-3.16774	-4.19007	-24.459
D48Y_A	438	0.454545454545	0.4375	0.45652173913	-3.13191	-4.22481	-24.7883
C51A_A	446	0.448051948052	0.4375	0.449275362319	-3.13231	-4.22492	-24.4597
R95K_A	454	0.435064935065	0.4375	0.434782608696	-3.64228	-4.02761	-24.7604
I141F_A	463	0.441558441558	0.470588235294	0.43795620438	-4.29482	-4.18201	-25.8229
Y25E_A	473	0.441558441558	0.470588235294	0.43795620438	-3.90601	-4.96343	-25.5811
L79I_A	480	0.441558441558	0.470588235294	0.43795620438	-4.13489	-4.95607	-25.7323
M40R_A	486	0.441558441558	0.411764705882	0.445255474453	-1.84228	-3.66154	-26.0108
E67N_A	491	0.428571428571	0.411764705882	0.430656934307	-1.05595	-2.74933	-24.443
I1045W_C	498	0.356164383562	0.428571428571	0.326923076923	-1.30567	-3.87219	-6.68521
P151R_A	515	0.422077922078	0.352941176471	0.430656934307	-0.777163	-0.778721	-27.4717
K1041A_C	521	0.328767123288	0.4	0.301886792453	-2.1492	-3.98367	-6.03639
H132K_A	527	0.402597402597	0.294117647059	0.416058394161	-1.74621	-2.1116	-25.1623
I79N_A	540	0.402597402597	0.294117647059	0.416058394161	-1.73505	-2.10806	-24.8357
C154M_A	548	0.396103896104	0.294117647059	0.408759124088	-1.74557	-2.24879	-25.5597
D142N_A	556	0.38961038961	0.294117647059	0.401459854015	-1.74086	-2.28753	-28.2951
E143F_A	565	0.376623376623	0.294117647059	0.386861313869	-1.83563	-2.31321	-27.3834
D100W_A	571	0.363636363636	0.294117647059	0.372262773723	-1.73025	-2.29365	-26.9342
V107Y_A	576	0.363636363636	0.3125	0.369565217391	-2.02322	-1.839	-27.9289
D131V_A	584	0.363636363636	0.3125	0.369565217391	-2.75314	-4.37024	-24.6506
M134I_A	597	0.363636363636	0.333333333333	0.36690647482	-1.63389	-4.24143	-23.2287
C1026Q_C	606	0.315068493151	0.35	0.301886792453	-1.74279	-3.27249	-6.04868
L1080W_C	618	0.315068493151	0.35	0.301886792453	-1.7421	-3.2885	-5.75017
V135K_A	626	0.357142857143	0.266666666667	0.36690647482	1.38513	1.29529	-24.3026
A138T_A	637	0.350649350649	0.266666666667	0.359712230216	0.90472	0.82446	-25.5871
G1046E_C	646	0.315068493151	0.333333333333	0.309090909091	1.0011	-3.30041	-7.2185
H1095A_C	652	0.315068493151	0.333333333333	0.309090909091	1.05373	-3.2959	-7.73928
T39W_A	659	0.363636363636	0.266666666667	0.374100719424	1.07124	0.979351	-25.1041
D1071E_C	679	0.315068493151	0.333333333333	0.309090909091	0.731879	-3.47273	-6.5891
R1066W_C	685	0.315068493151	0.333333333333	0.309090909091	1.4786	-3.09879	-6.37978
K115E_A	691	0.376623376623	0.214285714286	0.392857142857	1.53465	0.924326	-24.7484
I8F_A	703	0.376623376623	0.214285714286	0.392857142857	2.22071	1.6039	-24.5264
G1071M_C	713	0.328767123288	0.375	0.315789473684	2.26958	-3.22274	-8.20185
W1030A_C	722	0.315068493151	0.375	0.298245614035	2.27194	-3.5136	-6.32456
T1082S_C	731	0.315068493151	0.352941176471	0.303571428571	1.72806	-3.5884	-6.83289
R67K_A	742	0.37012987013	0.214285714286	0.385714285714	1.71555	-0.0276925	-22.4793
W27Q_A	749	0.37012987013	0.214285714286	0.385714285714	1.48382	1.09123	-24.589
F8I_A	756	0.363636363636	0.214285714286	0.378571428571	1.56418	-0.0326797	-22.6397
P126T_A	762	0.363636363636	0.214285714286	0.378571428571	1.5155	-0.0411406	-21.9106
Q35N_A	785	0.37012987013	0.214285714286	0.385714285714	1.49952	-0.0408048	-21.9888
W88A_A	795	0.37012987013	0.214285714286	0.385714285714	1.49978	-0.046951	-22.3206
L150Q_A	807	0.363636363636	0.214285714286	0.378571428571	0.846081	-0.715002	-21.8533
W39R_A	826	0.357142857143	0.214285714286	0.371428571429	0.836261	-0.715032	-23.724
E1070P_C	839	0.301369863014	0.380952380952	0.269230769231	1.21938	-3.95859	-6.01209
C129R_A	847	0.357142857143	0.285714285714	0.364285714286	1.11405	0.127312	-25.0485
M1064V_C	853	0.287671232877	0.333333333333	0.269230769231	1.01383	-2.21007	-6.09131
K145Q_A	869	0.357142857143	0.285714285714	0.364285714286	1.01112	0.158242	-23.4708
N132A_A	879	0.363636363636	0.285714285714	0.371428571429	1.01183	0.115357	-23.01
H151C_A	886	0.363636363636	0.285714285714	0.371428571429	1.05073	1.73873	-23.8983
M111P_A	893	0.357142857143	0.285714285714	0.364285714286	1.06247	1.73261	-24.4855
L100E_A	906	0.357142857143	0.285714285714	0.364285714286	1.06106	1.78637	-23.9438
E122C_A	917	0.363636363636	0.285714285714	0.371428571429	1.06354	1.78499	-24.4797
K36W_A	925	0.357142857143	0.285714285714	0.364285714286	1.23654	2.18833	-24.9409
V146M_A	933	0.350649350649	0.285714285714	0.357142857143	1.23406	2.19917	-26.8499
Q66I_A	939	0.350649350649	0.285714285714	0.357142857143	1.17243	2.29376	-24.0172
K128E_A	953	0.350649350649	0.285714285714	0.357142857143	1.17048	2.33487	-23.9043
Q1076E_C	962	0.27397260274	0.333333333333	0.25	1.17322	-2.1452	-7.23081
P31Y_A	968	0.350649350649	0.285714285714	0.357142857143	1.14944	2.20116	-24.7843
I1065V_C	985	0.246575342466	0.285714285714	0.230769230769	1.11951	-2.8222	-7.00104
L9V_A	993	0.337662337662	0.266666666667	0.345323741007	1.02064	2.07267	-24.1441
