name	count	identity	evolved_interaction	ancestral_interaction	stability
F137R_A	1	0.993506493506	-10.4883	-10.5132	-24.6263
A142I_A	8	0.961038961039	-10.5303	-10.557	-24.3238
H31I_A	21	0.954545454545	-10.6342	-10.5376	-24.3889
Q101L_A	32	0.935064935065	-10.1186	-10.0246	-24.8774
S1050V_C	43	0.917808219178	-10.138	-10.531	-7.34079
K15T_A	49	0.88961038961	-9.93148	-9.78309	-25.078
I1039M_C	60	0.876712328767	-9.93466	-10.4841	-7.55462
Q39I_A	73	0.863636363636	-9.93102	-9.80243	-24.1174
K71Y_A	88	0.857142857143	-9.88404	-9.78717	-25.5634
F22S_A	98	0.837662337662	-3.96902	-3.39903	-23.9988
P125A_A	106	0.824675324675	-3.7885	-3.55351	-26.6195
E1084N_C	112	0.780821917808	-2.90404	-8.76765	-8.43562
R137Q_A	121	0.805194805195	-0.649545	-0.658223	-24.2066
T124R_A	131	0.798701298701	-0.613813	-0.871033	-25.977
A32N_A	139	0.772727272727	0.217039	-0.0381675	-25.3178
G44V_A	147	0.746753246753	0.472982	0.25154	-26.2995
K52I_A	157	0.74025974026	0.601018	0.472616	-27.8634
R1035Y_C	164	0.712328767123	0.845779	-8.63322	-7.09477
R1064W_C	176	0.684931506849	1.47887	-8.25669	-7.14767
K30W_A	198	0.701298701299	0.564189	0.348167	-23.6411
K1038S_C	219	0.630136986301	0.497784	-8.62193	-6.15061
Y15I_A	227	0.681818181818	0.131816	0.319918	-25.2897
H1092F_C	241	0.58904109589	1.43593	-9.17388	-7.4496
Y82E_A	253	0.655844155844	1.44697	0.343535	-23.5082
M3E_A	260	0.655844155844	1.44677	0.344851	-24.4329
V76I_A	267	0.636363636364	-0.0347038	0.45596	-24.9622
T61Q_A	274	0.623376623377	-0.0620783	0.373077	-24.5553
K1070Y_C	283	0.534246575342	-0.037931	-6.629	-6.76399
K25M_A	291	0.597402597403	-0.426986	0.397251	-26.9273
W134Y_A	298	0.577922077922	-0.139742	0.781219	-25.7335
R1093G_C	306	0.479452054795	-1.20602	-2.30144	-6.22002
R1043E_C	319	0.452054794521	-1.18523	-2.23579	-6.56272
E99D_A	336	0.551948051948	-1.20193	0.790222	-24.7902
D19W_A	344	0.551948051948	-0.811221	0.199096	-24.8558
E150C_A	351	0.558441558442	0.340986	1.92557	-24.5336
S95A_A	357	0.532467532468	0.631764	1.8423	-27.0444
D99H_A	364	0.519480519481	-0.514129	0.685703	-24.5175
V1050F_C	377	0.41095890411	0.0586305	-4.86633	-6.0265
A125Q_A	392	0.512987012987	-0.52673	1.05211	-24.2738
F81Y_A	400	0.5	-0.531363	1.07697	-25.5229
I45L_A	407	0.487012987013	-1.71631	1.08845	-25.4464
L109Q_A	412	0.474025974026	-1.64814	0.967953	-24.8151
R102C_A	420	0.467532467532	-1.65061	0.976183	-24.7611
E143I_A	430	0.454545454545	-2.44534	-0.722784	-23.9947
M1046C_C	439	0.397260273973	-2.51663	-5.39463	-7.62239
Q125T_A	448	0.454545454545	-2.66164	-1.4213	-23.5935
I1092F_C	460	0.383561643836	-3.59168	-4.78073	-7.28058
Y71F_A	468	0.448051948052	-3.52587	-1.21459	-23.1922
I141D_A	483	0.428571428571	-3.52488	-1.30386	-22.7824
E63F_A	499	0.422077922078	-3.31125	-1.23502	-24.8101
I76L_A	504	0.422077922078	-3.31226	-1.23969	-23.6041
Q1068E_C	511	0.397260273973	-2.48976	-3.95895	-7.22438
H82G_A	521	0.422077922078	-2.45788	-0.781653	-24.74
K18W_A	531	0.415584415584	-2.12157	-0.0441124	-23.2476
L126M_A	548	0.415584415584	-2.12798	-0.0488976	-25.2104
G136I_A	567	0.415584415584	-3.02874	0.0570993	-28.1706
S139A_A	577	0.409090909091	-3.21203	0.0153329	-24.5761
N22A_A	588	0.409090909091	-3.35682	1.25553	-25.9399
N141R_A	602	0.402597402597	-2.79411	1.00368	-29.1307
V18E_A	615	0.38961038961	-3.09867	0.726794	-25.7747
Y35I_A	627	0.38961038961	-2.97809	0.108771	-26.8295
Q52A_A	641	0.376623376623	-2.93532	0.129008	-25.586
A52Y_A	653	0.376623376623	-2.93191	0.203841	-26.3782
H31S_A	663	0.376623376623	-2.928	0.203475	-26.3432
I57M_A	676	0.376623376623	-3.2899	-0.0720852	-26.7009
Q1032N_C	685	0.369863013699	-2.69786	-2.84764	-6.29203
L38Y_A	692	0.357142857143	-2.65383	-0.132445	-25.8901
G1054V_C	713	0.369863013699	-2.65267	-2.40427	-6.81655
N32A_A	723	0.350649350649	-2.64935	-0.0842024	-24.6133
H1079N_C	730	0.369863013699	-2.66362	-2.75843	-7.81298
Q109N_A	741	0.350649350649	-2.6752	-0.0555047	-24.5514
W99C_A	749	0.350649350649	-2.65716	-0.0561346	-23.9776
V1051R_C	763	0.315068493151	-2.33255	-2.36985	-6.93624
S1075P_C	774	0.315068493151	-2.34035	-2.39078	-6.2329
Y127S_A	806	0.344155844156	-0.396801	1.61034	-23.9468
A1064V_C	822	0.315068493151	-0.424178	-1.1574	-7.25119
Q1041Y_C	829	0.287671232877	-0.457431	-1.28952	-7.774
R129A_A	835	0.350649350649	-0.457038	1.51205	-26.5586
R124E_A	844	0.337662337662	-0.299053	1.72413	-27.7164
M57V_A	852	0.337662337662	0.313752	1.91956	-25.1436
G14D_A	861	0.344155844156	0.249871	2.48388	-24.5008
R49Y_A	873	0.344155844156	0.184084	2.49979	-24.1543
A142F_A	892	0.331168831169	0.225877	2.506	-23.8266
T1042N_C	898	0.246575342466	0.22617	4.01459	-9.28137
L96K_A	907	0.324675324675	0.402383	2.7313	-24.3305
M59T_A	913	0.324675324675	0.487909	2.83632	-23.7708
R104Q_A	919	0.318181818182	0.487911	2.83132	-27.7937
K1027A_C	925	0.219178082192	1.38789	4.92561	-4.2325
Q3E_A	933	0.311688311688	0.852814	2.83721	-25.0675
Q1068D_C	938	0.246575342466	1.2721	4.50664	-6.13472
W19S_A	945	0.318181818182	1.21537	2.65178	-25.5515
V145S_A	954	0.318181818182	1.05554	2.62434	-25.2971
W51S_A	968	0.318181818182	1.08614	2.62905	-24.4735
S156K_A	978	0.311688311688	1.23146	2.77236	-23.7404
M9L_A	989	0.318181818182	1.23185	2.80074	-25.1113
W1090I_C	996	0.219178082192	1.55014	-1.92584	-6.29338
