name	count	identity	interface_identity	non_interface_identity	evolved_interaction	ancestral_interaction	stability
L119T_A	1	0.993506493506	1.0	0.992592592593	-10.4946	-10.52	-24.6916
M36C_A	9	0.974025974026	1.0	0.97037037037	-10.5124	-10.5077	-24.8866
P132N_A	17	0.954545454545	1.0	0.948148148148	-10.1047	-10.1977	-24.2427
L38Y_A	23	0.948051948052	1.0	0.940740740741	-10.0048	-10.2101	-24.8749
L6Q_A	31	0.915584415584	1.0	0.903703703704	-10.0047	-10.2012	-25.0949
L114I_A	40	0.88961038961	0.947368421053	0.881481481481	-7.52225	-7.72322	-24.8534
C67R_A	49	0.87012987013	0.947368421053	0.859259259259	-7.53294	-7.7103	-25.5671
C22E_A	56	0.844155844156	0.944444444444	0.830882352941	-3.18738	-3.47633	-26.7978
L4A_A	62	0.837662337662	0.944444444444	0.823529411765	-2.78385	-3.46269	-24.3067
A1091I_C	72	0.821917808219	0.952380952381	0.769230769231	-2.85643	-9.79776	-8.2163
V29L_A	79	0.805194805195	0.888888888889	0.794117647059	-3.23574	-3.8468	-26.533
R13E_A	88	0.798701298701	0.888888888889	0.786764705882	-3.43523	-3.61522	-26.1215
E1090D_C	100	0.780821917808	0.904761904762	0.730769230769	-2.34807	-7.40834	-6.53514
K1079F_C	109	0.767123287671	0.818181818182	0.745098039216	-3.27052	-6.68478	-7.15825
S89Y_A	116	0.766233766234	0.8125	0.760869565217	-3.5204	-4.70525	-24.6829
N1059H_C	121	0.753424657534	0.818181818182	0.725490196078	-3.45656	-6.64367	-8.36509
G115V_A	130	0.727272727273	0.75	0.724637681159	-3.63182	-4.8769	-26.9248
T1043N_C	136	0.72602739726	0.826086956522	0.68	-3.77519	-4.77719	-9.26751
N1086R_C	148	0.698630136986	0.75	0.673469387755	-4.23338	-3.94337	-8.29414
E71L_A	155	0.694805194805	0.705882352941	0.693430656934	-1.26301	-0.761324	-25.4731
Y25A_A	161	0.688311688312	0.625	0.695652173913	0.689627	0.9122	-24.864
T18S_A	169	0.688311688312	0.6	0.697841726619	1.783	0.90903	-25.7557
S156K_A	179	0.675324675325	0.6	0.68345323741	2.60946	0.983469	-26.5505
F149H_A	184	0.662337662338	0.6	0.669064748201	2.51946	0.856314	-27.5956
H19K_A	192	0.655844155844	0.6	0.661870503597	2.55398	0.840836	-25.3395
N140E_A	199	0.636363636364	0.6	0.640287769784	2.64087	0.840502	-26.0173
F137M_A	208	0.616883116883	0.533333333333	0.625899280576	2.37826	0.501544	-24.9871
N66V_A	214	0.597402597403	0.533333333333	0.604316546763	2.29206	0.42841	-24.8988
I1043Q_C	228	0.602739726027	0.681818181818	0.56862745098	2.26771	-1.1311	-7.56884
T119M_A	237	0.584415584416	0.533333333333	0.589928057554	1.51105	-1.87376	-26.2551
Y144L_A	244	0.564935064935	0.4	0.58273381295	1.50487	-1.78417	-25.283
S1062R_C	266	0.534246575342	0.666666666667	0.480769230769	1.43431	-1.0544	-6.36003
I1073V_C	273	0.534246575342	0.666666666667	0.480769230769	1.43432	-1.08146	-6.88099
P1042W_C	290	0.520547945205	0.666666666667	0.461538461538	1.45543	-1.05893	-6.90999
D1068T_C	308	0.506849315068	0.65	0.452830188679	0.135459	-1.15015	-7.56266
S1095V_C	316	0.479452054795	0.6	0.433962264151	0.0995859	-3.39217	-6.7322
I35Q_A	326	0.512987012987	0.411764705882	0.525547445255	0.410865	-1.23026	-23.7615
F76S_A	335	0.506493506494	0.411764705882	0.518248175182	0.43164	-1.28872	-23.445
G100N_A	346	0.506493506494	0.375	0.521739130435	0.55948	-1.1967	-24.4733
C8V_A	353	0.5	0.375	0.514492753623	0.539228	-1.30074	-24.4883
L144H_A	362	0.506493506494	0.375	0.521739130435	0.539334	-2.50795	-23.9716
F1076L_C	378	0.452054794521	0.611111111111	0.4	1.47204	-1.49839	-6.25823
W1033H_C	391	0.438356164384	0.611111111111	0.381818181818	0.331475	-1.11859	-6.7354
K1041P_C	399	0.438356164384	0.611111111111	0.381818181818	0.410366	-2.84357	-8.19141
W136Q_A	406	0.493506493506	0.466666666667	0.496402877698	0.163819	-0.543855	-24.25
T91I_A	418	0.487012987013	0.466666666667	0.489208633094	0.719753	-0.540186	-25.4949
P22I_A	423	0.480519480519	0.466666666667	0.482014388489	-0.169586	-1.05438	-25.6838
V113L_A	438	0.467532467532	0.466666666667	0.467625899281	-0.307925	-1.0484	-24.3573
S76V_A	459	0.467532467532	0.466666666667	0.467625899281	-0.299365	-1.04891	-24.3315
N98W_A	466	0.461038961039	0.466666666667	0.460431654676	-0.365699	-1.07985	-24.3552
P105E_A	477	0.448051948052	0.466666666667	0.446043165468	-0.380081	-1.03351	-24.0231
T1071V_C	492	0.342465753425	0.363636363636	0.333333333333	-1.94525	-4.21217	-6.16005
N132D_A	498	0.448051948052	0.466666666667	0.446043165468	-2.03389	-3.15721	-26.2863
V1023M_C	505	0.342465753425	0.363636363636	0.333333333333	0.422982	-4.3426	-7.25179
S6E_A	512	0.435064935065	0.466666666667	0.431654676259	0.400637	-0.0513359	-25.2297
W98N_A	518	0.435064935065	0.466666666667	0.431654676259	0.401125	-0.0589496	-24.2857
W1084K_C	528	0.342465753425	0.363636363636	0.333333333333	0.727832	-4.48176	-8.7527
A4V_A	536	0.448051948052	0.466666666667	0.446043165468	0.72622	-0.961154	-23.9433
W1081T_C	542	0.342465753425	0.363636363636	0.333333333333	0.742148	-4.49328	-6.57187
A54W_A	562	0.441558441558	0.466666666667	0.438848920863	0.524756	-0.87396	-25.1052
R102D_A	578	0.428571428571	0.333333333333	0.438848920863	2.71835	2.09543	-24.4876
A7Q_A	586	0.435064935065	0.333333333333	0.446043165468	1.52554	1.83113	-25.4041
S31N_A	592	0.428571428571	0.333333333333	0.438848920863	2.48909	2.3188	-26.14
K1084R_C	597	0.342465753425	0.380952380952	0.326923076923	2.3715	-4.71941	-6.29484
T14M_A	602	0.409090909091	0.333333333333	0.41726618705	2.36311	3.54797	-24.6772
K18I_A	613	0.396103896104	0.266666666667	0.410071942446	2.04796	3.16963	-25.0377
K36E_A	624	0.402597402597	0.266666666667	0.41726618705	2.37867	3.58653	-24.3868
V75L_A	634	0.383116883117	0.266666666667	0.395683453237	2.41306	4.4252	-28.1326
N25E_A	642	0.376623376623	0.266666666667	0.388489208633	2.54276	4.55891	-24.8084
Q33P_A	652	0.376623376623	0.266666666667	0.388489208633	2.54289	4.26907	-23.7326
Q1035W_C	682	0.342465753425	0.380952380952	0.326923076923	2.49274	-5.40718	-7.85554
A142R_A	701	0.376623376623	0.266666666667	0.388489208633	2.40873	4.03583	-24.8271
F1060A_C	713	0.342465753425	0.380952380952	0.326923076923	2.46592	-5.41052	-8.43097
R1033F_C	728	0.342465753425	0.380952380952	0.326923076923	2.3737	-5.4273	-7.38683
F4N_A	743	0.363636363636	0.352941176471	0.36496350365	2.18666	4.18616	-24.4035
F1061Y_C	750	0.356164383562	0.428571428571	0.326923076923	2.16425	-5.45319	-10.3729
R1047M_C	755	0.342465753425	0.421052631579	0.314814814815	1.58635	-5.46129	-11.4229
K70F_A	760	0.363636363636	0.352941176471	0.36496350365	1.511	3.07733	-26.928
K1074P_C	768	0.342465753425	0.421052631579	0.314814814815	1.47158	-5.4707	-13.8521
A1035E_C	782	0.328767123288	0.421052631579	0.296296296296	1.43891	-5.50233	-6.41846
A1093F_C	795	0.315068493151	0.4	0.283018867925	0.732339	-5.61009	-8.64321
A1034D_C	806	0.301369863014	0.4	0.264150943396	0.678907	-5.45487	-7.81541
K1040I_C	811	0.287671232877	0.4	0.245283018868	1.10485	-5.46353	-7.47598
A133M_A	821	0.337662337662	0.277777777778	0.345588235294	1.12073	2.18197	-26.6245
R1060I_C	829	0.287671232877	0.4	0.245283018868	1.17556	-4.52155	-6.43623
L89K_A	835	0.318181818182	0.277777777778	0.323529411765	-0.195298	2.3677	-25.1351
I39E_A	843	0.311688311688	0.277777777778	0.316176470588	0.366658	2.86572	-25.1111
M74I_A	858	0.311688311688	0.277777777778	0.316176470588	0.390236	2.01653	-24.0881
L8R_A	876	0.311688311688	0.277777777778	0.316176470588	0.465373	2.03326	-24.564
V25C_A	882	0.311688311688	0.277777777778	0.316176470588	0.705088	2.44036	-24.9653
K153N_A	894	0.305194805195	0.277777777778	0.308823529412	1.5041	3.71458	-25.7312
L87V_A	909	0.311688311688	0.277777777778	0.316176470588	0.53225	-0.581504	-25.5074
W1023P_C	926	0.27397260274	0.428571428571	0.211538461538	0.547758	-4.45895	-6.24748
N31A_A	938	0.311688311688	0.277777777778	0.316176470588	0.58409	-0.559091	-24.5789
I112M_A	956	0.298701298701	0.277777777778	0.301470588235	0.595495	0.629707	-24.9771
V152C_A	971	0.298701298701	0.277777777778	0.301470588235	0.589028	0.642471	-25.1027
Y1024S_C	977	0.301369863014	0.428571428571	0.25	-0.539702	-4.44843	-5.95498
W1042F_C	999	0.301369863014	0.4	0.264150943396	-0.774278	-4.59393	-6.60116
