name	count	identity	interface_identity	non_interface_identity	evolved_interaction	ancestral_interaction	stability
I45F_A	1	0.993506493506	1.0	0.992592592593	-10.4917	-10.5144	-22.5145
N1086F_C	9	0.945205479452	0.954545454545	0.941176470588	-10.7925	-10.8914	-8.66375
I107F_A	22	0.967532467532	1.0	0.962962962963	-10.5074	-10.0727	-24.6663
N52K_A	29	0.948051948052	1.0	0.940740740741	-10.1663	-10.4369	-24.9387
V148Q_A	36	0.941558441558	1.0	0.933333333333	-10.2365	-10.4893	-24.9742
K1040E_C	43	0.808219178082	0.818181818182	0.803921568627	-10.1423	-9.74264	-7.00207
C5N_A	50	0.922077922078	1.0	0.911111111111	-10.0996	-10.4419	-24.8968
K31L_A	58	0.902597402597	1.0	0.888888888889	-10.145	-10.4852	-27.0051
Y58N_A	63	0.876623376623	1.0	0.859259259259	-10.2363	-10.4808	-24.0588
D118N_A	74	0.863636363636	1.0	0.844444444444	-10.3055	-10.4945	-26.5644
D121N_A	82	0.837662337662	0.95	0.820895522388	-5.52562	-5.97752	-25.0512
D1061I_C	91	0.712328767123	0.809523809524	0.673076923077	-5.14918	-9.93169	-7.2061
D1085K_C	107	0.671232876712	0.714285714286	0.653846153846	-3.46618	-7.92376	-6.47131
G1057K_C	114	0.657534246575	0.727272727273	0.627450980392	-3.97678	-7.86783	-6.06605
C93W_A	123	0.792207792208	0.85	0.783582089552	-5.58702	-7.58793	-25.6305
N124W_A	132	0.766233766234	0.789473684211	0.762962962963	-4.94198	-6.82745	-24.8182
R111V_A	138	0.746753246753	0.736842105263	0.748148148148	-2.50934	-5.08505	-27.3559
R61P_A	144	0.727272727273	0.684210526316	0.733333333333	-0.371593	-2.61858	-24.7671
V22Y_A	154	0.727272727273	0.684210526316	0.733333333333	-1.29933	-5.28902	-24.5896
V113C_A	161	0.714285714286	0.684210526316	0.718518518519	-1.16933	-4.92637	-23.9504
P6A_A	168	0.707792207792	0.7	0.708955223881	-3.78257	-4.99611	-23.9815
R104E_A	178	0.707792207792	0.7	0.708955223881	-2.72848	-3.99704	-24.1449
R13I_A	188	0.688311688312	0.666666666667	0.691176470588	0.696829	-0.634105	-24.8658
Q1058N_C	200	0.561643835616	0.666666666667	0.519230769231	0.56261	-8.85417	-9.42515
S138W_A	215	0.668831168831	0.666666666667	0.669117647059	0.539247	-0.686937	-26.3089
P88Y_A	222	0.649350649351	0.611111111111	0.654411764706	0.664252	-0.468059	-25.7928
Q37D_A	229	0.642857142857	0.611111111111	0.647058823529	0.686555	-0.495284	-25.7758
D1087H_C	237	0.506849315068	0.55	0.490566037736	-0.300408	-5.35314	-5.17154
M1094Q_C	246	0.506849315068	0.6	0.471698113208	0.672374	-3.71846	-8.61901
E143R_A	256	0.616883116883	0.588235294118	0.620437956204	0.705048	-0.773564	-23.988
Q1094K_C	261	0.506849315068	0.55	0.490566037736	1.82822	-3.09141	-7.2659
Q116G_A	267	0.616883116883	0.588235294118	0.620437956204	2.21437	0.16704	-24.4841
L38I_A	275	0.584415584416	0.529411764706	0.591240875912	2.2724	0.293093	-24.1568
K1085F_C	286	0.506849315068	0.588235294118	0.482142857143	2.34506	-2.5909	-8.16184
Q1034T_C	294	0.493150684932	0.52380952381	0.480769230769	3.0501	-2.65722	-7.9871
K1038H_C	301	0.465753424658	0.52380952381	0.442307692308	3.02726	-1.78396	-5.39813
R1043D_C	314	0.465753424658	0.578947368421	0.425925925926	4.31861	-2.83281	-5.83641
E1035T_C	328	0.465753424658	0.578947368421	0.425925925926	4.34255	-2.82974	-5.93794
N44L_A	335	0.545454545455	0.5625	0.54347826087	4.14197	4.33302	-25.9688
F24L_A	340	0.532467532468	0.5	0.536231884058	4.1359	4.33123	-23.1401
R1067V_C	363	0.452054794521	0.526315789474	0.425925925926	4.79172	-3.68085	-7.97159
V1033C_C	376	0.438356164384	0.526315789474	0.407407407407	4.57441	-2.79272	-6.3263
Q121G_A	384	0.512987012987	0.375	0.528985507246	4.67268	4.83552	-24.0737
N145D_A	398	0.512987012987	0.411764705882	0.525547445255	4.50795	4.82286	-24.0144
N58M_A	409	0.512987012987	0.411764705882	0.525547445255	4.34598	4.82262	-26.3775
K18M_A	417	0.506493506494	0.333333333333	0.529411764706	4.09136	5.26195	-23.3931
K110F_A	428	0.487012987013	0.333333333333	0.507352941176	4.09506	5.29578	-23.1823
K153L_A	445	0.474025974026	0.333333333333	0.492647058824	4.16097	5.31722	-23.5439
E1086K_C	452	0.342465753425	0.444444444444	0.309090909091	3.76282	-2.53347	-6.37743
I1030K_C	460	0.342465753425	0.444444444444	0.309090909091	3.76275	-2.8256	-6.60217
G115S_A	466	0.474025974026	0.315789473684	0.496296296296	3.72975	4.31791	-23.1435
K7E_A	474	0.474025974026	0.315789473684	0.496296296296	3.677	4.36615	-23.3562
R1084E_C	487	0.356164383562	0.444444444444	0.327272727273	3.36646	-3.2651	-8.09696
E104D_A	493	0.467532467532	0.375	0.478260869565	3.36031	4.42168	-23.0976
R1075V_C	500	0.328767123288	0.444444444444	0.290909090909	3.35157	-3.26528	-6.61572
K66R_A	515	0.461038961039	0.375	0.471014492754	3.32313	4.71767	-22.7501
T30D_A	524	0.454545454545	0.375	0.463768115942	3.48617	5.2038	-24.5299
R139K_A	529	0.441558441558	0.375	0.449275362319	3.54951	5.20375	-23.5624
S11L_A	542	0.428571428571	0.375	0.434782608696	4.34677	5.38383	-24.7554
D25P_A	558	0.428571428571	0.333333333333	0.438848920863	1.51079	4.18999	-24.0966
S20A_A	567	0.428571428571	0.357142857143	0.435714285714	2.20575	3.99692	-24.8516
K1038D_C	573	0.301369863014	0.375	0.280701754386	1.64728	-3.33867	-9.71629
D1051S_C	583	0.315068493151	0.375	0.298245614035	1.66172	-3.36627	-9.56274
W142D_A	590	0.422077922078	0.333333333333	0.431654676259	1.66178	4.00008	-24.8626
L63D_A	603	0.422077922078	0.333333333333	0.431654676259	1.72596	4.05159	-25.2794
G116Q_A	613	0.402597402597	0.333333333333	0.410071942446	1.72536	4.03776	-24.5856
F107M_A	622	0.402597402597	0.333333333333	0.410071942446	2.71598	4.40776	-24.0633
A141S_A	630	0.396103896104	0.333333333333	0.402877697842	2.71602	4.40415	-24.1927
E7N_A	642	0.396103896104	0.333333333333	0.402877697842	2.69089	4.45623	-24.3965
K70A_A	648	0.396103896104	0.333333333333	0.402877697842	2.61558	4.48385	-24.4875
D30M_A	663	0.396103896104	0.333333333333	0.402877697842	2.14667	4.04242	-24.5359
Q117V_A	675	0.38961038961	0.333333333333	0.395683453237	0.87749	2.04106	-24.0379
I1079R_C	687	0.27397260274	0.291666666667	0.265306122449	0.85964	-2.08731	-8.4117
V52E_A	693	0.38961038961	0.333333333333	0.395683453237	1.04974	1.98381	-25.0529
F1064V_C	701	0.260273972603	0.291666666667	0.244897959184	1.05918	-2.26241	-5.75237
V148N_A	715	0.376623376623	0.333333333333	0.381294964029	0.762265	1.65756	-25.957
A70G_A	723	0.37012987013	0.333333333333	0.374100719424	0.760402	1.66047	-24.517
I1093S_C	736	0.232876712329	0.28	0.208333333333	0.966627	-2.09221	-6.54632
W36F_A	743	0.37012987013	0.357142857143	0.371428571429	0.207151	1.70602	-24.6125
Y1023A_C	749	0.246575342466	0.304347826087	0.22	0.19179	-0.325331	-9.1806
M1050I_C	757	0.246575342466	0.304347826087	0.22	0.0734775	-0.680898	-7.65962
N1075K_C	765	0.246575342466	0.304347826087	0.22	-0.00780662	-1.78244	-7.3561
N148M_A	780	0.37012987013	0.375	0.369565217391	0.255837	1.92145	-26.8524
M53I_A	786	0.363636363636	0.3125	0.369565217391	0.293298	2.11113	-25.0343
M150R_A	795	0.363636363636	0.375	0.36231884058	0.164681	1.89293	-26.6267
Y136I_A	800	0.363636363636	0.375	0.36231884058	0.63467	1.92756	-25.4701
L140W_A	812	0.350649350649	0.3125	0.355072463768	1.38582	1.97646	-25.3504
D1080E_C	821	0.219178082192	0.272727272727	0.196078431373	1.39087	-0.95674	-8.2688
A127Q_A	829	0.344155844156	0.3125	0.347826086957	1.39136	2.70441	-26.1594
Y1092M_C	835	0.219178082192	0.272727272727	0.196078431373	1.35119	-2.44698	-6.16727
V1036Y_C	847	0.191780821918	0.227272727273	0.176470588235	0.804371	-2.71125	-5.09992
N1051Y_C	860	0.191780821918	0.227272727273	0.176470588235	0.760546	-2.69715	-4.567
G1035Q_C	866	0.191780821918	0.272727272727	0.156862745098	-1.52365	-0.234737	-7.65741
V1088P_C	871	0.191780821918	0.238095238095	0.173076923077	0.667708	1.11375	-5.53308
A18H_A	881	0.337662337662	0.3125	0.340579710145	1.57057	-0.559049	-24.5889
T88S_A	889	0.337662337662	0.3125	0.340579710145	1.65023	-0.565493	-24.3161
K151T_A	896	0.337662337662	0.3125	0.340579710145	1.68566	-0.42949	-24.5648
G32Y_A	907	0.337662337662	0.3125	0.340579710145	1.98813	-0.590342	-26.2244
R1054V_C	915	0.191780821918	0.190476190476	0.192307692308	1.98793	3.61239	-6.51751
S141D_A	923	0.331168831169	0.3125	0.333333333333	2.20026	0.0467328	-28.1189
D141R_A	931	0.324675324675	0.294117647059	0.328467153285	1.71018	0.0353471	-26.0897
T70M_A	946	0.331168831169	0.294117647059	0.335766423358	1.71007	0.0350379	-25.0694
S88I_A	953	0.324675324675	0.263157894737	0.333333333333	1.27786	-0.604242	-25.3779
V100M_A	961	0.324675324675	0.263157894737	0.333333333333	1.28404	-0.616045	-25.0251
E156F_A	966	0.324675324675	0.263157894737	0.333333333333	1.03574	-0.499483	-24.1246
F1033M_C	977	0.164383561644	0.173913043478	0.16	1.00301	2.43737	-4.26156
L57K_A	984	0.324675324675	0.263157894737	0.333333333333	1.38363	-0.209248	-24.0855
L153C_A	995	0.324675324675	0.277777777778	0.330882352941	1.21762	-0.163303	-24.197
