name	count	identity	evolved_interaction	ancestral_interaction	stability
Q154A_A	1	0.993506493506	-10.4975	-10.5226	-25.3416
K1027N_C	7	0.958904109589	-9.67022	-9.75103	-8.60823
I1088L_C	13	0.917808219178	-9.88886	-9.20416	-8.61866
E1090S_C	18	0.904109589041	-6.44905	-5.40323	-8.11582
R1093T_C	24	0.876712328767	-6.7853	-5.85856	-7.51424
D1087Q_C	37	0.86301369863	-5.61552	-4.23268	-6.65409
K1054D_C	44	0.808219178082	-5.41173	-5.26287	-6.18518
D1061Q_C	54	0.767123287671	-5.35924	-4.59948	-8.25863
S35T_A	64	0.883116883117	-6.30968	-10.164	-24.6751
G44I_A	72	0.876623376623	-6.42561	-11.3434	-25.9793
Q151M_A	81	0.850649350649	-5.12124	-8.27027	-25.6696
E99F_A	94	0.831168831169	-5.17847	-8.21644	-25.7536
Y147K_A	112	0.818181818182	-2.47789	-3.82689	-24.6173
S156M_A	123	0.792207792208	-1.82755	-2.19297	-24.9512
T1043Q_C	133	0.630136986301	-1.91048	-5.67716	-7.68369
C5S_A	143	0.772727272727	-1.91539	-2.23206	-26.4097
E63V_A	158	0.74025974026	-1.82298	-2.95646	-24.7573
S1095R_C	164	0.630136986301	-2.33547	-6.15073	-6.01466
T1093D_C	183	0.616438356164	-2.39607	-4.12743	-6.29729
R139M_A	196	0.694805194805	-2.41595	-2.90722	-24.4868
A154M_A	210	0.688311688312	-2.44198	-2.92645	-25.8398
V148S_A	219	0.675324675325	-2.44197	-2.93096	-23.4573
F22E_A	228	0.662337662338	-0.498736	2.08398	-26.5388
S1062A_C	235	0.575342465753	-0.441273	-4.3616	-5.55369
N124D_A	250	0.642857142857	-1.18736	-1.22813	-25.0745
N140S_A	255	0.636363636364	-3.68455	-2.51037	-25.8986
L118S_A	270	0.616883116883	-3.79347	-2.74228	-23.3608
W1054S_C	288	0.520547945205	-3.66045	-6.34337	-6.43961
P71T_A	305	0.61038961039	-3.81772	-2.73001	-24.6131
C1041E_C	313	0.534246575342	-3.15915	-7.09846	-6.4766
R20N_A	323	0.590909090909	-4.16225	-0.437447	-23.3426
Q7C_A	332	0.571428571429	-4.17906	-0.791011	-22.3976
V1028I_C	349	0.506849315068	-4.12048	-7.15292	-6.10155
K1032F_C	356	0.493150684932	-2.16255	-4.89871	-6.91965
K1040G_C	363	0.465753424658	-1.72076	-4.1696	-6.22255
Q19S_A	380	0.538961038961	-2.07599	-1.13476	-25.2662
R29E_A	392	0.538961038961	-1.79678	-0.406245	-23.2608
Q146C_A	398	0.532467532468	-1.65166	-0.707134	-22.9805
F41M_A	406	0.532467532468	-1.80929	-1.04172	-23.7158
I1035T_C	411	0.424657534247	-1.61564	-6.36186	-5.8487
T63I_A	424	0.525974025974	-1.33617	0.204967	-25.534
Q146Y_A	433	0.519480519481	-0.0532322	0.511413	-23.1557
Y4Q_A	440	0.506493506494	-0.0518721	0.505775	-23.9969
M1082Y_C	449	0.397260273973	-0.0398821	-5.29954	-7.16325
S138D_A	455	0.487012987013	0.135199	0.911411	-24.4131
M1059L_C	461	0.383561643836	0.764964	-5.30555	-8.95425
K39F_A	470	0.474025974026	1.29602	0.609252	-24.9678
Y1034F_C	476	0.397260273973	1.39938	-3.00795	-8.02567
F1025Q_C	488	0.383561643836	1.43557	-2.89967	-6.03131
E67S_A	497	0.454545454545	1.45789	0.62787	-23.0438
I33Y_A	504	0.454545454545	1.52615	0.635583	-24.0052
H126E_A	526	0.448051948052	1.23832	0.634309	-22.6573
L102K_A	540	0.448051948052	1.23677	0.652349	-23.3821
L1081F_C	552	0.356164383562	0.348419	-3.13317	-6.02449
P70V_A	563	0.441558441558	0.372811	0.313668	-23.3922
A1062Y_C	579	0.369863013699	0.380571	-3.13295	-6.07985
W1042S_C	586	0.369863013699	0.306811	-3.14134	-5.91382
D1071Q_C	597	0.356164383562	0.223068	-3.27662	-6.22808
D138C_A	604	0.435064935065	0.212109	0.41478	-23.0509
N1043I_C	615	0.369863013699	0.199528	-3.28303	-6.04425
G1040E_C	620	0.369863013699	0.189846	-3.28274	-7.14773
H99F_A	626	0.422077922078	0.176686	0.0360045	-24.5104
I1089W_C	632	0.356164383562	0.24377	-3.60932	-6.59086
Q127C_A	640	0.422077922078	0.582927	3.03612	-24.9532
L114R_A	651	0.422077922078	0.5754	3.44091	-23.9652
M1074R_C	660	0.356164383562	0.812266	-4.27673	-6.96558
D1042F_C	672	0.342465753425	0.717502	-4.28027	-7.46084
I1043N_C	685	0.356164383562	1.01898	-4.13294	-6.45712
E1050R_C	699	0.342465753425	1.01841	-4.14665	-6.30102
P27R_A	712	0.396103896104	1.06952	2.78796	-27.4664
S118R_A	720	0.38961038961	1.22363	-1.06627	-23.5084
Y98R_A	732	0.376623376623	1.77782	-0.741774	-22.8774
W20A_A	744	0.37012987013	4.38468	1.80881	-29.7853
D1068K_C	753	0.328767123288	4.67494	0.432428	-8.50468
H132K_A	760	0.363636363636	2.383	0.936478	-25.9178
K102W_A	767	0.357142857143	2.4828	0.935423	-26.1314
M94T_A	779	0.344155844156	2.48217	0.936413	-22.9754
R118I_A	788	0.344155844156	2.49103	1.064	-22.6778
K1068N_C	813	0.315068493151	2.69743	-0.694325	-6.8027
I118Y_A	827	0.344155844156	1.44276	2.25626	-24.3363
Y1036N_C	844	0.301369863014	1.51895	-0.797129	-6.54769
S140D_A	852	0.344155844156	2.16843	2.64129	-24.6486
D1085K_C	862	0.287671232877	2.28415	-1.80843	-5.13369
M139S_A	871	0.344155844156	2.44806	2.7558	-25.8088
R114T_A	877	0.337662337662	2.24452	2.83255	-23.9387
D124C_A	893	0.331168831169	2.22178	2.74551	-23.9591
T1087G_C	908	0.287671232877	0.908705	-1.19099	-6.43533
Y1043N_C	921	0.287671232877	1.08523	-1.36046	-7.82663
L82K_A	931	0.324675324675	1.10616	3.08163	-25.7374
S30V_A	938	0.324675324675	1.54334	2.97507	-25.4633
K22M_A	943	0.324675324675	0.557082	1.44092	-25.743
M103F_A	950	0.324675324675	0.542853	0.813058	-25.2012
M1032H_C	956	0.246575342466	0.765657	-1.07308	-6.95912
T76H_A	963	0.324675324675	1.01359	0.876734	-24.9817
A152T_A	971	0.318181818182	0.959117	1.09133	-24.2502
Q1025E_C	983	0.246575342466	1.10615	-1.30618	-5.89801
W1034E_C	988	0.260273972603	0.973378	-1.45939	-6.54591
