name	count	identity	interface_identity	non_interface_identity	evolved_interaction	ancestral_interaction	stability
A129Y_A	1	0.993506493506	1.0	0.992592592593	-10.4946	-10.5197	-26.1049
A54I_A	10	0.967532467532	1.0	0.962962962963	-10.5087	-10.4953	-24.403
K48F_A	19	0.935064935065	0.947368421053	0.933333333333	-4.12602	-4.10253	-26.7972
L1063N_C	26	0.945205479452	1.0	0.921568627451	-3.75806	-10.1066	-7.56815
N141K_A	33	0.915584415584	0.9	0.917910447761	-2.47127	-0.871776	-27.718
D145H_A	38	0.896103896104	0.833333333333	0.904411764706	-1.7152	-1.51321	-28.3591
I91M_A	44	0.88961038961	0.833333333333	0.897058823529	-2.34297	-1.3422	-30.1809
K1041V_C	50	0.849315068493	0.789473684211	0.87037037037	-2.65503	-7.07514	-8.64131
M23F_A	55	0.87012987013	0.777777777778	0.882352941176	-2.90172	-1.89738	-25.9211
K76I_A	64	0.850649350649	0.722222222222	0.867647058824	-3.04183	-2.02976	-28.2572
W134H_A	70	0.831168831169	0.722222222222	0.845588235294	-3.05502	-1.95038	-26.0888
K147Q_A	79	0.798701298701	0.684210526316	0.814814814815	-3.24677	-1.62509	-24.0718
N52Y_A	87	0.779220779221	0.684210526316	0.792592592593	-3.21149	-1.62568	-25.5459
N124C_A	95	0.766233766234	0.684210526316	0.777777777778	-1.61225	-0.35605	-24.1821
P72C_A	105	0.74025974026	0.684210526316	0.748148148148	-1.60778	-0.320499	-23.8975
Y1023C_C	115	0.72602739726	0.789473684211	0.703703703704	-1.61504	-6.89498	-8.60305
S1032A_C	125	0.698630136986	0.736842105263	0.685185185185	-1.47991	-9.08342	-5.84531
W19T_A	134	0.733766233766	0.684210526316	0.740740740741	-2.19445	-0.801727	-23.8806
N1063V_C	146	0.698630136986	0.736842105263	0.685185185185	-2.19936	-9.11592	-10.2821
A1079I_C	153	0.698630136986	0.736842105263	0.685185185185	-2.19386	-9.09731	-10.7027
G115W_A	163	0.701298701299	0.714285714286	0.699248120301	-1.95865	-0.364202	-27.4925
K18H_A	169	0.675324675325	0.666666666667	0.676691729323	-3.13097	-1.17069	-26.97
A1051D_C	176	0.657534246575	0.736842105263	0.62962962963	-3.19332	-5.94754	-5.6558
Q150V_A	187	0.655844155844	0.666666666667	0.654135338346	-3.21291	-1.1437	-25.3905
T61N_A	198	0.62987012987	0.666666666667	0.624060150376	-3.55283	-1.41729	-24.4366
D37V_A	205	0.623376623377	0.666666666667	0.616541353383	-3.57042	-1.46268	-25.512
S1062C_C	220	0.616438356164	0.684210526316	0.592592592593	-3.62791	-5.71923	-5.67977
N1064M_C	226	0.602739726027	0.631578947368	0.592592592593	-5.72256	-7.75067	-9.69538
S136E_A	233	0.584415584416	0.611111111111	0.580882352941	-5.47739	-1.25067	-25.3162
T1047H_C	242	0.58904109589	0.631578947368	0.574074074074	-5.47704	-6.18965	-10.5121
E1059S_C	253	0.547945205479	0.631578947368	0.518518518519	-5.38097	-6.19218	-7.83623
S93A_A	261	0.577922077922	0.611111111111	0.573529411765	-5.38125	-1.2095	-23.6426
A1046G_C	278	0.561643835616	0.631578947368	0.537037037037	-6.02591	-7.30871	-6.97787
E105H_A	286	0.564935064935	0.555555555556	0.566176470588	-5.79899	-1.37795	-23.6533
V1047Q_C	304	0.547945205479	0.631578947368	0.518518518519	-5.82967	-7.51606	-7.11163
A138M_A	330	0.564935064935	0.555555555556	0.566176470588	-5.83301	-1.48504	-24.4059
S89K_A	337	0.551948051948	0.555555555556	0.551470588235	-5.78806	-1.41803	-25.1088
T1042L_C	349	0.520547945205	0.631578947368	0.481481481481	-5.88232	-7.48647	-7.69065
K1059F_C	359	0.520547945205	0.578947368421	0.5	-4.92517	-6.45563	-7.95847
Q33M_A	367	0.551948051948	0.529411764706	0.554744525547	-4.35843	-1.36895	-24.5146
Q11F_A	383	0.545454545455	0.5	0.551470588235	-4.35894	-1.30828	-25.0681
C5M_A	391	0.538961038961	0.5	0.544776119403	-4.35642	-1.36207	-29.185
Y129R_A	396	0.538961038961	0.52380952381	0.541353383459	-6.27234	-3.55143	-23.5672
Q1062R_C	418	0.452054794521	0.444444444444	0.454545454545	-7.81189	-3.29263	-6.64061
C54S_A	428	0.519480519481	0.555555555556	0.514705882353	-7.43939	-1.94243	-26.653
A149S_A	434	0.506493506494	0.5	0.507352941176	-7.04651	0.983427	-24.6752
C1053W_C	446	0.452054794521	0.444444444444	0.454545454545	-6.43656	-3.22443	-6.17208
D1075K_C	455	0.452054794521	0.473684210526	0.444444444444	-7.59766	-3.18827	-7.64064
W1094A_C	460	0.452054794521	0.473684210526	0.444444444444	-7.57329	-3.16756	-7.32401
K40T_A	471	0.487012987013	0.5	0.485294117647	-7.58365	-2.27571	-24.6907
V75L_A	479	0.474025974026	0.5	0.470588235294	-7.56213	-2.27449	-24.847
Y145E_A	498	0.461038961039	0.5	0.455882352941	-6.67271	-6.26508	-24.9016
K1054E_C	503	0.438356164384	0.473684210526	0.425925925926	-6.54396	-3.01995	-6.02468
F22W_A	512	0.454545454545	0.4375	0.45652173913	-6.58006	-2.97942	-24.3009
K1075F_C	527	0.452054794521	0.473684210526	0.444444444444	-6.63774	-3.26906	-5.91202
E19W_A	548	0.461038961039	0.4375	0.463768115942	-6.19943	-5.21988	-24.4014
N1045S_C	559	0.452054794521	0.473684210526	0.444444444444	-6.14134	-3.16147	-5.9309
R135M_A	564	0.448051948052	0.4375	0.449275362319	-5.64068	-5.2144	-26.0653
Y106V_A	576	0.441558441558	0.375	0.449275362319	-5.39037	-4.97013	-25.106
M143Q_A	600	0.435064935065	0.375	0.442028985507	-5.47054	-3.89945	-25.086
R1093N_C	607	0.424657534247	0.473684210526	0.407407407407	-5.58549	-1.94181	-6.24642
M36Q_A	623	0.415584415584	0.352941176471	0.423357664234	-5.62306	-3.78851	-24.3507
C1067L_C	634	0.41095890411	0.473684210526	0.388888888889	-5.59045	-1.89613	-9.79775
I30H_A	639	0.402597402597	0.3125	0.413043478261	-5.12712	-3.75789	-26.1305
M98W_A	653	0.402597402597	0.3125	0.413043478261	-5.16492	-3.76372	-24.1276
V32Q_A	667	0.38961038961	0.3125	0.398550724638	-5.35837	-3.74201	-24.2495
C124Y_A	678	0.396103896104	0.3125	0.405797101449	-4.85627	-2.80446	-24.9218
F14M_A	685	0.396103896104	0.3125	0.405797101449	-4.14844	-0.481001	-25.7709
L78F_A	695	0.396103896104	0.3125	0.405797101449	-4.20539	-0.431585	-27.5855
M1064F_C	703	0.383561643836	0.47619047619	0.346153846154	-3.06065	-1.28584	-6.08503
S1034M_C	712	0.383561643836	0.47619047619	0.346153846154	-3.08999	0.735003	-8.44116
C1023P_C	718	0.383561643836	0.47619047619	0.346153846154	-3.13882	0.747884	-6.87868
V1036M_C	724	0.383561643836	0.47619047619	0.346153846154	-3.15034	0.180075	-7.44578
V1063M_C	736	0.356164383562	0.380952380952	0.346153846154	-3.51947	-1.44703	-5.98163
F64I_A	751	0.376623376623	0.25	0.391304347826	-3.78836	1.71063	-24.2919
S1029A_C	759	0.356164383562	0.333333333333	0.365384615385	-4.67002	-1.46779	-5.89606
Q1088P_C	768	0.328767123288	0.285714285714	0.346153846154	-2.1073	1.39753	-6.8397
Y140L_A	777	0.363636363636	0.1875	0.384057971014	-2.99617	-0.328905	-24.6643
H30T_A	786	0.363636363636	0.1875	0.384057971014	-1.48133	-0.469913	-23.7427
M10K_A	812	0.363636363636	0.1875	0.384057971014	-1.49072	-0.851053	-23.5749
E121P_A	830	0.363636363636	0.1875	0.384057971014	-1.55775	-0.86542	-25.4617
T31Y_A	840	0.357142857143	0.1875	0.376811594203	-1.51944	-0.869405	-25.9219
P1041M_C	846	0.27397260274	0.217391304348	0.3	-1.66952	1.78501	-6.06398
H127A_A	861	0.350649350649	0.1875	0.369565217391	-1.82008	-0.721936	-25.2513
M1036C_C	870	0.27397260274	0.217391304348	0.3	-1.38488	1.04674	-4.53989
V1051T_C	883	0.27397260274	0.217391304348	0.3	-1.40341	1.11658	-4.90257
M14I_A	894	0.350649350649	0.2	0.36690647482	-1.48925	-1.35866	-26.2394
E49N_A	901	0.344155844156	0.2	0.359712230216	-1.5382	-1.56992	-25.2131
L1089M_C	908	0.27397260274	0.217391304348	0.3	-1.52518	1.14329	-4.22948
Y79C_A	932	0.344155844156	0.2	0.359712230216	-1.24004	-1.51913	-23.9491
L1066Y_C	949	0.246575342466	0.173913043478	0.28	-0.761969	1.32876	-5.61088
I105A_A	956	0.344155844156	0.2	0.359712230216	-0.649629	-1.87959	-25.605
S76F_A	962	0.337662337662	0.2	0.352517985612	-0.75314	-1.8573	-23.7541
W154L_A	972	0.337662337662	0.1875	0.355072463768	-0.760215	-1.75528	-23.714
L52I_A	978	0.337662337662	0.1875	0.355072463768	-0.7597	-1.75812	-24.9675
M91A_A	994	0.337662337662	0.1875	0.355072463768	-0.652563	-1.75879	-24.284
