name	count	identity	interface_identity	non_interface_identity	evolved_interaction	ancestral_interaction	stability
L1066W_C	1	0.986301369863	1.0	0.980392156863	-10.5775	-10.4701	-5.19808
E131P_A	13	0.974025974026	1.0	0.970149253731	-9.34289	-10.8294	-25.121
G34I_A	20	0.948051948052	0.95	0.94776119403	-4.70501	-6.09874	-24.7064
M1049H_C	30	0.917808219178	0.95	0.905660377358	-4.59316	-7.68031	-12.158
Q154V_A	37	0.922077922078	0.947368421053	0.918518518519	-4.53355	-5.96721	-24.3015
L114N_A	43	0.902597402597	0.947368421053	0.896296296296	-4.52424	-5.94414	-25.72
A1051E_C	51	0.849315068493	0.9	0.830188679245	-4.67977	-7.76674	-8.63272
A1074T_C	57	0.835616438356	0.826086956522	0.84	-1.68981	-7.76411	-10.2153
Q1073H_C	63	0.808219178082	0.826086956522	0.8	-1.99348	-7.76462	-7.73567
S1032T_C	76	0.767123287671	0.772727272727	0.764705882353	-2.21506	-6.57656	-7.66012
M1058N_C	83	0.767123287671	0.761904761905	0.769230769231	-3.1191	-5.55961	-7.75613
D145M_A	93	0.805194805195	0.894736842105	0.792592592593	-3.08977	-4.32119	-25.0701
W1066Y_C	102	0.753424657534	0.761904761905	0.75	-2.46325	-5.37625	-8.99901
K1040A_C	110	0.712328767123	0.714285714286	0.711538461538	-2.45854	-5.39769	-6.65768
V154K_A	117	0.772727272727	0.875	0.760869565217	-2.46272	-4.27617	-30.8425
F1036T_C	122	0.698630136986	0.714285714286	0.692307692308	-2.22797	-6.34929	-6.59263
Y82L_A	128	0.746753246753	0.875	0.731884057971	-2.27052	-4.63493	-27.3142
R104I_A	135	0.727272727273	0.875	0.710144927536	-2.22238	-4.47309	-27.6687
R122L_A	144	0.701298701299	0.875	0.68115942029	-1.74524	-3.90852	-24.0049
E1094A_C	156	0.684931506849	0.727272727273	0.666666666667	-1.75839	-6.36686	-8.4382
M1060K_C	164	0.671232876712	0.727272727273	0.647058823529	-1.75627	-6.32607	-8.10582
K147W_A	179	0.662337662338	0.875	0.63768115942	-1.77278	-4.01866	-24.5435
I1039K_C	191	0.630136986301	0.636363636364	0.627450980392	-0.873695	-5.37981	-6.62737
E1091R_C	203	0.58904109589	0.590909090909	0.588235294118	-0.500988	-5.05395	-9.38968
Q1088N_C	208	0.58904109589	0.590909090909	0.588235294118	-0.278272	-4.93506	-8.62917
L38Y_A	219	0.62987012987	0.875	0.601449275362	-1.21419	-4.07517	-23.7771
K146L_A	234	0.623376623377	0.875	0.594202898551	-2.04346	-4.11033	-24.6732
T91C_A	247	0.603896103896	0.8125	0.579710144928	-1.74872	-3.87259	-27.202
Q1056N_C	254	0.561643835616	0.545454545455	0.56862745098	-1.96436	-4.99985	-8.52389
C54M_A	261	0.571428571429	0.8125	0.54347826087	-2.02916	-3.64981	-24.1986
K31G_A	269	0.551948051948	0.8125	0.521739130435	-2.06911	-3.90955	-23.9225
T1042A_C	280	0.534246575342	0.545454545455	0.529411764706	-2.00111	-5.18277	-8.19395
H1023C_C	290	0.506849315068	0.5	0.509803921569	-2.7755	-6.36587	-9.9324
G31Y_A	302	0.545454545455	0.75	0.521739130435	-2.56689	-3.15131	-24.576
Y31F_A	309	0.545454545455	0.75	0.521739130435	-2.55494	-3.15252	-23.8781
S138N_A	318	0.538961038961	0.75	0.514492753623	-2.56478	-3.15252	-24.0921
E1050N_C	325	0.452054794521	0.454545454545	0.450980392157	-2.56437	-6.45398	-9.32619
Y153W_A	337	0.532467532468	0.75	0.507246376812	-1.70688	-3.32879	-24.2964
P87Q_A	342	0.506493506494	0.75	0.478260869565	-1.70794	-3.37411	-24.4914
I107R_A	351	0.506493506494	0.75	0.478260869565	-1.68609	-3.32236	-24.2597
E11Q_A	358	0.487012987013	0.75	0.45652173913	-1.68932	-3.16162	-26.1162
K71E_A	367	0.487012987013	0.777777777778	0.448529411765	-2.8904	-3.98822	-25.1932
D35A_A	374	0.480519480519	0.75	0.449275362319	-2.88798	-4.15616	-24.7385
S136F_A	384	0.480519480519	0.75	0.449275362319	-2.88688	-4.16996	-25.5214
H149L_A	392	0.480519480519	0.75	0.449275362319	-3.2942	-4.31031	-26.9164
F89V_A	401	0.461038961039	0.705882352941	0.430656934307	-3.84226	-4.33083	-24.956
D118R_A	416	0.461038961039	0.75	0.427536231884	-3.84408	-4.41001	-24.6282
N1050Y_C	424	0.41095890411	0.454545454545	0.392156862745	-3.79792	-5.92688	-8.45008
V155A_A	431	0.441558441558	0.75	0.405797101449	-3.78334	-3.85674	-24.285
P59H_A	441	0.435064935065	0.75	0.398550724638	-3.86258	-4.06745	-24.9107
E14W_A	452	0.428571428571	0.75	0.391304347826	-4.06975	-4.2223	-27.4222
M110K_A	461	0.435064935065	0.75	0.398550724638	-4.10801	-3.84544	-25.7104
N1094Q_C	468	0.369863013699	0.454545454545	0.333333333333	-3.77488	-5.91743	-7.65677
K1056C_C	476	0.369863013699	0.454545454545	0.333333333333	-3.37996	-5.81334	-6.97153
Q87F_A	482	0.422077922078	0.625	0.398550724638	-3.35711	-3.15314	-24.7798
S1084K_C	494	0.369863013699	0.454545454545	0.333333333333	-2.32057	-5.35197	-6.07477
I1035Q_C	500	0.342465753425	0.391304347826	0.32	-2.26205	-2.88663	-6.78674
Q1094F_C	509	0.342465753425	0.434782608696	0.3	-2.37417	-3.1842	-6.77703
T49K_A	520	0.396103896104	0.470588235294	0.386861313869	-2.27013	-3.29678	-24.7075
I60T_A	525	0.38961038961	0.421052631579	0.385185185185	-2.17167	-3.18745	-23.2639
F1046K_C	539	0.356164383562	0.458333333333	0.30612244898	-3.06777	-3.72587	-6.1755
H83M_A	547	0.357142857143	0.421052631579	0.348148148148	-4.47616	-3.34468	-24.9567
C1087L_C	557	0.342465753425	0.36	0.333333333333	-2.89809	-4.5709	-7.42394
Q1076A_C	564	0.328767123288	0.384615384615	0.297872340426	-2.43215	-3.93645	-6.12372
W1073G_C	572	0.328767123288	0.384615384615	0.297872340426	-2.23177	-3.96306	-6.53274
Y135T_A	595	0.337662337662	0.333333333333	0.338235294118	-2.38596	-2.27613	-24.195
C1023F_C	607	0.328767123288	0.416666666667	0.285714285714	-3.56967	-4.32461	-7.83461
R109C_A	616	0.337662337662	0.333333333333	0.338235294118	-3.84465	-4.97585	-25.4485
R118H_A	622	0.331168831169	0.333333333333	0.330882352941	-3.85427	-4.9894	-23.9989
E71S_A	636	0.324675324675	0.333333333333	0.323529411765	-3.83865	-5.08192	-23.1787
A127Y_A	653	0.324675324675	0.333333333333	0.323529411765	-3.95038	-5.03947	-24.2045
M1083I_C	669	0.287671232877	0.409090909091	0.235294117647	-4.18772	-4.59958	-6.82247
M54W_A	689	0.331168831169	0.333333333333	0.330882352941	-4.1966	-5.19626	-24.5863
W29V_A	698	0.344155844156	0.352941176471	0.343065693431	-4.33633	-5.22706	-25.6139
K139D_A	714	0.337662337662	0.352941176471	0.335766423358	-4.71842	-4.9735	-24.7556
C33S_A	724	0.337662337662	0.352941176471	0.335766423358	-5.36564	-4.93167	-24.1785
S3R_A	739	0.331168831169	0.352941176471	0.328467153285	-5.36998	-5.06038	-24.7981
N126A_A	753	0.311688311688	0.352941176471	0.306569343066	-5.1817	-4.81573	-23.9464
R8I_A	766	0.305194805195	0.352941176471	0.299270072993	-5.31285	-4.87158	-23.6186
R57Q_A	776	0.305194805195	0.352941176471	0.299270072993	-5.68179	-3.92724	-23.4384
W54E_A	795	0.305194805195	0.352941176471	0.299270072993	-5.59984	-3.80371	-23.7952
A35N_A	819	0.305194805195	0.352941176471	0.299270072993	-5.5999	-3.8156	-23.9993
C5V_A	842	0.292207792208	0.352941176471	0.284671532847	-5.62825	-3.8768	-24.4959
E1055F_C	851	0.246575342466	0.380952380952	0.192307692308	-5.82819	-5.27364	-6.73332
L146K_A	863	0.305194805195	0.352941176471	0.299270072993	-5.83497	-3.69144	-25.0427
K110R_A	871	0.298701298701	0.375	0.289855072464	-6.99474	-4.69746	-24.1592
G1043W_C	885	0.246575342466	0.380952380952	0.192307692308	-7.0229	-5.29632	-9.00594
H20S_A	893	0.292207792208	0.333333333333	0.287769784173	-5.93065	-2.33601	-26.1582
D12L_A	901	0.298701298701	0.333333333333	0.294964028777	-5.80216	-2.02516	-27.133
G1070V_C	908	0.246575342466	0.380952380952	0.192307692308	-5.70242	-5.77183	-8.571
M143T_A	917	0.292207792208	0.333333333333	0.287769784173	-4.72216	-2.04761	-24.415
W1043L_C	935	0.246575342466	0.380952380952	0.192307692308	-5.13141	-1.64445	-7.54558
S1049M_C	942	0.260273972603	0.380952380952	0.211538461538	-5.72416	-1.79685	-12.5394
Q117T_A	948	0.279220779221	0.294117647059	0.277372262774	-5.74183	-2.8957	-24.5233
D1032N_C	958	0.260273972603	0.380952380952	0.211538461538	-5.76304	-4.10938	-9.21874
M1058I_C	967	0.260273972603	0.380952380952	0.211538461538	-5.76649	-4.10938	-8.11876
L142H_A	973	0.285714285714	0.294117647059	0.284671532847	-5.78232	-2.19268	-24.9464
V5T_A	994	0.285714285714	0.266666666667	0.287769784173	-7.8809	-2.62283	-24.2293
