name	count	identity	evolved_interaction	ancestral_interaction	stability
Q1073L_C	1	0.986301369863	-10.4943	-10.3788	-8.78342
D1075I_C	8	0.972602739726	-10.4904	-10.3862	-9.11688
N98L_A	13	0.948051948052	-10.2679	-10.253	-26.6043
C93E_A	19	0.922077922078	-10.1112	-10.1063	-26.2563
P125K_A	27	0.902597402597	-8.53811	-9.49742	-23.4223
K15R_A	35	0.883116883117	-9.00113	-8.86886	-23.222
D37I_A	41	0.876623376623	-9.71508	-9.90078	-27.1888
C23M_A	48	0.863636363636	-11.0484	-10.032	-28.0072
K1054N_C	53	0.808219178082	-11.0307	-8.78692	-6.4977
S3G_A	61	0.824675324675	-11.0123	-9.84779	-25.57
K27C_A	69	0.798701298701	-10.308	-9.23609	-25.8484
R17M_A	81	0.779220779221	-6.9089	-6.07311	-26.292
N66C_A	89	0.746753246753	-6.98931	-5.98979	-24.9083
R1064K_C	100	0.72602739726	-6.16242	-7.33025	-6.80978
T1092M_C	120	0.698630136986	-6.73381	-8.72786	-6.40492
V49E_A	136	0.733766233766	-6.49827	-5.52998	-25.1599
S126K_A	147	0.720779220779	-6.26094	-5.55647	-24.9774
E1090K_C	158	0.630136986301	-6.20816	-6.43657	-6.55795
E42I_A	175	0.681818181818	-3.63321	-2.58093	-24.6559
K74Y_A	184	0.662337662338	-3.66888	-1.80304	-25.3424
P1042Q_C	190	0.602739726027	-4.25305	-6.54427	-6.35134
D100G_A	201	0.642857142857	-3.86575	-2.70736	-25.069
A1091I_C	209	0.575342465753	-3.90328	-5.65695	-6.98247
T1077I_C	221	0.547945205479	-3.90397	-5.80575	-5.71848
A129K_A	237	0.603896103896	-3.33397	-1.82457	-24.592
D87A_A	247	0.603896103896	-1.98209	0.831135	-26.1305
T148M_A	254	0.590909090909	-1.37302	0.512608	-25.3053
I1077V_C	263	0.506849315068	-1.30681	-5.14737	-5.63579
K115D_A	279	0.558441558442	-1.3804	1.22372	-24.1686
A3L_A	293	0.558441558442	-0.926283	1.54775	-24.0181
E13K_A	303	0.551948051948	-2.65874	-0.847803	-25.2122
L7A_A	318	0.545454545455	-2.5442	-0.81955	-24.7168
Q1095C_C	323	0.465753424658	-2.05985	-3.80078	-9.63497
N124M_A	330	0.532467532468	-2.43828	0.308562	-24.5141
D1068H_C	348	0.438356164384	-3.5692	-3.95613	-8.36605
C66W_A	360	0.525974025974	-3.58059	0.513095	-23.795
M94K_A	372	0.506493506494	-3.69689	0.416526	-23.4294
Q130E_A	388	0.5	-3.88455	1.39743	-25.761
K13V_A	396	0.5	-3.77589	1.53299	-26.0758
W89L_A	408	0.493506493506	-3.81444	1.51387	-25.0433
S140R_A	416	0.493506493506	-1.7585	0.40498	-26.1223
H20M_A	423	0.487012987013	-2.40644	1.12094	-24.2971
E143W_A	439	0.467532467532	-1.10899	1.4822	-24.8496
Y25I_A	448	0.461038961039	3.66728	6.14651	-24.9345
R1074A_C	458	0.369863013699	3.63534	-1.56117	-6.91565
G1057K_C	466	0.356164383562	4.78579	-1.57624	-6.14789
S1042W_C	476	0.356164383562	5.22339	-1.58734	-6.31235
I45V_A	491	0.441558441558	3.66766	5.53887	-23.252
H1084I_C	516	0.328767123288	3.05748	1.29668	-4.95808
K48C_A	533	0.422077922078	3.43299	5.94151	-23.4062
H83L_A	547	0.422077922078	3.33502	6.03941	-26.3997
L1075C_C	553	0.301369863014	2.53723	-1.58809	-6.37309
W30I_A	565	0.415584415584	2.76482	6.28717	-24.9006
L38M_A	578	0.409090909091	2.64713	6.28414	-24.0821
M91F_A	597	0.409090909091	2.66395	6.61286	-24.4971
M17R_A	608	0.415584415584	2.81979	4.60766	-24.0155
E1042N_C	618	0.287671232877	1.23935	-1.86447	-8.74988
L1043T_C	626	0.287671232877	1.03498	-0.89796	-6.30366
K12Y_A	650	0.402597402597	1.50659	4.6967	-26.7328
I92K_A	657	0.38961038961	1.49675	4.67508	-23.9327
M114Y_A	668	0.383116883117	1.30926	4.91084	-24.9364
V57F_A	677	0.37012987013	1.06242	4.67089	-25.855
A87Y_A	684	0.376623376623	1.07273	4.69002	-24.1883
E1093H_C	691	0.27397260274	0.935485	-1.25251	-5.54807
I7S_A	705	0.363636363636	0.928566	4.69896	-24.0332
E1094G_C	717	0.260273972603	0.9249	-0.609932	-6.30167
A129E_A	730	0.350649350649	0.961935	4.51881	-24.4863
K1064I_C	738	0.260273972603	1.09094	-0.575573	-5.88904
R1046A_C	752	0.232876712329	1.08504	-0.778539	-5.46413
R135T_A	765	0.337662337662	1.0761	4.48764	-25.1241
M33N_A	775	0.324675324675	0.810316	4.59534	-24.1783
V136Y_A	786	0.324675324675	0.834296	4.58359	-25.2001
I1088V_C	802	0.219178082192	0.633454	-1.08217	-5.72055
M126R_A	811	0.318181818182	0.652027	4.58362	-25.2863
Q1062W_C	821	0.191780821918	1.19535	-1.31036	-10.0802
Y142W_A	828	0.318181818182	1.23839	4.42222	-24.5298
G1064A_C	834	0.191780821918	1.246	-1.2711	-7.15172
C1047W_C	855	0.191780821918	1.28221	-1.24301	-5.60738
L97F_A	867	0.305194805195	-0.332811	6.30712	-24.4508
H1095Y_C	880	0.191780821918	-0.035687	0.599943	-8.31997
S63K_A	899	0.298701298701	1.00577	6.32155	-27.2073
C141D_A	911	0.292207792208	1.11305	6.28578	-25.7073
P48L_A	935	0.292207792208	1.08205	6.23396	-24.1614
W124L_A	946	0.285714285714	1.02949	6.2559	-26.3019
F1090I_C	954	0.191780821918	1.81233	0.723761	-7.21389
W1070T_C	968	0.191780821918	1.9598	1.08456	-7.56194
Y33L_A	990	0.272727272727	1.98278	5.90939	-26.1224
E1061Y_C	998	0.178082191781	1.98278	0.885157	-7.68381
