name	count	identity	evolved_interaction	ancestral_interaction	stability
E1050I_C	1	0.986301369863	-10.4799	-10.5095	-8.7791
D100W_A	6	0.980519480519	-10.5067	-10.515	-25.6489
M1060L_C	18	0.917808219178	-11.9018	-11.3836	-10.061
F22L_A	36	0.941558441558	-10.6651	-9.74179	-24.7712
C93G_A	47	0.922077922078	-10.7869	-9.8938	-26.0856
S122A_A	53	0.896103896104	-11.7432	-10.6255	-25.6873
F59P_A	58	0.883116883117	-11.7642	-10.5484	-27.4879
G44W_A	63	0.87012987013	-10.6501	-11.3036	-25.4125
S136N_A	68	0.844155844156	-10.7384	-11.8361	-26.3916
A29I_A	73	0.837662337662	-10.7194	-11.9635	-28.0988
K15W_A	80	0.818181818182	-10.0814	-12.3972	-22.8273
R13L_A	88	0.805194805195	-6.74715	-9.17949	-26.9603
D19L_A	109	0.772727272727	-7.33901	-9.2735	-23.9385
E67F_A	114	0.75974025974	-7.3898	-9.26397	-28.524
A154G_A	119	0.74025974026	-7.47828	-9.2753	-24.2953
E131V_A	129	0.720779220779	-7.98565	-9.31049	-24.2885
S139M_A	143	0.714285714286	-7.99722	-9.20795	-24.3397
A26S_A	154	0.701298701299	-6.05415	-6.93901	-24.1172
N1025E_C	161	0.657534246575	-6.64342	-6.94188	-7.94642
Y1043D_C	168	0.643835616438	-6.6651	-6.76973	-7.68775
K8Y_A	184	0.688311688312	-3.56594	-7.69277	-23.3895
V128E_A	205	0.688311688312	-3.10749	-7.55126	-24.6482
T1042R_C	214	0.561643835616	-3.0687	-5.66778	-10.4128
D121G_A	220	0.675324675325	-3.06828	-7.54594	-26.5376
C1034E_C	225	0.561643835616	-2.99157	-5.52186	-9.33946
M7W_A	234	0.662337662338	-2.59499	-8.06841	-22.8571
D1032A_C	240	0.561643835616	-2.58493	-5.3407	-9.45434
D131P_A	250	0.649350649351	-1.92269	-6.95757	-25.3829
D102Q_A	261	0.636363636364	-1.92733	-6.94384	-28.3394
S35M_A	266	0.623376623377	-1.9552	-7.09224	-29.6448
N22H_A	273	0.603896103896	-1.37161	-7.38843	-23.4557
E1079W_C	285	0.520547945205	-1.2448	-4.50116	-7.36149
A54L_A	293	0.590909090909	-1.02187	-5.31526	-24.4982
D1061L_C	302	0.479452054795	-0.911092	-4.16132	-7.73284
K27G_A	309	0.571428571429	-1.16421	-6.20595	-24.178
Q101E_A	318	0.564935064935	-1.19416	-6.02625	-23.6533
K1041E_C	325	0.438356164384	-1.13061	-2.14301	-6.13333
T61I_A	336	0.545454545455	-1.13732	-6.16083	-25.4655
K91S_A	345	0.538961038961	-2.26666	-6.29618	-24.0742
K153W_A	352	0.519480519481	-2.15514	-5.6777	-24.5251
Y87I_A	361	0.5	-1.9301	-5.76827	-23.8354
A1023W_C	368	0.41095890411	-1.97306	-2.06492	-8.62426
W1032L_C	381	0.41095890411	-1.34596	-1.92573	-9.88764
Q133P_A	387	0.474025974026	-1.34534	-5.8689	-27.18
E36D_A	392	0.474025974026	-1.32411	-6.30545	-24.6522
K147V_A	401	0.461038961039	-0.279123	-2.52878	-27.2448
Q1073N_C	410	0.369863013699	-0.624315	-2.07365	-6.80652
E63M_A	426	0.454545454545	-0.898135	-2.50528	-24.2215
E95P_A	435	0.454545454545	-0.570315	-2.49181	-27.0375
F1095K_C	443	0.356164383562	-0.944857	-2.3176	-8.5658
S3R_A	454	0.435064935065	-0.947439	-2.10829	-23.9392
E1088I_C	468	0.342465753425	-1.07599	-3.44546	-8.12678
Q1080S_C	483	0.328767123288	-0.811023	-2.48101	-9.46706
L1063V_C	491	0.315068493151	-0.845971	-2.4701	-6.81645
M1035D_C	499	0.301369863014	-0.924441	-2.30793	-6.70242
L89Q_A	515	0.428571428571	-0.989189	-2.14927	-23.8192
D36K_A	523	0.428571428571	-1.41352	-3.00821	-27.7327
A79W_A	531	0.422077922078	-1.4329	-3.0677	-24.8117
T1062C_C	547	0.301369863014	-1.35478	-2.04929	-8.00456
P87D_A	560	0.435064935065	-1.35502	-3.21534	-24.4339
I1066V_C	567	0.315068493151	-2.08436	-2.37378	-7.50086
R3A_A	580	0.435064935065	-2.16979	-2.29846	-24.1972
Q149T_A	594	0.435064935065	-1.93808	-2.41561	-23.8436
F131K_A	604	0.435064935065	-2.47409	-2.46737	-24.5414
N1042V_C	616	0.287671232877	-2.37583	-0.930253	-5.55303
A1054M_C	625	0.287671232877	-0.00379249	-0.896463	-6.18642
V1090Q_C	633	0.287671232877	0.755776	-2.04436	-7.58107
I1024T_C	642	0.27397260274	0.692538	-1.50207	-5.1307
H1050F_C	650	0.27397260274	0.845854	-1.73652	-8.07502
Y39K_A	657	0.415584415584	0.910378	-0.146175	-25.0757
T1055S_C	663	0.287671232877	0.901009	-1.98036	-5.06568
R98Q_A	670	0.415584415584	0.764829	-0.161757	-24.3486
D1043A_C	680	0.27397260274	0.674869	0.0600931	-7.16386
Q1090M_C	688	0.27397260274	1.07768	1.44402	-8.60506
W7V_A	696	0.415584415584	1.02153	0.382312	-26.2059
T149A_A	710	0.415584415584	-0.434094	-0.0525379	-24.6983
M150R_A	719	0.422077922078	-0.00804558	-0.837861	-24.6138
A3R_A	731	0.415584415584	0.0130283	-0.808249	-24.4194
F33I_A	742	0.415584415584	0.0126609	-0.816783	-26.7378
L1036C_C	749	0.27397260274	0.0322247	-3.239	-6.90461
T1058V_C	764	0.27397260274	0.533075	-3.34554	-6.79708
G49L_A	772	0.415584415584	0.450698	-0.848774	-25.2799
I33Q_A	778	0.415584415584	0.414602	-0.847171	-24.8392
H1061K_C	783	0.260273972603	0.444011	-2.58352	-9.50455
P36E_A	789	0.409090909091	0.397472	-0.933854	-27.4063
S1029D_C	797	0.246575342466	1.89649	-2.34804	-6.18718
F15W_A	805	0.396103896104	1.44305	1.34937	-24.4478
L1074F_C	824	0.246575342466	1.44476	-1.82485	-5.98549
Q31D_A	843	0.396103896104	1.45198	1.38484	-24.2724
Y1067Q_C	855	0.232876712329	1.4778	-1.61831	-6.00219
S127V_A	861	0.402597402597	0.12839	0.822315	-24.8493
Q89G_A	875	0.402597402597	0.128589	0.821408	-24.4384
S70Y_A	884	0.396103896104	-0.40065	0.736025	-24.064
Y1079E_C	897	0.219178082192	-0.272798	-0.7607	-6.72821
M63I_A	906	0.396103896104	-0.249329	0.686302	-24.6994
V7K_A	914	0.396103896104	-0.290063	0.652346	-24.0716
W65D_A	924	0.396103896104	-0.360017	0.474986	-26.1296
A3L_A	930	0.38961038961	-0.326849	0.582373	-24.6202
Q139A_A	936	0.38961038961	-1.33627	-0.744659	-25.1815
Q35F_A	947	0.383116883117	-1.88956	-0.850485	-25.253
N1059A_C	953	0.219178082192	-1.9	-0.954215	-9.19117
N66G_A	962	0.376623376623	-1.97285	-0.820776	-27.5742
C1036V_C	974	0.219178082192	-2.00977	-0.901323	-6.52679
A38L_A	984	0.376623376623	-1.87695	-0.628853	-26.6265
K11R_A	994	0.37012987013	-1.89093	-0.692451	-26.0471
