name	count	identity	evolved_interaction	ancestral_interaction	stability
M1060V_C	1	0.986301369863	-10.4941	-10.518	-6.90591
E1059G_C	6	0.958904109589	-10.627	-10.4893	-6.5193
T1042L_C	17	0.917808219178	-10.6437	-10.4542	-8.61007
I1088W_C	25	0.890410958904	-8.51766	-7.89577	-10.0699
N52V_A	36	0.922077922078	-7.93433	-10.2661	-25.6262
T1043S_C	41	0.849315068493	-7.93624	-7.16209	-6.3317
Y144F_A	54	0.883116883117	-7.89816	-10.2128	-25.3231
H121A_A	62	0.863636363636	-7.36258	-10.214	-27.6041
V116H_A	69	0.857142857143	-4.97361	-10.1965	-26.7073
K37N_A	75	0.844155844156	-5.2484	-10.2011	-25.0693
S35D_A	81	0.824675324675	-4.9463	-10.0023	-24.2156
W103M_A	90	0.811688311688	-5.85922	-10.0018	-24.9445
P105Y_A	96	0.805194805195	-5.87249	-10.0111	-26.3511
I1070W_C	103	0.698630136986	-5.76917	-5.61254	-5.84257
V86C_A	109	0.779220779221	-5.71557	-9.96415	-25.342
N40I_A	118	0.772727272727	-5.89759	-10.2149	-24.3487
Q1073P_C	132	0.671232876712	-3.25582	-5.52646	-6.84107
T1028C_C	142	0.671232876712	-3.16141	-5.46454	-7.22091
D1061F_C	152	0.657534246575	-3.05156	-5.45736	-7.16943
Q1095V_C	175	0.630136986301	-2.9909	-5.19703	-8.9733
D145I_A	185	0.714285714286	-3.02654	-3.8998	-25.3355
F81Y_A	191	0.694805194805	-3.954	-3.9808	-25.6817
K18R_A	198	0.681818181818	-0.620205	-3.93627	-26.1971
F1061S_C	212	0.616438356164	0.262199	-3.16932	-6.46072
K153L_A	223	0.649350649351	0.924597	-2.37177	-24.2465
A54F_A	231	0.623376623377	1.0336	-2.44298	-24.7749
E12R_A	239	0.61038961039	0.78943	-3.01479	-24.0001
S1061N_C	251	0.602739726027	0.807319	-2.82948	-6.47717
A146F_A	271	0.597402597403	0.804052	-3.02598	-23.9762
A79P_A	283	0.590909090909	-0.713806	-4.22225	-25.4614
R18A_A	290	0.577922077922	-2.20194	-2.674	-24.7858
A121K_A	305	0.564935064935	-2.21211	-2.643	-24.4009
I1046Y_C	315	0.520547945205	-2.21222	8.4411	-7.70061
H151F_A	329	0.551948051948	-2.1658	-2.64488	-27.0746
H30C_A	336	0.551948051948	-1.87232	-1.91687	-28.3971
W16Q_A	350	0.532467532468	-1.94849	-1.66633	-25.572
D35E_A	357	0.538961038961	-1.87086	-1.64962	-25.5826
V52Y_A	365	0.538961038961	-1.87129	-1.64968	-26.4147
H48R_A	373	0.519480519481	-1.63971	-1.88114	-24.5544
C39F_A	379	0.506493506494	-2.17093	-1.40154	-27.2362
F1041P_C	385	0.465753424658	-2.31523	-1.32612	-5.65714
R104Y_A	391	0.480519480519	-2.31643	-1.89528	-21.8447
K76S_A	397	0.474025974026	-2.30864	-1.8882	-21.4199
W1070T_C	408	0.465753424658	-2.26426	-0.976931	-4.15952
A1023P_C	416	0.452054794521	-2.26488	-0.945158	-3.06726
N1051L_C	423	0.479452054795	-2.29117	-0.938435	-5.83176
S74Q_A	433	0.454545454545	-2.65777	-1.71996	-23.0316
Y82F_A	440	0.441558441558	-3.54955	-2.93071	-26.8297
N1025F_C	447	0.452054794521	-4.44572	-1.01898	-3.48231
Y68A_A	457	0.441558441558	-4.55649	-5.08835	-24.3935
T61L_A	472	0.428571428571	-2.45334	-5.26615	-26.1915
E1034A_C	481	0.424657534247	-2.2104	-4.20402	-5.97576
E6T_A	490	0.422077922078	-2.33024	-2.85799	-24.1854
Q74V_A	506	0.422077922078	-1.71583	-2.85565	-24.0415
R118M_A	516	0.422077922078	-1.72717	-2.83063	-24.7098
K16Q_A	523	0.415584415584	-0.502911	-0.77859	-25.5337
D95R_A	533	0.422077922078	-0.576676	-0.935054	-26.338
Q16A_A	541	0.415584415584	-0.839864	-1.55529	-24.6681
Y155F_A	550	0.409090909091	-0.939171	-1.22637	-26.3839
F39C_A	555	0.402597402597	-0.951965	-1.35139	-28.1037
R135C_A	560	0.396103896104	-1.25862	-2.69842	-27.7358
M118D_A	566	0.409090909091	-0.0504575	-0.498647	-25.1544
R124F_A	576	0.409090909091	-0.291633	-2.09704	-25.5222
Y1074V_C	584	0.342465753425	-0.453436	-1.99998	-8.2654
A1034F_C	592	0.342465753425	-0.533949	-1.92315	-8.2517
K150Y_A	604	0.383116883117	-0.547924	-0.470126	-24.861
L1041I_C	610	0.342465753425	-0.244241	-2.61325	-6.45392
S1090M_C	622	0.342465753425	0.235968	-4.33491	-7.57308
F119Y_A	631	0.363636363636	-1.82542	2.90885	-24.63
F124N_A	637	0.363636363636	-2.82263	-0.861631	-23.68
M1090A_C	649	0.342465753425	-1.35322	-1.64439	-8.68666
K1043W_C	658	0.356164383562	-1.35911	-1.07063	-8.3536
V122L_A	668	0.350649350649	-1.45352	-1.33828	-25.0787
K7M_A	674	0.344155844156	-1.39152	-1.15233	-25.1489
A35L_A	680	0.337662337662	-2.22846	-1.9341	-26.4142
Q1031M_C	694	0.342465753425	-1.93955	-2.15155	-6.14342
S1033M_C	702	0.328767123288	-1.85555	-2.10354	-7.34995
H105D_A	709	0.344155844156	-1.91506	-0.546358	-24.0155
M71Y_A	718	0.337662337662	-1.53434	-0.151973	-25.1248
Q8M_A	726	0.337662337662	-1.86482	-0.0877245	-24.6524
F19A_A	734	0.331168831169	-1.33883	-1.22314	-25.9623
W1043H_C	744	0.328767123288	-1.39704	-2.40459	-5.89164
Y98G_A	754	0.324675324675	-1.39492	-1.06441	-24.3299
D105V_A	767	0.324675324675	-1.35543	-2.19785	-24.7384
T6R_A	777	0.324675324675	-2.20863	-3.14431	-24.3041
G59N_A	787	0.324675324675	-2.29667	-2.53946	-23.8989
W63K_A	808	0.324675324675	-2.00302	-2.59183	-23.2923
I4K_A	826	0.324675324675	-1.95269	-2.53571	-24.5862
V74Q_A	836	0.331168831169	-1.95269	-2.53844	-23.5273
G98I_A	853	0.331168831169	-1.90516	-2.53844	-27.1628
R42Y_A	859	0.331168831169	-0.93733	0.254882	-24.8225
T6H_A	865	0.337662337662	-1.14096	0.249357	-24.4217
M1063C_C	873	0.260273972603	-0.101603	-4.94877	-6.32688
Q74W_A	879	0.331168831169	-0.108236	-1.47875	-24.3673
E153M_A	888	0.331168831169	3.38082	-1.38233	-24.4311
N59I_A	894	0.331168831169	3.30474	-1.35123	-25.3656
D126H_A	900	0.331168831169	3.6109	-1.11099	-24.154
Y1061M_C	914	0.219178082192	3.95658	-0.937625	-5.10935
M8R_A	930	0.337662337662	4.10106	-0.266728	-24.2373
M1031S_C	946	0.205479452055	3.701	0.507103	-5.85514
H126W_A	956	0.331168831169	3.81422	4.85154	-24.0006
W109V_A	963	0.318181818182	3.27056	2.79968	-24.0727
W1055H_C	978	0.205479452055	2.85508	0.62921	-6.96384
S118D_A	987	0.311688311688	4.85885	6.62524	-24.8591
K140S_A	998	0.311688311688	4.85765	6.62464	-23.9466
