name	count	identity	interface_identity	non_interface_identity	evolved_interaction	ancestral_interaction	stability
S138T_A	1	0.993506493506	1.0	0.992592592593	-10.4946	-10.5197	-27.0583
P65N_A	7	0.980519480519	1.0	0.977777777778	-11.1543	-11.0503	-24.8138
A1091M_C	12	0.917808219178	0.863636363636	0.941176470588	-9.91219	-8.95896	-12.0107
S89E_A	19	0.941558441558	1.0	0.933333333333	-10.1681	-11.0989	-23.72
T138M_A	31	0.928571428571	1.0	0.919117647059	-6.58387	-8.04629	-27.7325
L149H_A	37	0.915584415584	1.0	0.904411764706	-4.83362	-8.04221	-24.708
H149R_A	49	0.902597402597	1.0	0.889705882353	-4.82297	-7.98884	-25.6359
I1089L_C	58	0.808219178082	0.681818181818	0.862745098039	-4.751	-6.92825	-6.57251
G115S_A	66	0.876623376623	1.0	0.860294117647	-2.94506	-5.21751	-24.2406
E143F_A	74	0.87012987013	1.0	0.852941176471	-2.84093	-5.12999	-24.8087
S1033T_C	87	0.72602739726	0.526315789474	0.796296296296	-0.962584	-2.99026	-6.92935
Y155K_A	93	0.824675324675	0.947368421053	0.807407407407	-0.988058	-2.37473	-25.3748
P46Q_A	100	0.805194805195	0.888888888889	0.794117647059	-2.46062	-4.86264	-24.7118
T1033R_C	108	0.712328767123	0.55	0.77358490566	-2.21533	-2.47079	-7.61847
P123E_A	117	0.772727272727	0.888888888889	0.757352941176	-1.88804	-4.66679	-23.4607
K48S_A	148	0.75974025974	0.833333333333	0.75	-1.9764	-4.65681	-24.4552
K71R_A	155	0.753246753247	0.833333333333	0.742647058824	-1.96112	-4.68224	-28.787
G44R_A	171	0.733766233766	0.777777777778	0.727941176471	-1.56681	-4.24981	-25.0041
N66M_A	178	0.707792207792	0.777777777778	0.698529411765	-1.63462	-4.36218	-26.3914
P72S_A	190	0.694805194805	0.777777777778	0.683823529412	-1.63162	-4.42788	-23.4118
E1050R_C	204	0.630136986301	0.526315789474	0.666666666667	-1.73989	-2.93408	-6.20154
T51S_A	211	0.675324675325	0.75	0.666666666667	-1.44108	-5.00406	-23.791
F143V_A	247	0.668831168831	0.75	0.659420289855	-1.42154	-5.08259	-23.6796
T1095Q_C	259	0.602739726027	0.428571428571	0.673076923077	-3.4651	-2.83929	-7.49331
R1046M_C	268	0.575342465753	0.380952380952	0.653846153846	-3.41174	-2.88352	-9.13315
I96E_A	280	0.655844155844	0.733333333333	0.647482014388	-3.47269	-7.96214	-23.782
Q117M_A	300	0.649350649351	0.733333333333	0.640287769784	-3.4812	-7.97673	-25.0848
S1085V_C	306	0.506849315068	0.238095238095	0.615384615385	-2.45401	-1.75326	-6.9225
T1043H_C	319	0.465753424658	0.238095238095	0.557692307692	-2.4685	-1.76572	-6.92639
E63F_A	336	0.616883116883	0.733333333333	0.604316546763	-2.46372	-7.88255	-24.4944
V1039Y_C	347	0.438356164384	0.238095238095	0.519230769231	-2.46898	-1.68508	-7.64357
M1060G_C	353	0.424657534247	0.238095238095	0.5	-2.72215	-2.09195	-6.33846
Y71W_A	369	0.590909090909	0.631578947368	0.585185185185	-2.83097	-7.86018	-23.9679
Y1023Q_C	375	0.41095890411	0.238095238095	0.480769230769	-1.32571	-1.71285	-7.88123
T1059Q_C	383	0.41095890411	0.238095238095	0.480769230769	-0.547063	0.749491	-8.30827
F1033V_C	390	0.397260273973	0.238095238095	0.461538461538	-0.562181	0.849227	-7.12716
Y22D_A	406	0.545454545455	0.526315789474	0.548148148148	2.31188	-0.0655885	-24.5644
Q1056M_C	426	0.383561643836	0.277777777778	0.418181818182	2.33101	0.098167	-8.01606
Q6Y_A	437	0.545454545455	0.526315789474	0.548148148148	2.13213	-0.169361	-26.7233
K1041E_C	444	0.315068493151	0.222222222222	0.345454545455	1.52567	33.8824	-6.44392
C1066M_C	451	0.315068493151	0.222222222222	0.345454545455	2.16768	31.6145	-7.21402
S89I_A	458	0.512987012987	0.5	0.515151515152	2.15586	-0.379513	-26.7413
M18K_A	468	0.512987012987	0.705882352941	0.489051094891	2.08199	-0.385339	-24.9091
A140Q_A	481	0.512987012987	0.705882352941	0.489051094891	1.66729	-0.372308	-24.6785
F137M_A	495	0.5	0.705882352941	0.474452554745	1.34149	-1.27186	-24.3874
H1038V_C	509	0.301369863014	0.2	0.339622641509	0.79482	32.3594	-7.04305
L114Q_A	514	0.487012987013	0.625	0.471014492754	0.695263	-2.31927	-24.5288
A116K_A	526	0.480519480519	0.625	0.463768115942	0.74586	-2.31912	-24.6187
E1084H_C	542	0.287671232877	0.15	0.339622641509	1.12965	32.6637	-7.46669
Y13M_A	550	0.480519480519	0.631578947368	0.459259259259	1.29752	-3.94706	-24.4887
M1034E_C	557	0.287671232877	0.2	0.320754716981	1.11635	33.275	-8.54162
K147F_A	570	0.461038961039	0.631578947368	0.437037037037	1.08885	-4.08156	-24.7201
G129F_A	578	0.461038961039	0.578947368421	0.444444444444	0.383714	-2.23724	-28.7553
L1048I_C	591	0.27397260274	0.181818181818	0.313725490196	3.23084	3.59436	-7.86753
K14N_A	598	0.448051948052	0.444444444444	0.448529411765	2.63171	-2.7476	-26.1544
R1095F_C	610	0.260273972603	0.15	0.301886792453	2.87125	4.71087	-8.15911
K65A_A	623	0.435064935065	0.411764705882	0.43795620438	2.86986	-2.78113	-24.1344
F81M_A	636	0.422077922078	0.411764705882	0.423357664234	0.985669	-2.80312	-25.6331
E98R_A	642	0.422077922078	0.411764705882	0.423357664234	0.985512	-2.80318	-24.8847
R130W_A	651	0.415584415584	0.411764705882	0.416058394161	0.694918	-3.14103	-24.6797
Y25I_A	660	0.409090909091	0.352941176471	0.416058394161	1.50993	-3.21708	-25.9016
M135T_A	668	0.402597402597	0.352941176471	0.408759124088	1.482	-2.99727	-24.7484
S156E_A	676	0.38961038961	0.352941176471	0.394160583942	1.75634	-2.5271	-23.9543
C1087W_C	692	0.260273972603	0.190476190476	0.288461538462	3.00059	-1.04095	-5.60415
C1067M_C	703	0.260273972603	0.190476190476	0.288461538462	3.39456	2.00579	-8.17127
M107F_A	708	0.38961038961	0.4	0.388489208633	3.33346	-2.60223	-23.5839
L1063T_C	713	0.246575342466	0.190476190476	0.269230769231	2.83611	2.21541	-5.81612
M66I_A	730	0.396103896104	0.4	0.395683453237	2.83611	-2.62498	-22.8752
V1041A_C	738	0.232876712329	0.190476190476	0.25	2.4332	2.09588	-6.69799
D11Q_A	754	0.396103896104	0.4	0.395683453237	2.4502	-2.80533	-23.796
K69P_A	766	0.402597402597	0.4	0.402877697842	2.34719	-2.69293	-29.1538
M129S_A	774	0.396103896104	0.4	0.395683453237	2.40634	-3.31134	-26.2411
V148G_A	780	0.38961038961	0.4	0.388489208633	2.43759	-3.46128	-23.7931
A1092L_C	788	0.260273972603	0.190476190476	0.288461538462	1.42457	1.78856	-8.7549
G148M_A	795	0.383116883117	0.4	0.381294964029	1.26654	-3.45593	-26.9585
Q1075D_C	802	0.27397260274	0.190476190476	0.307692307692	1.26613	1.67487	-9.198
Q56S_A	812	0.383116883117	0.4	0.381294964029	1.52488	-3.19889	-26.1772
H1088T_C	828	0.260273972603	0.190476190476	0.288461538462	-0.301871	-1.60627	-6.09818
S3D_A	842	0.376623376623	0.4	0.374100719424	-0.303558	-3.24547	-25.2602
M48W_A	850	0.37012987013	0.4	0.36690647482	-0.16368	-3.25534	-24.2143
F1051L_C	856	0.246575342466	0.190476190476	0.269230769231	-0.216073	-1.3486	-6.68426
R51F_A	863	0.363636363636	0.4	0.359712230216	-0.217778	-3.34832	-24.2882
Q79G_A	870	0.363636363636	0.4	0.359712230216	-0.208263	-3.38064	-25.1904
I92V_A	878	0.357142857143	0.4	0.352517985612	-0.210057	-3.13302	-23.9253
L1051Q_C	883	0.246575342466	0.190476190476	0.269230769231	-0.468591	-1.49972	-7.52412
M148N_A	892	0.357142857143	0.4	0.352517985612	-0.543344	-2.12868	-24.8739
L1065V_C	899	0.232876712329	0.190476190476	0.25	-0.308788	-1.25147	-6.2975
W154H_A	915	0.363636363636	0.4	0.359712230216	-0.241389	-1.35493	-24.1529
V141C_A	928	0.363636363636	0.375	0.36231884058	-0.0802911	1.96089	-24.3967
R20Y_A	936	0.363636363636	0.375	0.36231884058	0.265797	3.63215	-24.3808
N114L_A	944	0.37012987013	0.375	0.369565217391	0.14569	3.59534	-24.723
C116T_A	952	0.363636363636	0.375	0.36231884058	0.164547	3.59935	-26.4746
L1026I_C	959	0.191780821918	0.142857142857	0.211538461538	0.135305	-1.94722	-8.57371
G126K_A	967	0.357142857143	0.375	0.355072463768	0.220972	3.66396	-25.3131
W130F_A	973	0.350649350649	0.375	0.347826086957	0.338783	3.80925	-26.803
L101Y_A	978	0.350649350649	0.375	0.347826086957	0.338914	3.71242	-25.4052
I66K_A	985	0.350649350649	0.375	0.347826086957	0.0629453	3.65992	-24.124
K44Y_A	992	0.350649350649	0.333333333333	0.352517985612	0.720294	3.62885	-24.8683
