name	count	identity	evolved_interaction	ancestral_interaction	stability
K18W_A	1	0.993506493506	-9.48945	-9.56371	-26.0622
N98A_A	7	0.961038961039	-9.42105	-9.44207	-24.3831
N124F_A	18	0.935064935065	-9.41864	-9.47917	-25.5515
I1072V_C	23	0.958904109589	-9.51618	-10.5192	-9.05757
Q1095W_C	31	0.917808219178	-9.46996	-9.63116	-7.47202
H1023E_C	42	0.890410958904	-9.44082	-9.60015	-8.98807
E1023Q_C	54	0.890410958904	-9.48739	-9.62797	-9.11093
E1084R_C	65	0.849315068493	-7.14369	-8.5212	-7.76149
K15S_A	80	0.837662337662	-7.22428	-8.85423	-23.7068
D118A_A	97	0.805194805195	-7.24135	-8.83372	-25.7738
E99V_A	108	0.785714285714	-5.76479	-7.44939	-26.0175
G14K_A	116	0.772727272727	-5.92609	-7.49882	-27.1823
V86C_A	123	0.75974025974	-5.73425	-7.50675	-24.7868
E1034N_C	130	0.739726027397	-5.79428	2.46532	-6.17719
T139H_A	139	0.733766233766	-5.82405	-7.39074	-28.5561
D1061Y_C	145	0.712328767123	-6.10926	1.9691	-6.10481
A26C_A	153	0.688311688312	-6.16253	-7.56237	-25.2367
A98V_A	169	0.688311688312	-4.92471	-7.5847	-25.5755
N20I_A	180	0.681818181818	-4.89574	-8.22793	-24.3707
L149S_A	190	0.668831168831	-3.75855	-6.64402	-26.9185
F153R_A	200	0.662337662338	-3.89123	-6.65428	-25.2261
E42V_A	207	0.642857142857	-3.1049	-6.79853	-24.9008
G133C_A	217	0.642857142857	-3.1008	-6.79856	-23.8578
Q1039N_C	228	0.575342465753	-3.90707	2.66196	-7.47444
V1071I_C	238	0.561643835616	-4.94187	2.62701	-7.36198
I1056W_C	248	0.561643835616	-4.6861	2.71213	-8.72122
W18G_A	254	0.616883116883	-6.71552	-6.4526	-25.4663
Q1061W_C	261	0.520547945205	-6.55478	5.91628	-8.9278
W101R_A	267	0.603896103896	-7.32954	-7.23539	-25.937
F1092V_C	275	0.520547945205	-6.5215	7.19647	-7.43074
K30R_A	283	0.577922077922	-7.40326	-7.53263	-26.8256
N18W_A	293	0.571428571429	-6.94274	-6.24084	-25.3652
E27C_A	303	0.577922077922	-5.576	-7.2954	-28.097
K71N_A	309	0.564935064935	-5.76941	-6.91351	-27.9379
Q61K_A	316	0.551948051948	-6.86668	-7.97095	-28.9357
H103M_A	324	0.545454545455	-6.97692	-7.94722	-26.8405
V19E_A	330	0.538961038961	-6.98848	-8.18791	-27.3142
A129H_A	336	0.519480519481	-4.67165	-6.59846	-23.7495
F22Y_A	345	0.506493506494	-3.76443	-6.53474	-24.8217
Q1064C_C	350	0.465753424658	-3.2199	4.89179	-7.64512
P132W_A	358	0.487012987013	-2.34859	-6.43943	-23.9212
W132L_A	363	0.493506493506	-2.3749	-6.42292	-24.4947
S136A_A	370	0.487012987013	-2.45904	-5.68962	-25.083
W18K_A	384	0.480519480519	-2.91593	-7.59734	-25.9748
C1027L_C	390	0.424657534247	-2.872	6.9007	-9.35852
Q130K_A	397	0.474025974026	-2.7744	-7.65173	-25.0467
R102E_A	408	0.467532467532	-2.86779	-7.11463	-25.5477
T1067C_C	413	0.397260273973	-2.6929	0.911073	-6.9005
V96R_A	425	0.461038961039	-2.97124	-6.74484	-25.5415
E12Y_A	433	0.435064935065	-2.80123	-4.38734	-25.0833
E74C_A	445	0.422077922078	-1.83019	-3.68	-24.6713
N142T_A	461	0.415584415584	0.219787	-0.688779	-24.926
S4Q_A	467	0.415584415584	0.225372	-0.703573	-25.0014
A107Y_A	478	0.422077922078	0.179912	-1.41877	-25.5377
D127L_A	486	0.415584415584	0.159073	-1.24693	-27.1546
M3P_A	493	0.402597402597	0.180758	-1.17203	-24.5716
E1079T_C	499	0.328767123288	0.0973671	-1.45512	-7.32606
E1045M_C	506	0.315068493151	-0.105609	-1.75576	-11.2584
L1046V_C	516	0.301369863014	-0.375335	-1.77588	-7.50244
R17I_A	521	0.376623376623	0.679764	2.98324	-25.305
T142V_A	536	0.37012987013	0.841933	2.9662	-25.1526
L1032M_C	542	0.301369863014	0.829371	-1.69101	-6.31866
K1066L_C	555	0.301369863014	1.17475	-1.12583	-7.49252
R101A_A	564	0.350649350649	1.20292	2.87145	-23.9767
A15S_A	571	0.350649350649	0.135406	2.54002	-24.8873
N1047H_C	578	0.301369863014	0.23721	-0.716063	-7.88407
W1073K_C	584	0.301369863014	0.25179	-0.865044	-9.05045
Y1024C_C	595	0.27397260274	0.24966	-0.835986	-7.13033
T104M_A	601	0.344155844156	-0.0362704	2.41674	-25.1924
P1034Q_C	607	0.27397260274	-0.0203326	-0.56756	-7.40776
P118R_A	615	0.337662337662	0.00766896	2.3713	-28.4425
A120N_A	623	0.331168831169	0.0694932	2.09019	-25.9986
K1040P_C	631	0.232876712329	0.0644604	-2.08726	-8.05285
L1066V_C	637	0.205479452055	-0.200413	-2.0294	-8.17305
S154I_A	643	0.324675324675	-0.248454	3.66201	-24.7975
T48W_A	652	0.324675324675	-0.248136	3.81908	-23.9254
W48R_A	660	0.324675324675	-0.983762	3.23497	-24.9048
I11H_A	666	0.318181818182	-1.03952	3.07948	-26.697
N120S_A	674	0.318181818182	-1.12965	3.07355	-25.9532
E1036Q_C	687	0.191780821918	-1.16859	-1.744	-5.57872
N1032R_C	701	0.191780821918	-1.12797	-1.83633	-7.52944
C65R_A	710	0.318181818182	-1.39583	2.56814	-23.8472
K147C_A	717	0.311688311688	-1.40903	2.6028	-24.2709
F155M_A	725	0.318181818182	-1.93546	2.42082	-23.8406
V1062L_C	743	0.191780821918	-1.88478	-1.31887	-7.19627
L1026I_C	761	0.178082191781	-2.26003	-1.63531	-5.75586
E18W_A	778	0.318181818182	-2.30012	2.35656	-24.3555
V82I_A	791	0.318181818182	-2.03906	1.85172	-23.9745
R1075K_C	802	0.191780821918	-2.04694	-1.7163	-6.60751
V1046A_C	819	0.191780821918	-2.05801	-1.70866	-6.0288
S120K_A	831	0.305194805195	-2.0267	1.9974	-24.3232
K120S_A	842	0.305194805195	-1.97322	1.91029	-24.6706
E32A_A	847	0.298701298701	-1.53401	2.56386	-25.0762
T1080F_C	858	0.178082191781	-1.61838	-1.42628	-7.8159
M1077Q_C	864	0.178082191781	-1.61919	-1.42033	-6.80695
Q95N_A	869	0.305194805195	-0.825954	3.76045	-24.2987
Y1090R_C	875	0.178082191781	0.207318	-1.39329	-5.82949
K131M_A	882	0.305194805195	0.0539242	3.43001	-24.9877
E102L_A	892	0.311688311688	-0.317103	2.64934	-24.8736
I13M_A	909	0.311688311688	-0.471254	2.1094	-23.6323
R61K_A	919	0.305194805195	-0.471301	2.10084	-24.7414
M150Y_A	928	0.298701298701	0.193012	1.68154	-22.5796
K112A_A	942	0.292207792208	0.148509	1.70537	-22.3502
N66V_A	954	0.285714285714	0.0667064	1.75899	-23.0567
D1092F_C	963	0.164383561644	0.160189	-1.27619	-6.53259
Q10V_A	978	0.279220779221	-0.220808	1.78108	-23.246
L1025V_C	991	0.178082191781	-0.247323	-1.26756	-5.70879
V1085L_C	1000	0.178082191781	-0.314377	-1.27729	-7.15839
