name	count	identity	interface_identity	non_interface_identity	evolved_interaction	ancestral_interaction	stability
G44I_A	1	0.993506493506	0.947368421053	1.0	-11.799	-11.6836	-26.4736
F1036A_C	8	0.986301369863	1.0	0.979591836735	-10.0296	-9.24198	-9.08929
K146P_A	13	0.941558441558	0.894736842105	0.948148148148	-10.6845	-9.37972	-25.0568
L1063F_C	23	0.931506849315	0.913043478261	0.94	-8.2082	-7.45224	-7.44981
R1046I_C	33	0.86301369863	0.869565217391	0.86	-7.08855	-6.29237	-8.48642
L1026M_C	38	0.835616438356	0.869565217391	0.82	-7.02896	-6.54032	-6.97764
E1079I_C	49	0.808219178082	0.826086956522	0.8	-6.77021	-6.36843	-7.00434
A1036N_C	63	0.780821917808	0.782608695652	0.78	-5.22846	-4.94296	-9.28318
V57Y_A	80	0.876623376623	0.8	0.888059701493	-5.43224	-9.983	-24.8291
K27A_A	94	0.857142857143	0.75	0.873134328358	-4.17995	-8.32575	-24.6066
E1050T_C	99	0.72602739726	0.727272727273	0.725490196078	-1.91107	-2.59139	-8.17065
T61Y_A	105	0.805194805195	0.666666666667	0.823529411765	-1.82484	-1.95927	-23.9746
V1028F_C	111	0.671232876712	0.636363636364	0.686274509804	-3.42113	-1.71105	-9.21008
R1055L_C	119	0.630136986301	0.636363636364	0.627450980392	-3.27372	-3.40194	-7.70426
L149M_A	125	0.785714285714	0.647058823529	0.802919708029	-3.98291	-3.20657	-27.1526
I17M_A	130	0.779220779221	0.625	0.797101449275	-3.18293	-3.08335	-27.7195
Y82E_A	136	0.75974025974	0.625	0.775362318841	-3.17062	-3.08937	-24.6889
E30G_A	149	0.74025974026	0.5625	0.760869565217	-2.76225	-3.16596	-24.5808
A106Y_A	155	0.727272727273	0.5	0.753623188406	-1.03263	-0.0880559	-25.2055
E42Y_A	165	0.701298701299	0.4375	0.731884057971	-0.3215	1.19858	-26.3972
D145F_A	173	0.688311688312	0.4375	0.717391304348	-0.405109	1.33899	-26.9586
Q10T_A	180	0.668831168831	0.4375	0.695652173913	-0.408317	1.37814	-24.6478
H1043S_C	195	0.534246575342	0.619047619048	0.5	-0.367671	-3.61873	-7.21147
I44L_A	205	0.662337662338	0.4375	0.688405797101	-1.20214	0.703884	-24.7826
K1036S_C	214	0.534246575342	0.619047619048	0.5	-1.04848	-3.3027	-6.98694
K142I_A	223	0.642857142857	0.4375	0.666666666667	-0.785831	0.91788	-25.1295
Q1056N_C	232	0.506849315068	0.571428571429	0.480769230769	0.81763	-2.29875	-5.1955
T150Y_A	243	0.642857142857	0.4375	0.666666666667	0.817562	0.948091	-25.3702
K1075Y_C	251	0.479452054795	0.571428571429	0.442307692308	0.816827	-2.37807	-5.47769
I142M_A	258	0.62987012987	0.4375	0.652173913043	1.12052	0.874376	-26.3518
S127H_A	273	0.61038961039	0.3125	0.644927536232	0.752793	1.04938	-24.0927
Q149M_A	282	0.603896103896	0.3125	0.63768115942	0.763633	1.05272	-25.0052
E71F_A	294	0.603896103896	0.3125	0.63768115942	0.739517	1.08136	-27.4665
K1038I_C	304	0.452054794521	0.619047619048	0.384615384615	0.550012	-2.17536	-5.56622
E82L_A	311	0.584415584416	0.3125	0.615942028986	0.548511	0.817538	-29.3466
A132Q_A	318	0.571428571429	0.3125	0.601449275362	0.554523	0.814661	-26.7493
A1053M_C	324	0.424657534247	0.65	0.339622641509	0.755939	-3.42142	-9.34937
G1036L_C	332	0.424657534247	0.65	0.339622641509	0.389636	-3.84982	-9.02107
M1068S_C	345	0.424657534247	0.65	0.339622641509	2.18577	-4.23295	-9.93447
F63T_A	354	0.551948051948	0.3125	0.579710144928	2.16758	0.886187	-25.9369
Q1071R_C	359	0.452054794521	0.65	0.377358490566	2.11659	-4.68247	-8.01471
I1035T_C	367	0.438356164384	0.65	0.358490566038	1.13397	-5.18976	-7.30358
H1051E_C	385	0.438356164384	0.65	0.358490566038	1.12352	-5.1951	-8.22317
H1081E_C	396	0.424657534247	0.65	0.339622641509	1.15145	-5.51484	-8.12686
T1042D_C	404	0.41095890411	0.65	0.320754716981	1.57876	-5.39063	-9.24821
P105E_A	410	0.480519480519	0.333333333333	0.496402877698	1.4969	0.654115	-23.987
Q113A_A	423	0.474025974026	0.333333333333	0.489208633094	1.92869	0.669177	-24.6028
M1052F_C	434	0.41095890411	0.6	0.339622641509	1.36669	-3.80463	-7.23897
Y68L_A	446	0.448051948052	0.3125	0.463768115942	1.02652	-0.380999	-27.1743
M141E_A	453	0.441558441558	0.3125	0.45652173913	0.530195	-0.35642	-27.3438
Q1076F_C	464	0.397260273973	0.6	0.320754716981	0.632758	-3.78272	-7.18178
S1033G_C	479	0.383561643836	0.6	0.301886792453	0.57508	-2.72104	-6.33197
Y79F_A	489	0.428571428571	0.25	0.449275362319	0.573843	-0.0725063	-24.36
T1077D_C	499	0.356164383562	0.55	0.283018867925	-0.0650937	-2.623	-6.81375
S95T_A	510	0.409090909091	0.25	0.427536231884	-0.349223	-0.0536736	-25.472
R104F_A	517	0.396103896104	0.25	0.413043478261	-0.253513	0.0772181	-24.2657
E1084Q_C	535	0.315068493151	0.4	0.283018867925	-0.637039	-4.31467	-7.02283
K48P_A	542	0.38961038961	0.25	0.405797101449	0.78427	2.07961	-25.223
W106A_A	550	0.396103896104	0.25	0.413043478261	1.07989	1.87937	-24.1772
C5P_A	558	0.376623376623	0.25	0.391304347826	1.23487	2.25747	-23.6491
M1063C_C	568	0.260273972603	0.35	0.22641509434	1.2331	-4.51023	-5.87537
P6W_A	580	0.37012987013	0.25	0.384057971014	1.21447	2.11155	-23.8569
P99K_A	602	0.37012987013	0.25	0.384057971014	1.21189	1.8996	-24.1731
Q62T_A	615	0.363636363636	0.25	0.376811594203	1.25216	1.96009	-24.3164
H1041A_C	626	0.260273972603	0.35	0.22641509434	1.2952	-4.07345	-6.31998
K99Q_A	635	0.363636363636	0.25	0.376811594203	0.953662	1.93722	-24.4374
E1081S_C	643	0.246575342466	0.35	0.207547169811	0.766503	-3.54016	-8.30553
Y87A_A	650	0.344155844156	0.25	0.355072463768	2.08633	3.62411	-24.2246
M1075Y_C	661	0.232876712329	0.35	0.188679245283	2.13266	-3.0015	-10.0615
K1079W_C	674	0.219178082192	0.315789473684	0.185185185185	2.76969	-3.00571	-9.29582
N20A_A	682	0.350649350649	0.25	0.36231884058	2.6999	4.46982	-25.7023
Y1037K_C	694	0.232876712329	0.315789473684	0.203703703704	2.64837	-3.05289	-6.2543
V75M_A	704	0.344155844156	0.25	0.355072463768	2.66323	4.57144	-26.9137
V115G_A	711	0.350649350649	0.25	0.36231884058	1.63016	2.55635	-24.612
S1068V_C	721	0.232876712329	0.315789473684	0.203703703704	1.764	-4.2115	-7.45922
Y1036C_C	747	0.232876712329	0.315789473684	0.203703703704	1.82634	-4.41515	-5.66923
E1090W_C	757	0.219178082192	0.263157894737	0.203703703704	2.06364	0.225116	-4.44325
I60C_A	766	0.337662337662	0.294117647059	0.343065693431	2.26563	3.42355	-23.3321
I1085G_C	777	0.219178082192	0.263157894737	0.203703703704	2.23904	0.472143	-3.53335
Y4R_A	786	0.337662337662	0.294117647059	0.343065693431	2.20769	3.50173	-22.87
R4T_A	805	0.337662337662	0.294117647059	0.343065693431	2.21159	3.69861	-22.6411
C91L_A	824	0.344155844156	0.294117647059	0.350364963504	1.24113	3.77145	-23.7265
I52M_A	831	0.337662337662	0.294117647059	0.343065693431	1.28109	3.76646	-22.5649
F77Y_A	840	0.331168831169	0.294117647059	0.335766423358	1.33729	3.64582	-24.312
R107D_A	847	0.331168831169	0.294117647059	0.335766423358	1.35461	3.43893	-21.4689
F138L_A	857	0.337662337662	0.294117647059	0.343065693431	0.784404	4.20866	-22.102
C1092E_C	866	0.232876712329	0.3	0.207547169811	0.88513	3.7832	-4.85325
D1062R_C	874	0.219178082192	0.25	0.207547169811	1.02132	3.47923	-6.75685
D107W_A	882	0.331168831169	0.333333333333	0.330882352941	0.853905	4.49453	-23.693
L1043I_C	897	0.219178082192	0.25	0.207547169811	1.04574	3.43379	-3.93072
N32I_A	905	0.318181818182	0.294117647059	0.321167883212	1.03855	4.5072	-21.5421
K63V_A	914	0.311688311688	0.294117647059	0.313868613139	1.18273	4.60026	-22.3007
K96L_A	926	0.305194805195	0.294117647059	0.306569343066	1.15576	3.71947	-22.8701
D67F_A	936	0.305194805195	0.294117647059	0.306569343066	1.17203	3.82462	-21.6318
C1027S_C	945	0.178082191781	0.263157894737	0.148148148148	0.886274	2.73914	-4.63039
A54C_A	958	0.292207792208	0.294117647059	0.29197080292	1.16363	4.31078	-20.6218
M89D_A	968	0.292207792208	0.294117647059	0.29197080292	1.15603	4.22508	-20.9237
K122H_A	987	0.292207792208	0.25	0.297101449275	0.906418	3.64052	-21.9499
