name	count	identity	interface_identity	non_interface_identity	evolved_interaction	ancestral_interaction	stability
M1049F_C	1	0.986301369863	1.0	0.980392156863	-10.4934	-10.5238	-11.3874
L1081K_C	8	0.931506849315	0.954545454545	0.921568627451	-11.1273	-10.9744	-8.06098
P78E_A	15	0.974025974026	1.0	0.97037037037	-11.3096	-10.6775	-24.6333
Q1076C_C	25	0.876712328767	0.904761904762	0.865384615385	-11.8519	-10.4078	-6.47161
A79R_A	34	0.941558441558	1.0	0.933333333333	-11.8534	-10.2835	-25.0906
S3V_A	45	0.922077922078	1.0	0.911764705882	-8.91965	-10.3641	-24.5508
C93R_A	56	0.909090909091	1.0	0.89552238806	-5.6065	-10.4542	-27.3918
M1060L_C	65	0.767123287671	0.809523809524	0.75	-5.59712	-7.99962	-1.2917
V75A_A	72	0.863636363636	1.0	0.842105263158	-5.59655	-10.3767	-25.4942
R1047C_C	80	0.739726027397	0.809523809524	0.711538461538	-5.59614	-5.23822	-6.52502
N1086M_C	91	0.72602739726	0.809523809524	0.692307692308	-10.5786	-8.54154	-8.38498
N140H_A	100	0.824675324675	1.0	0.798507462687	-10.621	-10.3648	-24.9949
E1090N_C	106	0.671232876712	0.761904761905	0.634615384615	-7.3871	-5.71893	-8.67549
K1081D_C	115	0.657534246575	0.714285714286	0.634615384615	-7.34303	-5.80051	-7.58153
T1051F_C	131	0.657534246575	0.714285714286	0.634615384615	-7.33789	-5.79968	-7.778
K14H_A	136	0.785714285714	0.904761904762	0.766917293233	-7.51373	-9.5491	-24.5307
A54M_A	145	0.766233766234	0.857142857143	0.751879699248	-7.648	-9.50821	-26.7814
L109K_A	151	0.753246753247	0.8	0.746268656716	-2.87239	-5.53236	-24.5179
L1026I_C	159	0.602739726027	0.65	0.584905660377	-3.82634	-5.54211	-6.55908
M1063Y_C	175	0.575342465753	0.65	0.547169811321	-2.2547	-5.44912	-6.38921
K1040D_C	203	0.534246575342	0.619047619048	0.5	-2.84615	-4.37347	-7.20431
H14V_A	209	0.714285714286	0.736842105263	0.711111111111	-2.46412	-4.97832	-25.5402
H140R_A	216	0.701298701299	0.736842105263	0.696296296296	-1.83112	-5.07761	-23.814
I1070G_C	222	0.520547945205	0.571428571429	0.5	-1.64068	-3.82958	-8.11029
I60E_A	227	0.688311688312	0.722222222222	0.683823529412	-2.54901	-4.93573	-23.5127
Y153F_A	233	0.675324675325	0.666666666667	0.676470588235	-2.43293	-4.97204	-24.5332
H74W_A	241	0.662337662338	0.666666666667	0.661764705882	-2.43108	-4.9644	-28.6101
D33M_A	247	0.636363636364	0.631578947368	0.637037037037	-2.66977	-2.90672	-26.0654
G44S_A	252	0.61038961039	0.578947368421	0.614814814815	-2.46182	-2.64423	-24.2016
V46G_A	264	0.61038961039	0.578947368421	0.614814814815	-2.50982	-3.34958	-23.8352
G1070I_C	273	0.520547945205	0.571428571429	0.5	-2.6967	-5.10568	-12.4714
L1062M_C	280	0.506849315068	0.571428571429	0.480769230769	-2.70297	-5.12776	-12.9519
G46W_A	291	0.597402597403	0.578947368421	0.6	-3.00269	-2.83983	-23.7344
I106W_A	298	0.590909090909	0.578947368421	0.592592592593	-2.63124	-2.7638	-24.1436
M19C_A	312	0.564935064935	0.55	0.567164179104	-4.4078	-3.89123	-23.915
M1064V_C	320	0.465753424658	0.545454545455	0.43137254902	-3.69009	-5.20269	-6.95571
G14M_A	334	0.558441558442	0.578947368421	0.555555555556	-3.7369	-4.25013	-26.4845
S17M_A	340	0.551948051948	0.578947368421	0.548148148148	-2.70956	-5.353	-23.4518
V1028L_C	348	0.438356164384	0.47619047619	0.423076923077	-4.40266	-5.09613	-7.0627
N87G_A	355	0.532467532468	0.578947368421	0.525925925926	-4.40507	-3.7675	-24.6554
N33I_A	361	0.519480519481	0.6	0.507462686567	-4.38722	-3.56681	-24.2876
R8D_A	368	0.512987012987	0.6	0.5	-3.82226	-3.51283	-23.5729
H30K_A	387	0.525974025974	0.6	0.514925373134	-3.95309	-3.16857	-24.0963
Q96P_A	394	0.512987012987	0.55	0.507462686567	-2.52883	-1.15462	-27.8889
H20S_A	400	0.493506493506	0.5	0.492537313433	-2.02972	0.790223	-24.0825
I7T_A	409	0.5	0.55	0.492537313433	-1.83139	1.03522	-24.0945
E99G_A	422	0.487012987013	0.55	0.477611940299	-1.62501	1.1905	-25.2094
R13Y_A	430	0.474025974026	0.55	0.462686567164	-0.928998	1.11699	-23.955
M148W_A	443	0.467532467532	0.55	0.455223880597	-0.882497	1.13852	-24.0471
R154W_A	455	0.467532467532	0.55	0.455223880597	-1.06579	1.02096	-25.4285
R126M_A	468	0.467532467532	0.55	0.455223880597	-1.14689	1.01059	-26.0053
L1063C_C	474	0.397260273973	0.5	0.358490566038	-1.06102	-5.39956	-5.85925
W53F_A	484	0.435064935065	0.5	0.425373134328	-1.12737	1.23166	-25.9858
S70Q_A	496	0.428571428571	0.5	0.417910447761	-1.07808	1.07766	-25.9879
Y79C_A	503	0.409090909091	0.5	0.39552238806	-1.0649	1.00698	-26.8577
L149K_A	510	0.402597402597	0.5	0.388059701493	-0.974312	1.05143	-28.1988
M144C_A	516	0.38961038961	0.5	0.373134328358	-0.984633	1.25887	-25.8498
Y82N_A	523	0.37012987013	0.5	0.350746268657	-0.599908	2.46703	-27.9648
C33A_A	549	0.357142857143	0.45	0.34328358209	-0.525247	2.65372	-24.5351
R93K_A	558	0.350649350649	0.45	0.335820895522	-0.542875	2.65022	-28.2173
M14T_A	563	0.357142857143	0.4	0.350746268657	-0.72267	2.67794	-24.2082
M7Q_A	569	0.363636363636	0.4	0.358208955224	-0.861478	2.60093	-27.6731
I45M_A	576	0.357142857143	0.4	0.350746268657	-0.80042	2.50352	-24.1894
Y147L_A	581	0.357142857143	0.4	0.350746268657	-0.508263	0.118908	-24.4883
D133K_A	588	0.344155844156	0.4	0.335820895522	-0.519735	0.163098	-24.6821
D1084Y_C	597	0.397260273973	0.52380952381	0.346153846154	-1.56261	-4.93304	-8.21879
I44K_A	605	0.337662337662	0.4	0.328358208955	-1.41431	0.238896	-24.1818
H1068E_C	614	0.397260273973	0.52380952381	0.346153846154	-0.512265	-0.0189698	-7.01597
T1077A_C	622	0.41095890411	0.571428571429	0.346153846154	-1.26177	-5.43729	-6.15549
F121E_A	635	0.337662337662	0.428571428571	0.323308270677	-0.993373	0.144918	-27.7131
G55N_A	641	0.331168831169	0.380952380952	0.323308270677	-1.01955	0.270432	-24.1369
F1079I_C	659	0.383561643836	0.590909090909	0.294117647059	-0.857743	-5.22887	-5.72987
C144I_A	674	0.324675324675	0.368421052632	0.318518518519	-2.12702	0.479115	-24.1475
E121V_A	694	0.331168831169	0.368421052632	0.325925925926	-1.89357	0.556166	-24.9365
Y104N_A	704	0.324675324675	0.375	0.31884057971	-1.85107	0.558249	-24.3555
T27M_A	716	0.318181818182	0.375	0.311594202899	-1.90829	0.00357587	-27.7077
I116C_A	724	0.311688311688	0.375	0.304347826087	-2.23895	0.0467479	-24.3771
A156I_A	735	0.311688311688	0.375	0.304347826087	-1.61317	-0.478402	-23.3081
D19N_A	745	0.305194805195	0.3125	0.304347826087	-1.39859	-0.571496	-24.0671
W30D_A	753	0.305194805195	0.3125	0.304347826087	-1.44073	0.623775	-23.7104
T1075A_C	766	0.356164383562	0.478260869565	0.3	-1.47316	-2.16231	-9.28422
N146F_A	775	0.305194805195	0.3125	0.304347826087	-1.66267	0.270699	-26.8973
W8I_A	783	0.305194805195	0.3125	0.304347826087	-1.59971	0.124423	-25.1119
E15L_A	799	0.305194805195	0.3125	0.304347826087	-1.76342	0.0476786	-25.3629
R32M_A	808	0.305194805195	0.3125	0.304347826087	-1.95531	0.434249	-25.6905
E111S_A	816	0.298701298701	0.3125	0.297101449275	-1.8251	0.674373	-24.5332
L122Q_A	830	0.305194805195	0.3125	0.304347826087	-1.82804	0.693788	-24.9124
V20T_A	841	0.298701298701	0.3125	0.297101449275	0.225416	1.61853	-26.8767
C1047D_C	848	0.356164383562	0.47619047619	0.307692307692	0.280237	-1.05182	-7.74303
T1027K_C	857	0.369863013699	0.545454545455	0.294117647059	-1.37006	-2.05833	-8.03188
F81Y_A	864	0.292207792208	0.3125	0.289855072464	-1.38948	1.30511	-23.8239
W1042R_C	876	0.356164383562	0.5	0.294117647059	-1.61773	-2.13958	-6.50824
N55Y_A	881	0.285714285714	0.3125	0.282608695652	0.00950423	2.50297	-24.7639
Q122F_A	894	0.272727272727	0.25	0.275362318841	-0.411298	2.72098	-23.8527
G14N_A	903	0.272727272727	0.235294117647	0.277372262774	-0.928381	2.7479	-25.3274
L1048M_C	918	0.356164383562	0.47619047619	0.307692307692	-1.46792	-2.67788	-7.32244
L6V_A	929	0.266233766234	0.235294117647	0.270072992701	-1.51372	1.57633	-24.5893
Y136M_A	946	0.272727272727	0.294117647059	0.270072992701	-0.497251	0.0550309	-26.0807
Y81L_A	960	0.272727272727	0.294117647059	0.270072992701	-1.65478	-0.392539	-24.9791
W11S_A	974	0.272727272727	0.294117647059	0.270072992701	-1.21131	-0.245658	-27.0498
V6Y_A	986	0.272727272727	0.294117647059	0.270072992701	-1.23916	-0.301521	-30.8841
M18D_A	991	0.272727272727	0.294117647059	0.270072992701	-0.464159	-0.35568	-27.7363
D106K_A	999	0.266233766234	0.294117647059	0.262773722628	-0.154158	0.262923	-23.9842
