name	count	identity	evolved_interaction	ancestral_interaction	stability
E63C_A	1	0.993506493506	-10.4908	-10.4767	-25.6546
E1094A_C	6	0.972602739726	-10.5031	-10.5037	-9.40266
L1026R_C	13	0.917808219178	-9.59267	-10.0597	-7.88464
Q1095E_C	20	0.876712328767	-6.32557	-9.79103	-7.47209
S95R_A	29	0.922077922078	-6.33152	-7.0437	-24.9906
Q101A_A	37	0.902597402597	-6.32234	-7.05048	-24.6741
Q111W_A	51	0.883116883117	-6.5178	-7.02795	-24.3262
A15L_A	63	0.857142857143	-6.38624	-6.86201	-25.779
M1049A_C	75	0.835616438356	-6.64544	-10.3024	-6.64768
P128K_A	81	0.811688311688	-7.01948	-7.19727	-24.1446
Q117M_A	89	0.798701298701	-7.13645	-7.29133	-27.2954
A142W_A	94	0.785714285714	-6.3954	-7.27547	-28.0133
I60S_A	105	0.75974025974	-6.70705	-7.56544	-25.1161
Q39M_A	113	0.753246753247	-7.56781	-7.63928	-25.8988
P105L_A	123	0.727272727273	-7.63692	-7.75685	-24.6969
E49R_A	133	0.714285714286	-7.72373	-7.93615	-26.5505
D1082H_C	143	0.753424657534	-7.46935	-8.48033	-6.12728
D118A_A	156	0.668831168831	-7.28181	-7.58112	-26.0295
I1039L_C	163	0.72602739726	-7.49739	-8.20148	-7.5272
G44C_A	170	0.649350649351	-5.54466	-4.41199	-25.0979
I4D_A	186	0.642857142857	-5.54406	-4.42996	-25.7207
H20G_A	203	0.62987012987	-4.61794	-2.32608	-26.24
M135H_A	212	0.623376623377	-4.66057	-2.31669	-25.655
D4H_A	222	0.623376623377	-4.69186	-2.32925	-26.1871
K110N_A	232	0.61038961039	-2.64137	-0.962746	-24.6881
P46M_A	237	0.597402597403	0.205253	1.7139	-24.1257
C61Q_A	247	0.584415584416	0.235055	1.72815	-23.9958
E1090P_C	261	0.58904109589	1.63002	-3.49549	-8.21924
Y87D_A	266	0.571428571429	2.15481	1.37419	-23.312
Q154V_A	280	0.564935064935	1.63241	1.33453	-22.7082
H1051V_C	289	0.575342465753	1.59342	-3.16539	-8.40175
T108F_A	297	0.532467532468	1.65437	1.58599	-25.0023
A43Q_A	305	0.525974025974	1.65921	1.52533	-23.7203
D128Q_A	320	0.532467532468	0.601131	1.53422	-23.2725
Q1062M_C	327	0.547945205479	0.404391	-4.48315	-9.44973
K1041E_C	338	0.520547945205	-0.089636	-3.6284	-8.66873
R82F_A	347	0.532467532468	-0.103844	1.17426	-23.9788
Q120F_A	357	0.525974025974	-0.104492	1.34488	-27.454
I1035K_C	362	0.506849315068	0.00476451	-3.51338	-6.82158
T15W_A	369	0.512987012987	0.0577596	1.4508	-25.5915
T35H_A	377	0.506493506494	-0.200453	1.62731	-25.8474
E150N_A	384	0.506493506494	-0.573542	1.51729	-25.2001
A79Y_A	390	0.5	-1.63775	0.944843	-28.3441
I1036N_C	396	0.479452054795	-1.67216	-4.16579	-5.26489
H3N_A	405	0.487012987013	-1.5349	0.921059	-24.676
V1075M_C	418	0.465753424658	-1.31582	-4.18884	-7.05677
S122M_A	424	0.467532467532	-2.80097	1.19926	-24.9802
T7H_A	433	0.467532467532	-2.83717	1.18649	-24.8486
V1042Y_C	438	0.438356164384	-2.73546	-3.68353	-7.40394
N1036C_C	451	0.424657534247	-2.74768	-3.56344	-5.81032
M1061R_C	457	0.41095890411	-1.34786	-3.67407	-8.32463
A142M_A	464	0.435064935065	-1.28958	1.18955	-23.8437
C29T_A	470	0.435064935065	-1.2713	1.20361	-23.9579
Y70M_A	480	0.435064935065	-1.33526	-0.887685	-24.9494
G20R_A	493	0.422077922078	-1.71501	-2.77444	-24.2451
T43F_A	500	0.422077922078	-1.768	-2.77113	-30.0026
F108Y_A	508	0.415584415584	-1.89386	-1.85176	-26.5835
A153E_A	517	0.415584415584	-1.83034	-1.89488	-24.3089
E65T_A	525	0.422077922078	-1.85494	-1.83609	-23.8551
M50Y_A	537	0.415584415584	-1.88058	-1.96756	-24.0813
E1071K_C	553	0.41095890411	-1.35245	-4.15375	-7.12894
D100N_A	567	0.409090909091	-2.45422	-1.44775	-25.2148
N150Q_A	589	0.409090909091	-2.53554	-1.2331	-25.6765
A124Y_A	595	0.396103896104	-2.55172	0.0288758	-26.9674
M1062E_C	601	0.369863013699	-2.59439	-3.87505	-9.45334
R4S_A	608	0.38961038961	-2.57521	-0.910899	-24.4542
S92M_A	616	0.38961038961	-2.44024	-0.729955	-29.8231
W36M_A	622	0.396103896104	-2.51805	-0.697784	-27.1833
Q1040V_C	630	0.342465753425	-2.48533	-2.4077	-7.34617
K59Y_A	643	0.376623376623	-2.43423	-0.213493	-23.8656
M110L_A	652	0.376623376623	-2.43964	-0.136554	-24.2681
E1062Y_C	661	0.342465753425	-1.33679	-4.07752	-7.11126
I1059M_C	669	0.328767123288	-1.34257	-4.07653	-6.36608
I118V_A	677	0.37012987013	0.497446	0.961353	-26.209
Y32M_A	683	0.37012987013	-0.97332	-1.50768	-25.4913
E1092Q_C	706	0.315068493151	-0.778659	-3.08565	-7.32152
K30W_A	717	0.357142857143	-1.23942	-1.36787	-24.5002
K48F_A	730	0.344155844156	-1.37416	-1.23791	-24.1497
H1049A_C	742	0.27397260274	-1.3388	-1.0907	-6.48561
K1041I_C	750	0.260273972603	-1.33739	-1.22216	-6.63382
V1051W_C	769	0.260273972603	-1.34638	-1.40112	-8.2113
N1068G_C	776	0.27397260274	0.269087	-0.351584	-7.6341
L10F_A	781	0.337662337662	0.253054	0.203531	-24.731
N1080L_C	796	0.246575342466	0.241271	2.21552	-8.88449
K1035G_C	809	0.246575342466	0.251232	1.77253	-8.28875
I1089L_C	818	0.219178082192	-0.106067	-1.13184	0.212134
G129C_A	825	0.324675324675	0.944686	-0.342539	-26.6315
A1076Q_C	832	0.219178082192	0.787759	1.01906	-9.19654
W49M_A	843	0.324675324675	0.783274	-0.351021	-25.0942
G1035M_C	866	0.219178082192	0.232146	0.187124	-6.74706
I148V_A	879	0.331168831169	0.232377	-0.348256	-27.6595
A44Q_A	887	0.331168831169	1.06768	-0.766259	-34.224
P1027Q_C	893	0.219178082192	0.978544	1.78048	-7.19369
A5W_A	899	0.318181818182	1.13127	-0.459479	-26.0555
C156Q_A	910	0.318181818182	1.27715	-0.215392	-24.4771
Y17L_A	927	0.311688311688	0.970114	0.991991	-24.4264
E1066I_C	933	0.219178082192	0.809531	3.04631	-6.59373
V71I_A	939	0.311688311688	0.806815	0.948923	-24.9083
F48Q_A	944	0.311688311688	0.990179	1.03315	-24.5145
L1088K_C	953	0.246575342466	1.26018	2.29832	-5.42079
K1068R_C	965	0.260273972603	0.379456	-0.265266	-6.01039
S1032Q_C	984	0.246575342466	0.377708	-0.401212	-6.35141
