name	count	identity	interface_identity	non_interface_identity	evolved_interaction	ancestral_interaction	stability
V57I_A	1	0.993506493506	1.0	0.992592592593	-10.5367	-10.554	-27.03
Q101I_A	7	0.974025974026	1.0	0.97037037037	-10.5176	-10.5312	-25.2889
D1047M_C	14	0.945205479452	1.0	0.921568627451	-10.5217	-10.5883	-8.71143
M1060L_C	20	0.917808219178	1.0	0.882352941176	-10.3672	-10.5582	-7.68211
M1047S_C	25	0.890410958904	0.954545454545	0.862745098039	-9.1736	-9.32122	-6.43234
Y87V_A	38	0.902597402597	0.941176470588	0.897810218978	-9.14108	-10.516	-23.8051
D19L_A	49	0.876623376623	0.823529411765	0.883211678832	-8.92646	-10.6221	-25.9051
N52Q_A	65	0.863636363636	0.823529411765	0.868613138686	-8.65406	-10.6239	-24.4764
K110D_A	74	0.844155844156	0.833333333333	0.845588235294	-6.77514	-10.4732	-24.5557
W150V_A	80	0.844155844156	0.833333333333	0.845588235294	-5.78015	-8.05672	-23.4175
S122W_A	92	0.818181818182	0.764705882353	0.824817518248	-3.25878	-5.20596	-26.5362
Y155Q_A	97	0.792207792208	0.764705882353	0.795620437956	-3.27564	-5.21306	-25.5394
E131W_A	107	0.772727272727	0.705882352941	0.78102189781	-3.29561	-5.41136	-24.4931
Y18F_A	115	0.75974025974	0.705882352941	0.766423357664	-3.88901	-4.77749	-25.9923
T104C_A	126	0.753246753247	0.705882352941	0.759124087591	-3.93175	-4.78213	-24.1041
D1080S_C	137	0.72602739726	0.722222222222	0.727272727273	-3.32573	-4.19377	-7.08711
L1060Y_C	148	0.72602739726	0.722222222222	0.727272727273	-3.75629	-2.86271	-7.5872
L1065Y_C	155	0.72602739726	0.722222222222	0.727272727273	-3.76659	-2.84715	-7.53974
L1081E_C	166	0.684931506849	0.722222222222	0.672727272727	-3.8793	-3.10707	-7.04469
I1068F_C	182	0.684931506849	0.722222222222	0.672727272727	-4.09272	-1.62863	-9.22571
H111K_A	189	0.675324675325	0.705882352941	0.671532846715	-4.09473	-5.06822	-26.6545
R13C_A	196	0.649350649351	0.588235294118	0.656934306569	-3.23332	-2.29399	-24.2802
L4Y_A	211	0.62987012987	0.588235294118	0.63503649635	-3.1886	-2.19944	-25.4755
S95W_A	222	0.61038961039	0.588235294118	0.613138686131	-3.19276	-2.18503	-28.2724
S1047A_C	230	0.630136986301	0.705882352941	0.607142857143	-3.18032	-2.25961	-6.43886
K141A_A	236	0.577922077922	0.588235294118	0.576642335766	-3.15701	-2.11885	-25.529
S156Q_A	243	0.564935064935	0.529411764706	0.569343065693	-3.19862	-2.03282	-24.8797
E1094I_C	254	0.58904109589	0.647058823529	0.571428571429	-3.30201	-2.35003	-6.59578
S1062C_C	284	0.575342465753	0.647058823529	0.553571428571	-3.42021	-2.34963	-6.42288
E63M_A	292	0.519480519481	0.529411764706	0.518248175182	-3.41628	-2.18267	-26.6631
C1062Q_C	300	0.547945205479	0.647058823529	0.517857142857	-3.41612	-1.88558	-6.66606
W1035H_C	309	0.534246575342	0.647058823529	0.5	-3.41629	-1.88663	-5.94111
W16V_A	314	0.5	0.470588235294	0.503649635036	-3.30311	-2.21838	-23.8473
I1090Y_C	325	0.534246575342	0.611111111111	0.509090909091	-4.23815	0.159978	-6.5071
W95A_A	337	0.5	0.470588235294	0.503649635036	-4.35124	-3.2215	-24.4816
C20H_A	348	0.506493506494	0.529411764706	0.503649635036	-3.73972	-4.76532	-25.3064
S1033E_C	362	0.506849315068	0.611111111111	0.472727272727	-4.86607	3.92457	-6.4362
A1091N_C	370	0.479452054795	0.611111111111	0.436363636364	-4.84179	-0.515587	-6.96402
A133S_A	382	0.480519480519	0.470588235294	0.481751824818	-4.98633	-3.51664	-24.4734
S36T_A	393	0.480519480519	0.470588235294	0.481751824818	-5.07617	-3.49508	-24.6747
C93D_A	401	0.461038961039	0.470588235294	0.459854014599	-4.99329	-3.43349	-24.7597
R89I_A	409	0.454545454545	0.411764705882	0.459854014599	-5.13906	-3.47046	-24.8552
A141K_A	417	0.461038961039	0.411764705882	0.467153284672	-5.23051	-3.47475	-25.3765
Y1060I_C	425	0.438356164384	0.578947368421	0.388888888889	-5.24719	-1.29509	-7.92272
L14R_A	433	0.454545454545	0.411764705882	0.459854014599	-6.08475	-3.90181	-26.0399
H1040I_C	438	0.424657534247	0.578947368421	0.37037037037	-6.14329	-1.22346	-8.04729
T49Y_A	450	0.422077922078	0.352941176471	0.430656934307	-6.34291	-4.09586	-24.7896
D1032C_C	456	0.397260273973	0.578947368421	0.333333333333	-6.65552	-2.51393	-6.79239
Q156H_A	462	0.422077922078	0.352941176471	0.430656934307	-6.60765	-4.25356	-30.013
F1068K_C	469	0.397260273973	0.578947368421	0.333333333333	-4.93118	-2.51775	-5.78449
W1043M_C	477	0.397260273973	0.578947368421	0.333333333333	-4.79685	-2.51781	-6.38597
Y1075F_C	487	0.397260273973	0.578947368421	0.333333333333	-4.8001	-2.49647	-5.8269
A1076T_C	497	0.397260273973	0.578947368421	0.333333333333	-4.90559	-2.17469	-7.13898
Y4A_A	507	0.38961038961	0.388888888889	0.389705882353	-4.81785	-5.49901	-24.2044
L137F_A	518	0.383116883117	0.388888888889	0.382352941176	-4.81811	-4.05961	-26.4366
T1047D_C	528	0.397260273973	0.578947368421	0.333333333333	-4.81937	-2.17838	-6.50456
I11W_A	540	0.363636363636	0.333333333333	0.367647058824	-4.49296	-2.31216	-25.203
Y38F_A	554	0.357142857143	0.333333333333	0.360294117647	-4.46114	-1.86095	-27.4608
N1081M_C	566	0.383561643836	0.578947368421	0.314814814815	-4.5791	-2.20641	-7.86045
R17K_A	575	0.344155844156	0.277777777778	0.352941176471	-3.91018	1.23714	-25.2125
R132F_A	588	0.344155844156	0.277777777778	0.352941176471	-2.81059	2.27087	-25.3918
R1039W_C	593	0.369863013699	0.526315789474	0.314814814815	-1.4105	4.13268	-6.75235
K112L_A	616	0.337662337662	0.315789473684	0.340740740741	-1.41523	2.20684	-25.0241
C1093Y_C	624	0.369863013699	0.526315789474	0.314814814815	-1.40573	4.30426	-8.08025
M1066V_C	631	0.369863013699	0.526315789474	0.314814814815	-1.38366	-2.42665	-6.37239
S74E_A	643	0.337662337662	0.315789473684	0.340740740741	-2.78774	2.34602	-28.5064
L143M_A	650	0.337662337662	0.315789473684	0.340740740741	-5.60139	-0.349844	-27.0666
S1029M_C	663	0.342465753425	0.421052631579	0.314814814815	-6.68571	3.00185	-8.76282
N156K_A	680	0.331168831169	0.238095238095	0.345864661654	-4.10229	0.0791425	-26.0363
C27A_A	690	0.331168831169	0.238095238095	0.345864661654	-3.75779	-0.00511541	-23.8588
I121T_A	702	0.331168831169	0.238095238095	0.345864661654	-3.7514	-0.0925368	-26.1621
P1039Q_C	716	0.328767123288	0.388888888889	0.309090909091	-3.76419	3.94081	-7.18053
A133S_A	724	0.324675324675	0.238095238095	0.338345864662	-3.25257	-0.063446	-25.7723
I51L_A	731	0.311688311688	0.238095238095	0.323308270677	-3.18258	-0.211674	-25.2197
D1085K_C	741	0.315068493151	0.333333333333	0.309090909091	-2.97823	4.38172	-7.75626
F129C_A	750	0.318181818182	0.285714285714	0.323308270677	-3.01183	-0.51182	-25.1493
E74L_A	757	0.318181818182	0.285714285714	0.323308270677	-3.61461	-0.606806	-26.036
S1042P_C	766	0.301369863014	0.294117647059	0.303571428571	-3.54042	4.33233	-8.28785
P21C_A	775	0.311688311688	0.238095238095	0.323308270677	-2.87908	-0.45454	-23.9678
V62L_A	783	0.305194805195	0.238095238095	0.315789473684	-2.83866	0.556837	-26.0991
N105S_A	791	0.305194805195	0.238095238095	0.315789473684	-2.84187	0.54632	-24.5068
Y30C_A	803	0.305194805195	0.238095238095	0.315789473684	-2.55454	0.542418	-24.478
V1029N_C	817	0.287671232877	0.3125	0.280701754386	-2.74537	1.3111	-10.161
C30S_A	828	0.305194805195	0.277777777778	0.308823529412	-2.70739	0.511562	-24.1061
R1068Q_C	840	0.287671232877	0.3125	0.280701754386	-2.4504	2.94175	-6.20192
Y80Q_A	849	0.305194805195	0.277777777778	0.308823529412	-2.4548	0.30374	-24.5607
Q102V_A	862	0.298701298701	0.277777777778	0.301470588235	-2.46983	0.309021	-24.3525
Q40E_A	887	0.292207792208	0.277777777778	0.294117647059	-2.46973	0.223969	-23.5911
W79E_A	902	0.298701298701	0.277777777778	0.301470588235	-2.46984	0.279645	-24.841
D139A_A	909	0.292207792208	0.277777777778	0.294117647059	-2.47033	0.322447	-23.9861
I71W_A	917	0.292207792208	0.277777777778	0.294117647059	-2.49936	0.322485	-24.3619
C106G_A	927	0.292207792208	0.318181818182	0.287878787879	-3.18326	0.291854	-24.0841
A1060V_C	939	0.27397260274	0.3125	0.263157894737	-2.70782	2.28459	-8.14128
M63I_A	950	0.292207792208	0.318181818182	0.287878787879	-3.19944	0.213553	-23.8924
L9M_A	960	0.292207792208	0.333333333333	0.285714285714	0.346593	2.37726	-24.3727
C21W_A	968	0.285714285714	0.333333333333	0.278195488722	0.428406	2.4062	-24.4204
F115V_A	981	0.285714285714	0.333333333333	0.278195488722	0.42952	2.29051	-23.6258
F1057G_C	987	0.27397260274	0.333333333333	0.258620689655	0.918314	3.43661	-11.3399
T94S_A	1000	0.292207792208	0.380952380952	0.278195488722	0.918746	2.36722	-23.8035
