name	count	identity	evolved_interaction	ancestral_interaction	stability
N98I_A	1	0.993506493506	-10.4946	-10.5197	-27.1498
S1062Y_C	12	0.972602739726	-5.77077	-10.0914	-8.76051
A142W_A	20	0.941558441558	-5.74897	-5.30449	-26.3821
Q7I_A	26	0.909090909091	-6.02909	-5.35106	-24.7808
K31G_A	31	0.896103896104	0.659399	-2.28366	-26.2144
F22G_A	41	0.87012987013	3.85839	0.540187	-26.7074
A1051V_C	47	0.904109589041	4.18766	-6.27656	-8.20843
C1069N_C	60	0.876712328767	5.01096	-5.60095	-6.65816
G44D_A	74	0.837662337662	4.03193	-0.166079	-24.5009
A1032T_C	80	0.821917808219	1.98344	-5.27898	-7.97349
N1025A_C	91	0.794520547945	2.33857	-5.43805	-6.97116
K153S_A	97	0.792207792208	2.1662	0.0460674	-22.8526
Q1061D_C	112	0.808219178082	2.18918	-5.45494	-6.1854
K141H_A	124	0.766233766234	2.1412	0.16696	-22.7494
H1034W_C	131	0.808219178082	1.92767	-5.84392	-8.06161
V1028Y_C	141	0.794520547945	1.84983	-5.70608	-6.21504
E1047P_C	156	0.794520547945	1.64639	-5.69581	-8.08045
T1032Q_C	164	0.780821917808	2.47009	-4.89606	-8.76393
K48E_A	170	0.701298701299	2.57797	0.235877	-25.7988
I1088C_C	177	0.753424657534	3.56169	-2.31947	-7.23839
E67M_A	183	0.694805194805	3.55644	0.0312002	-27.2071
T1042N_C	191	0.72602739726	3.6287	-2.39477	-7.6926
Y87Q_A	201	0.668831168831	3.64147	-0.154105	-24.7374
I1035R_C	208	0.698630136986	3.47061	-2.41889	-8.41105
N66T_A	215	0.636363636364	3.35791	0.0274717	-21.8243
V1051M_C	223	0.671232876712	3.53185	-0.65515	-8.58812
S1029E_C	228	0.643835616438	3.66592	-0.815876	-7.32277
A32M_A	237	0.597402597403	3.74907	0.357747	-27.279
E1084V_C	245	0.616438356164	2.96432	0.285855	-8.09231
N124K_A	254	0.571428571429	2.97703	1.0255	-25.9831
K40D_A	263	0.558441558442	3.072	0.595594	-25.5269
Q46R_A	272	0.551948051948	3.90729	0.167803	-25.913
A1053S_C	287	0.547945205479	3.85831	0.567121	-6.20971
Y1028F_C	297	0.547945205479	3.81946	0.567005	-7.02322
E48P_A	304	0.545454545455	3.88249	0.565338	-28.3815
K1040N_C	315	0.520547945205	3.78466	0.729336	-6.54838
E1039C_C	325	0.493150684932	3.23792	0.937726	-7.68525
M15N_A	331	0.525974025974	3.09982	0.390661	-27.4535
N85C_A	337	0.506493506494	2.72743	0.0649037	-27.3208
M31P_A	343	0.5	3.38885	1.89393	-24.1538
S61E_A	362	0.487012987013	3.65197	2.4146	-23.9843
E1079Y_C	371	0.465753424658	3.66329	0.93255	-8.84173
S89C_A	379	0.467532467532	3.72016	2.10194	-24.3777
N78W_A	388	0.461038961039	3.5649	1.88871	-24.2188
H1045I_C	409	0.452054794521	3.50736	1.00718	-8.77097
D40H_A	421	0.467532467532	2.77128	0.477061	-26.6976
S1053I_C	433	0.452054794521	2.80572	1.01401	-7.83099
M1029I_C	442	0.452054794521	2.11349	0.598882	-6.43713
I1095E_C	453	0.452054794521	1.38358	0.733127	-6.44292
L6P_A	468	0.435064935065	1.31903	0.19864	-25.7473
S27L_A	487	0.428571428571	1.39412	-0.0870836	-24.5273
L71Y_A	494	0.422077922078	0.55229	-0.210221	-24.5772
G1050Q_C	505	0.41095890411	0.935705	2.55841	-7.72295
N1040V_C	511	0.397260273973	0.915227	1.69026	-7.21839
I1045R_C	517	0.397260273973	0.314845	1.08514	-9.56385
F1028V_C	531	0.41095890411	0.305636	1.05877	-9.69914
V113L_A	537	0.396103896104	0.247723	-0.130575	-26.3639
Q108S_A	543	0.38961038961	-0.265672	1.90064	-24.1939
D121P_A	552	0.383116883117	-0.35595	1.88273	-27.0108
L146E_A	557	0.383116883117	-0.326965	2.01149	-25.8197
Y25M_A	565	0.376623376623	1.61663	2.08134	-24.8838
Y106E_A	572	0.376623376623	1.07521	2.31173	-25.6287
D1074E_C	586	0.383561643836	1.20833	-0.0244297	-10.1353
M104V_A	591	0.37012987013	1.20484	2.87497	-26.8154
L1035Y_C	599	0.369863013699	3.75051	-0.034916	-8.72561
P132M_A	607	0.357142857143	3.73947	4.06853	-24.6232
Y1035A_C	615	0.356164383562	3.73896	0.0699204	-5.6913
W124V_A	622	0.350649350649	3.70442	2.33055	-24.5858
W36N_A	633	0.350649350649	3.34744	3.32099	-24.0859
V100F_A	640	0.344155844156	3.22807	3.32005	-23.9725
D1080K_C	646	0.342465753425	3.22224	0.31528	-6.67773
I1053L_C	661	0.342465753425	3.34961	1.08502	-9.40582
N139V_A	669	0.344155844156	2.89299	3.36973	-23.4837
W78Y_A	687	0.350649350649	2.87847	3.40046	-23.5319
C22E_A	700	0.350649350649	3.62544	4.0424	-25.2549
V1076M_C	706	0.342465753425	3.67291	0.386637	-6.64436
H1024M_C	721	0.342465753425	3.67691	0.364363	-8.67154
D1046N_C	730	0.356164383562	3.97276	0.496616	-6.95106
K74W_A	737	0.344155844156	4.71098	4.2526	-25.4938
H20L_A	743	0.337662337662	4.4065	6.0265	-25.0895
K1080P_C	756	0.356164383562	4.47722	-1.24098	-7.54155
S1059G_C	773	0.356164383562	4.5715	-1.45601	-7.27177
N1042K_C	780	0.356164383562	5.50326	-1.17805	-8.25695
F123E_A	787	0.324675324675	6.06586	6.65333	-25.0542
A1091T_C	794	0.342465753425	6.17411	-0.699445	-6.92291
T1094W_C	804	0.328767123288	6.12786	-0.810409	-7.82796
M1047L_C	812	0.328767123288	5.96744	-1.75998	-5.41842
Q130D_A	822	0.311688311688	5.88137	6.77214	-25.6645
A39L_A	841	0.311688311688	5.27913	5.98288	-26.7802
I25G_A	847	0.305194805195	2.55093	8.63528	-24.8981
M150Y_A	856	0.305194805195	2.0252	8.80014	-25.3008
Y144A_A	868	0.298701298701	2.00759	8.75098	-24.792
E13R_A	875	0.311688311688	-0.307198	4.99633	-27.1434
A1050F_C	887	0.342465753425	-0.0342486	-1.31973	-7.18803
N1069R_C	894	0.342465753425	-0.204474	-1.87006	-6.05419
M125R_A	901	0.285714285714	1.61619	6.59094	-24.7647
N15L_A	910	0.285714285714	1.88087	7.98485	-27.6838
V29S_A	921	0.279220779221	1.66988	6.99567	-24.1137
Y1080D_C	935	0.342465753425	1.74447	-1.93865	-6.74659
Q1032N_C	940	0.342465753425	-1.08804	-3.40696	-6.72029
K14E_A	956	0.272727272727	-0.566413	4.66627	-22.4586
F1052M_C	976	0.315068493151	-0.637324	-2.98958	-7.46776
F1071T_C	984	0.301369863014	-0.592308	-2.93005	-7.19118
I13R_A	1000	0.272727272727	-0.203211	0.762973	-22.912
