name	count	identity	interface_identity	non_interface_identity	evolved_interaction	ancestral_interaction	stability
D102S_A	1	0.993506493506	1.0	0.992592592593	-10.4946	-10.5197	-25.5362
S122F_A	9	0.967532467532	1.0	0.962962962963	-7.95098	-10.4001	-25.9576
L150C_A	14	0.954545454545	1.0	0.948905109489	-4.90116	-7.72675	-25.6536
H20C_A	19	0.948051948052	0.941176470588	0.948905109489	-2.58611	-5.71547	-25.6641
R139Y_A	25	0.915584415584	0.941176470588	0.912408759124	-2.66847	-5.65689	-28.0647
V1028T_C	30	0.86301369863	0.761904761905	0.903846153846	-2.71656	-4.42251	-6.65331
T67N_A	42	0.87012987013	0.882352941176	0.868613138686	-1.65346	-3.99161	-25.3876
A54Y_A	53	0.850649350649	0.882352941176	0.846715328467	-1.65035	-4.03488	-24.5381
V62F_A	66	0.824675324675	0.882352941176	0.817518248175	-1.6922	-4.0787	-23.8779
K110R_A	74	0.798701298701	0.882352941176	0.788321167883	-1.95646	-4.50345	-24.6596
S127T_A	81	0.792207792208	0.882352941176	0.78102189781	-2.02531	-4.50336	-25.8891
A129K_A	87	0.766233766234	0.764705882353	0.766423357664	3.41894	1.41429	-24.5406
M138W_A	100	0.75974025974	0.764705882353	0.759124087591	4.25062	1.41426	-24.9954
Q111V_A	106	0.75974025974	0.764705882353	0.759124087591	0.933228	-0.626386	-24.3446
N66Q_A	117	0.74025974026	0.764705882353	0.737226277372	0.70098	0.937818	-27.2555
K27E_A	137	0.720779220779	0.705882352941	0.722627737226	1.80727	2.88609	-24.2254
G50E_A	147	0.714285714286	0.6875	0.717391304348	2.08019	2.88026	-24.1446
Y68L_A	161	0.701298701299	0.6875	0.702898550725	2.10806	2.9394	-23.512
Y155M_A	168	0.681818181818	0.6875	0.68115942029	2.08781	2.92751	-24.1695
K40M_A	180	0.662337662338	0.5625	0.673913043478	1.01836	1.65236	-27.347
N140D_A	187	0.636363636364	0.5625	0.644927536232	0.038552	1.16557	-26.7911
R110K_A	194	0.636363636364	0.5625	0.644927536232	-0.046156	1.29205	-24.0816
Q154A_A	210	0.616883116883	0.5625	0.623188405797	-0.0679412	1.31688	-24.2005
N98L_A	219	0.61038961039	0.5625	0.615942028986	-0.0682682	1.31564	-24.7295
L1061S_C	227	0.616438356164	0.631578947368	0.611111111111	-0.48292	-1.9703	-6.4035
G1043K_C	238	0.602739726027	0.578947368421	0.611111111111	-0.313758	0.117162	-7.51403
E111W_A	254	0.597402597403	0.5625	0.601449275362	-0.259263	1.2124	-23.9437
H20F_A	261	0.590909090909	0.5	0.601449275362	-0.975782	0.769507	-24.4304
F1037Q_C	269	0.561643835616	0.6	0.547169811321	-1.06408	0.325395	-7.74221
K14Q_A	278	0.564935064935	0.4375	0.579710144928	-0.694	3.44332	-23.326
K1038I_C	286	0.520547945205	0.6	0.490566037736	-1.48349	0.247997	-7.41542
S61M_A	293	0.551948051948	0.529411764706	0.554744525547	-1.69144	1.26689	-27.5223
E146K_A	299	0.551948051948	0.529411764706	0.554744525547	-1.69618	1.27561	-27.1756
N22L_A	305	0.551948051948	0.529411764706	0.554744525547	-2.78506	-0.366317	-26.0066
I1038D_C	311	0.506849315068	0.608695652174	0.46	-2.83281	0.164567	-6.42266
L149S_A	320	0.532467532468	0.529411764706	0.532846715328	-0.729607	1.36851	-24.0955
Y1094L_C	352	0.493150684932	0.571428571429	0.461538461538	-1.85203	-0.316446	-6.59262
Q50R_A	361	0.532467532468	0.529411764706	0.532846715328	-3.01061	0.454285	-24.0399
Q4D_A	371	0.532467532468	0.529411764706	0.532846715328	-3.02146	0.373091	-28.3067
F101H_A	376	0.519480519481	0.529411764706	0.518248175182	-1.70996	2.85151	-23.7578
P123K_A	387	0.512987012987	0.529411764706	0.510948905109	-1.75213	2.35871	-26.5369
V36C_A	401	0.5	0.529411764706	0.496350364964	-0.786922	2.26483	-27.1388
T139L_A	406	0.493506493506	0.470588235294	0.496350364964	-0.509421	1.5331	-24.9396
S1061I_C	418	0.493150684932	0.590909090909	0.450980392157	-0.187168	-1.03212	-6.16146
A102R_A	432	0.487012987013	0.411764705882	0.496350364964	-0.186914	1.65741	-25.3109
S3D_A	443	0.480519480519	0.411764705882	0.489051094891	0.776464	1.59354	-25.242
L11W_A	452	0.474025974026	0.411764705882	0.481751824818	0.827496	1.54126	-24.1885
D121L_A	464	0.461038961039	0.411764705882	0.467153284672	0.886557	1.58653	-26.3864
S70G_A	470	0.441558441558	0.444444444444	0.441176470588	-1.30909	2.05307	-24.0383
C49S_A	480	0.441558441558	0.444444444444	0.441176470588	-0.738788	1.63239	-25.4505
Q1073E_C	498	0.424657534247	0.454545454545	0.411764705882	-0.736323	2.04214	-5.95527
N126L_A	509	0.428571428571	0.444444444444	0.426470588235	-0.73652	1.53997	-25.8341
M1081E_C	517	0.424657534247	0.5	0.392156862745	0.00812102	0.100314	-6.46258
T1058F_C	523	0.424657534247	0.5	0.392156862745	0.267615	0.117516	-7.29234
M40N_A	542	0.409090909091	0.3125	0.420289855072	0.15454	1.96413	-23.9564
F127M_A	551	0.396103896104	0.3125	0.405797101449	0.104009	1.97777	-26.6236
P88E_A	558	0.383116883117	0.3125	0.391304347826	-0.0108701	2.01213	-24.3616
E1050N_C	572	0.369863013699	0.454545454545	0.333333333333	-0.0669649	0.705204	-6.21832
T3K_A	579	0.383116883117	0.3125	0.391304347826	-0.115108	2.16522	-24.2668
F154Q_A	586	0.383116883117	0.3125	0.391304347826	-0.173169	2.05177	-24.8714
A106R_A	592	0.376623376623	0.3125	0.384057971014	-0.221749	2.03437	-25.906
V134T_A	608	0.376623376623	0.3125	0.384057971014	-0.165297	2.33934	-26.0495
D7H_A	613	0.376623376623	0.3125	0.384057971014	-0.182058	2.32121	-26.2041
F125D_A	620	0.376623376623	0.352941176471	0.379562043796	-1.0456	1.38748	-24.4488
Y30F_A	639	0.376623376623	0.352941176471	0.379562043796	-1.16272	1.30704	-25.7438
E1073D_C	647	0.301369863014	0.416666666667	0.244897959184	0.410467	3.14279	-7.70935
R113F_A	656	0.376623376623	0.352941176471	0.379562043796	-0.0131161	0.997442	-25.4903
I152A_A	665	0.383116883117	0.333333333333	0.389705882353	-0.0993848	1.08028	-26.6573
D59G_A	677	0.376623376623	0.333333333333	0.382352941176	-0.0716189	1.1719	-26.3055
K3L_A	687	0.376623376623	0.333333333333	0.382352941176	0.857171	-0.323671	-24.1041
K129E_A	694	0.376623376623	0.333333333333	0.382352941176	0.893532	-0.83249	-24.5764
I112L_A	704	0.376623376623	0.333333333333	0.382352941176	0.883273	-0.0953564	-26.0829
G1023H_C	716	0.287671232877	0.36	0.25	0.957926	3.74121	-6.51181
K74Y_A	740	0.363636363636	0.352941176471	0.36496350365	2.14201	3.73631	-24.7872
W143F_A	753	0.363636363636	0.352941176471	0.36496350365	2.13167	3.62345	-24.7607
S1029E_C	762	0.301369863014	0.380952380952	0.269230769231	1.78398	7.16101	-5.56056
D1038C_C	769	0.301369863014	0.380952380952	0.269230769231	1.70188	7.19043	-5.6889
A1064R_C	778	0.301369863014	0.363636363636	0.274509803922	0.685084	6.79163	-9.14801
K15F_A	787	0.350649350649	0.352941176471	0.350364963504	1.9797	3.92236	-25.7062
S134I_A	796	0.350649350649	0.352941176471	0.350364963504	0.760666	3.92245	-27.9632
M1087G_C	808	0.287671232877	0.363636363636	0.254901960784	1.80787	7.33868	-6.10838
F13L_A	816	0.337662337662	0.352941176471	0.335766423358	2.03181	3.8683	-25.7189
T150Y_A	821	0.331168831169	0.352941176471	0.328467153285	2.00255	3.90101	-25.1405
F1044K_C	830	0.287671232877	0.363636363636	0.254901960784	2.02835	7.33848	-5.24237
N74R_A	836	0.344155844156	0.333333333333	0.345588235294	1.96017	3.9039	-25.276
R34N_A	847	0.344155844156	0.333333333333	0.345588235294	2.09042	4.56372	-24.9127
L35A_A	863	0.350649350649	0.333333333333	0.352941176471	2.11493	3.91573	-25.9858
I1073S_C	871	0.287671232877	0.363636363636	0.254901960784	2.11463	6.70078	-6.62257
Y106W_A	882	0.344155844156	0.333333333333	0.345588235294	2.11476	3.84437	-25.1016
R51M_A	894	0.344155844156	0.315789473684	0.348148148148	2.29963	4.31294	-25.5801
Y4G_A	902	0.344155844156	0.315789473684	0.348148148148	2.32039	4.28918	-25.7268
F1027I_C	912	0.27397260274	0.333333333333	0.25	2.49105	7.9517	-5.81773
Y1088F_C	919	0.27397260274	0.333333333333	0.25	3.27135	4.41982	-6.37798
N33M_A	931	0.337662337662	0.3	0.34328358209	3.26835	4.2413	-25.9264
K1057G_C	941	0.301369863014	0.333333333333	0.288461538462	3.27042	5.05345	-5.75206
L1070E_C	952	0.287671232877	0.285714285714	0.288461538462	2.67436	4.38885	-5.51983
I96M_A	957	0.311688311688	0.285714285714	0.315789473684	2.78917	4.0809	-25.0871
L6V_A	962	0.305194805195	0.3	0.305970149254	2.71978	4.10628	-24.1197
M1083I_C	967	0.246575342466	0.3	0.22641509434	2.80227	2.9064	-5.36575
T101V_A	994	0.292207792208	0.238095238095	0.300751879699	2.88582	4.24398	-26.0432
