name	count	identity	evolved_interaction	ancestral_interaction	stability
A1051R_C	1	0.986301369863	-10.4924	-10.3793	-8.47364
M1049E_C	7	0.945205479452	-8.80761	-9.36483	-10.5191
E67D_A	12	0.967532467532	-8.7832	-8.75888	-24.062
T1042D_C	19	0.904109589041	-8.83584	-10.5773	-8.7629
Y3P_A	26	0.948051948052	-8.59782	-7.84175	-23.5016
K1058A_C	33	0.849315068493	-8.60104	-10.5169	-8.16275
A1058W_C	111	0.849315068493	-8.31251	-10.5136	-8.75785
A1074V_C	118	0.835616438356	-5.62676	-8.74657	-9.54125
M51V_A	126	0.857142857143	-5.09508	-5.77927	-25.12
H30W_A	135	0.844155844156	1.33965	0.479938	-24.3901
E1090A_C	145	0.767123287671	0.0539164	-6.0123	-11.4465
S1032F_C	156	0.753424657534	-0.573052	-6.05764	-9.93436
Y144K_A	166	0.811688311688	-0.82063	0.147373	-24.6556
P28K_A	175	0.798701298701	-1.4115	-1.97779	-25.4824
W22E_A	184	0.792207792208	-0.742352	-0.856651	-27.3479
D1068Y_C	190	0.657534246575	3.25191	-1.76164	-9.33931
S136K_A	205	0.75974025974	-1.13277	-0.392641	-24.9688
Q111V_A	216	0.753246753247	-1.6893	-0.793958	-23.8743
K40W_A	232	0.727272727273	-1.82822	-1.25935	-27.3445
L94C_A	242	0.707792207792	-1.88326	-1.26983	-24.8057
W1058K_C	255	0.630136986301	-1.88812	-3.14611	-9.86898
Y1067I_C	260	0.616438356164	-1.46557	-6.32767	-10.2006
A133Q_A	270	0.655844155844	-1.14363	-1.85196	-25.0879
A1090K_C	284	0.602739726027	-2.42808	-3.73052	-6.97956
N127G_A	314	0.655844155844	-2.40635	0.0387134	-26.6084
H1056K_C	323	0.575342465753	-2.39256	-3.75866	-8.54708
D1082S_C	331	0.547945205479	-1.79199	-0.760048	-7.58625
C1057G_C	340	0.561643835616	-1.99246	-0.767892	-10.2271
A1046E_C	347	0.547945205479	-2.21886	-0.770801	-10.7063
K1040P_C	355	0.520547945205	-1.41483	1.36338	-9.95779
S1092P_C	362	0.493150684932	-1.47903	1.31836	-6.82066
V29Q_A	370	0.616883116883	-1.98775	0.160635	-25.2316
A1049I_C	379	0.452054794521	-1.97391	-0.00277378	-8.41355
Q7T_A	385	0.597402597403	-2.22765	0.476784	-26.8496
F1056K_C	393	0.438356164384	-1.91888	1.36589	-8.62598
N122K_A	398	0.597402597403	-1.94299	0.322593	-26.5727
H118S_A	408	0.584415584416	-2.23584	0.519389	-24.3354
R1071Y_C	420	0.424657534247	-0.854007	-3.3232	-12.2937
I1033Y_C	425	0.397260273973	-0.394179	-1.95686	-6.40525
E11Q_A	435	0.571428571429	-0.495707	2.50265	-24.591
K1064N_C	444	0.41095890411	-0.409975	-3.41867	-13.4925
K122H_A	450	0.558441558442	-0.436781	2.31366	-25.0101
P78W_A	457	0.538961038961	-0.531586	2.46559	-24.486
K28G_A	468	0.525974025974	-2.21864	2.96318	-24.3131
E42W_A	477	0.506493506494	-1.52251	3.07068	-24.6502
Q1040P_C	485	0.369863013699	-0.635935	-0.628086	-8.45904
E63Y_A	493	0.474025974026	-0.724689	4.25285	-24.8399
I38R_A	502	0.461038961039	1.313	5.51629	-23.9364
D1030H_C	514	0.342465753425	1.21268	-1.86261	-5.19137
V6A_A	526	0.461038961039	-0.698704	4.73035	-25.1818
I1049M_C	536	0.356164383562	-0.686861	1.66776	-6.14881
N79R_A	544	0.461038961039	-0.128237	4.30265	-24.2229
H122D_A	560	0.461038961039	-1.28172	2.0414	-25.4485
R1044G_C	568	0.342465753425	-0.943281	2.46182	-6.61922
S95Y_A	587	0.448051948052	0.66111	2.78789	-25.3992
T120M_A	600	0.448051948052	0.526946	2.78336	-27.3676
K146R_A	608	0.441558441558	0.542442	2.13083	-25.3881
Q10T_A	618	0.435064935065	0.451863	2.58706	-24.1292
N1051A_C	623	0.342465753425	0.4515	1.3403	-7.92487
L1087G_C	635	0.342465753425	1.37172	-1.17657	-5.96883
W42L_A	654	0.415584415584	-0.780946	1.12366	-25.5744
P65F_A	662	0.415584415584	-0.783018	1.31782	-23.909
G15D_A	671	0.415584415584	-1.57919	-1.09529	-23.9225
M120L_A	693	0.422077922078	-1.55971	-1.0951	-23.6809
F1066K_C	701	0.328767123288	-1.82175	-2.20962	-6.24105
A1051Y_C	708	0.301369863014	-1.76432	-2.19156	-7.40869
T13N_A	729	0.409090909091	-2.25765	-0.736259	-23.7178
K1025G_C	741	0.301369863014	-2.58423	-1.7076	-6.75687
K1075I_C	755	0.301369863014	-2.7862	-1.40902	-7.65503
T1071H_C	766	0.301369863014	-2.81604	-1.41016	-6.82551
R135D_A	779	0.383116883117	-2.80917	-0.160544	-24.0309
V1083L_C	797	0.287671232877	-2.34426	-0.74577	-6.73344
V94L_A	809	0.38961038961	-2.35413	-0.0672166	-24.8493
G1087T_C	819	0.315068493151	-2.49746	-0.640314	-7.69076
G1069D_C	826	0.301369863014	1.20246	4.04509	-6.17164
N114C_A	835	0.396103896104	0.445933	-0.298063	-27.5162
L136G_A	840	0.38961038961	2.28374	-0.464214	-24.5963
S1060D_C	846	0.27397260274	2.50587	4.78074	-6.29264
D79N_A	851	0.38961038961	2.45168	-0.500434	-28.5293
F48E_A	856	0.376623376623	2.44431	-0.447428	-28.269
R104M_A	866	0.37012987013	2.6827	-0.343246	-25.9695
Q52C_A	876	0.363636363636	2.69489	-0.32753	-26.8561
V142F_A	890	0.37012987013	2.03001	-0.306256	-25.2308
D54L_A	906	0.363636363636	-0.528228	0.102865	-25.4197
N25G_A	917	0.363636363636	-2.59577	-0.576861	-24.7587
L1053G_C	932	0.27397260274	-2.59576	0.972388	-6.53036
M22E_A	939	0.363636363636	-2.05501	1.2882	-26.3784
N13M_A	948	0.357142857143	-1.67968	0.960199	-26.7475
M40F_A	954	0.357142857143	-2.13218	0.932491	-28.4431
S126P_A	959	0.344155844156	-2.08248	1.01805	-27.7324
R8F_A	967	0.337662337662	0.520218	2.33506	-24.0832
I1088V_C	973	0.27397260274	0.367662	2.37181	-8.24602
A1054N_C	985	0.27397260274	0.935453	5.29095	-6.76492
Q23E_A	996	0.324675324675	1.11783	3.05686	-24.1639
