name	count	identity	interface_identity	non_interface_identity	evolved_interaction	ancestral_interaction	stability
R1064A_C	1	0.986301369863	1.0	0.980392156863	-10.2218	-10.1093	-7.56419
D145N_A	6	0.967532467532	1.0	0.962962962963	-10.2261	-10.5202	-30.4787
G80I_A	12	0.954545454545	1.0	0.948905109489	-10.1486	-10.5248	-26.1795
L149Q_A	21	0.928571428571	1.0	0.919708029197	-10.1556	-10.4879	-26.2099
R1047T_C	30	0.904109589041	1.0	0.862745098039	-10.1497	-10.1449	-6.99523
K14V_A	38	0.902597402597	0.941176470588	0.897810218978	-9.70269	-9.88652	-24.6794
K18T_A	49	0.88961038961	0.882352941176	0.890510948905	-8.76306	-9.03731	-25.12
K40M_A	55	0.857142857143	0.882352941176	0.85401459854	-8.79104	-8.85317	-24.8402
K1055I_C	64	0.821917808219	0.809523809524	0.826923076923	-8.82168	-9.97826	-8.11475
H1092A_C	73	0.794520547945	0.761904761905	0.807692307692	-7.45726	-8.37701	-7.53303
K71W_A	84	0.805194805195	0.823529411765	0.802919708029	-7.38353	-8.75957	-26.1001
I145S_A	89	0.792207792208	0.8125	0.789855072464	-7.70531	-8.85732	-26.309
H1023K_C	96	0.767123287671	0.761904761905	0.769230769231	-7.94153	-8.43968	-6.91881
L1045V_C	104	0.753424657534	0.761904761905	0.75	-7.99137	-8.44514	-6.02752
A32I_A	112	0.753246753247	0.8125	0.746376811594	-7.96686	-9.16092	-24.2155
Q149D_A	118	0.74025974026	0.764705882353	0.737226277372	-7.60684	-9.17441	-25.1371
T1043D_C	125	0.712328767123	0.761904761905	0.692307692308	-7.25245	-8.50979	-8.57703
D1030S_C	133	0.698630136986	0.714285714286	0.692307692308	-7.22213	-8.00752	-8.91224
Q7P_A	140	0.701298701299	0.764705882353	0.693430656934	-7.32793	-9.00235	-24.5189
G44R_A	152	0.688311688312	0.705882352941	0.686131386861	-7.12825	-8.8186	-24.893
D100L_A	162	0.662337662338	0.611111111111	0.669117647059	-5.51898	-6.90701	-24.6083
D11K_A	169	0.662337662338	0.611111111111	0.669117647059	-5.70367	-7.08968	-26.3231
T51L_A	174	0.649350649351	0.555555555556	0.661764705882	-2.12725	-3.1064	-24.7968
I80R_A	183	0.649350649351	0.555555555556	0.661764705882	-2.01787	-3.12512	-28.1194
K1023F_C	190	0.630136986301	0.684210526316	0.611111111111	-1.52318	-8.07579	-7.81949
Y25T_A	198	0.616883116883	0.473684210526	0.637037037037	-0.986667	-0.325778	-24.2906
E126L_A	215	0.603896103896	0.473684210526	0.622222222222	-0.985775	-0.257199	-25.2524
F27T_A	223	0.603896103896	0.444444444444	0.625	0.322661	-0.070433	-24.1288
C124N_A	233	0.597402597403	0.444444444444	0.617647058824	0.323144	-0.119932	-24.814
R1070K_C	245	0.575342465753	0.6	0.566037735849	0.204379	-3.94676	-7.34292
F1036D_C	258	0.547945205479	0.55	0.547169811321	0.324957	-3.85049	-6.81602
S1080D_C	267	0.561643835616	0.55	0.566037735849	0.242251	-3.99969	-6.69611
A156C_A	274	0.551948051948	0.444444444444	0.566176470588	0.119999	0.317951	-24.9036
E1079L_C	284	0.506849315068	0.5	0.509433962264	0.223356	-4.57591	-8.16046
I121L_A	293	0.538961038961	0.388888888889	0.558823529412	1.01798	2.25849	-24.0909
A106R_A	302	0.512987012987	0.333333333333	0.536764705882	1.06545	2.30203	-25.8733
Y19K_A	312	0.5	0.277777777778	0.529411764706	0.941262	2.14583	-26.4895
D108T_A	322	0.5	0.277777777778	0.529411764706	0.934217	2.17953	-24.7011
P65E_A	330	0.493506493506	0.277777777778	0.522058823529	0.612633	2.07324	-23.6186
R106E_A	342	0.493506493506	0.277777777778	0.522058823529	0.54763	2.09238	-24.2771
N42F_A	352	0.480519480519	0.235294117647	0.510948905109	1.1825	4.82383	-28.6804
I1088N_C	359	0.465753424658	0.47619047619	0.461538461538	0.842573	-4.77675	-6.0961
E1035Q_C	374	0.452054794521	0.47619047619	0.442307692308	0.859154	-4.79309	-6.19206
S6F_A	383	0.474025974026	0.235294117647	0.503649635036	0.616123	4.68025	-27.1709
V29L_A	390	0.461038961039	0.235294117647	0.489051094891	0.6261	4.72074	-28.9898
V1032L_C	397	0.452054794521	0.5	0.43137254902	1.39956	-3.01579	-6.44419
A1091I_C	404	0.438356164384	0.5	0.411764705882	1.9365	-3.05062	-9.67381
K1070A_C	411	0.424657534247	0.47619047619	0.403846153846	2.16081	-3.22233	-7.73082
C1023L_C	419	0.41095890411	0.47619047619	0.384615384615	1.45065	-3.15605	-7.91919
Q1035F_C	425	0.41095890411	0.5	0.377358490566	1.36746	-3.20719	-8.87635
W17T_A	435	0.422077922078	0.277777777778	0.441176470588	1.29887	5.99058	-24.0942
K1041H_C	445	0.369863013699	0.473684210526	0.333333333333	1.19908	-3.02562	-8.54302
I45F_A	454	0.409090909091	0.263157894737	0.42962962963	1.19892	6.21575	-24.9025
M146W_A	463	0.402597402597	0.235294117647	0.423357664234	0.736194	5.87767	-25.0918
A1062T_C	472	0.342465753425	0.428571428571	0.307692307692	0.866229	-2.80383	-8.04448
M1060I_C	479	0.315068493151	0.428571428571	0.269230769231	1.01368	-2.60895	-5.64764
H1092K_C	488	0.301369863014	0.428571428571	0.25	1.38595	-2.68862	-7.61348
T1042Y_C	504	0.27397260274	0.380952380952	0.230769230769	1.88399	-2.9032	-7.34261
P1087S_C	512	0.27397260274	0.380952380952	0.230769230769	1.90673	-3.36554	-8.24344
Q130A_A	521	0.383116883117	0.176470588235	0.408759124088	1.85572	5.34683	-25.871
S1087R_C	527	0.287671232877	0.380952380952	0.25	1.87854	3.70096	-6.35259
I1060M_C	535	0.301369863014	0.380952380952	0.269230769231	1.8688	3.71554	-7.26566
T17K_A	552	0.383116883117	0.166666666667	0.411764705882	7.10682	2.74393	-26.1087
L1028T_C	557	0.287671232877	0.333333333333	0.269230769231	6.38204	4.03041	-6.85097
A1093G_C	569	0.287671232877	0.333333333333	0.269230769231	5.90005	3.95499	-5.63262
Q137V_A	576	0.383116883117	0.2	0.410447761194	5.93656	6.98651	-22.4548
Q18C_A	586	0.376623376623	0.2	0.402985074627	5.78001	6.58335	-25.951
L29K_A	598	0.363636363636	0.15	0.39552238806	5.4539	4.64832	-24.4316
Y1042V_C	608	0.27397260274	0.35	0.245283018868	5.37853	3.80177	-6.22084
T1028C_C	620	0.27397260274	0.35	0.245283018868	5.69554	4.62028	-7.35178
H59L_A	633	0.357142857143	0.2	0.380597014925	4.53161	4.31374	-26.3531
A1032T_C	641	0.260273972603	0.35	0.22641509434	4.54204	4.07137	-7.448
C145I_A	658	0.357142857143	0.210526315789	0.377777777778	5.28808	4.72138	-24.8624
V1076R_C	663	0.246575342466	0.3	0.22641509434	5.24632	4.85013	-9.22748
A1095T_C	679	0.246575342466	0.3	0.22641509434	5.19912	4.75576	-8.91118
F1094L_C	692	0.246575342466	0.3	0.22641509434	5.06158	4.7491	-7.97318
G88L_A	703	0.344155844156	0.111111111111	0.375	4.18048	2.46622	-25.9183
Y98R_A	708	0.344155844156	0.111111111111	0.375	4.18429	2.31414	-26.7899
W10Q_A	715	0.357142857143	0.166666666667	0.382352941176	4.13489	2.3878	-25.0571
Y3F_A	721	0.363636363636	0.166666666667	0.389705882353	4.15782	2.2843	-26.2897
E1040H_C	727	0.246575342466	0.3	0.22641509434	4.12583	2.86877	-4.62143
N1086C_C	735	0.246575342466	0.238095238095	0.25	3.88196	3.91317	-6.24725
W148F_A	747	0.350649350649	0.166666666667	0.375	3.84679	2.26315	-24.7366
K89Q_A	755	0.350649350649	0.166666666667	0.375	4.0036	-0.110757	-24.7047
L100H_A	762	0.350649350649	0.166666666667	0.375	3.91766	-0.110439	-23.3696
N124I_A	772	0.344155844156	0.166666666667	0.367647058824	3.9176	-0.110094	-24.2593
V61R_A	782	0.344155844156	0.166666666667	0.367647058824	3.65419	0.2365	-24.7364
A91F_A	788	0.337662337662	0.166666666667	0.360294117647	3.65782	0.129104	-24.4365
D37K_A	804	0.337662337662	0.166666666667	0.360294117647	3.67182	0.942376	-25.6802
N23H_A	812	0.337662337662	0.166666666667	0.360294117647	2.67682	0.722827	-24.9489
G115L_A	821	0.324675324675	0.166666666667	0.345588235294	2.63352	0.495291	-28.2055
I1092F_C	828	0.246575342466	0.263157894737	0.240740740741	2.62533	3.33552	-5.86588
I1047M_C	839	0.246575342466	0.263157894737	0.240740740741	2.61633	3.319	-6.44099
F1092E_C	847	0.246575342466	0.263157894737	0.240740740741	1.70488	3.69912	-6.49752
G1071H_C	857	0.246575342466	0.263157894737	0.240740740741	1.18803	1.36511	-6.97492
W13S_A	865	0.318181818182	0.166666666667	0.338235294118	1.23267	1.41331	-24.4946
T138L_A	871	0.318181818182	0.166666666667	0.338235294118	1.9141	1.34088	-26.0665
F1024L_C	878	0.246575342466	0.333333333333	0.218181818182	1.9264	1.13762	-5.67107
K1042M_C	888	0.246575342466	0.333333333333	0.218181818182	2.55292	1.57485	-8.56721
K57M_A	895	0.298701298701	0.176470588235	0.313868613139	2.67263	1.31428	-25.5096
K74R_A	903	0.298701298701	0.176470588235	0.313868613139	2.41001	1.52039	-24.5629
W4Y_A	914	0.292207792208	0.176470588235	0.306569343066	1.84596	2.02423	-24.1844
H1071E_C	927	0.246575342466	0.333333333333	0.218181818182	1.25917	1.30067	-9.78703
T130G_A	933	0.285714285714	0.176470588235	0.299270072993	1.30161	2.04866	-26.7459
W108T_A	942	0.285714285714	0.176470588235	0.299270072993	1.16871	1.6595	-24.2558
K1034P_C	952	0.219178082192	0.277777777778	0.2	1.24762	1.44313	-5.87673
E1092D_C	976	0.219178082192	0.227272727273	0.21568627451	1.1527	-0.923465	-5.95416
R15S_A	990	0.285714285714	0.176470588235	0.299270072993	1.2121	0.6008	-24.8938
