name	count	identity	evolved_interaction	ancestral_interaction	stability
R8A_A	1	0.993506493506	-10.4287	-10.4214	-23.4908
M1060E_C	9	0.972602739726	-10.5031	-10.3284	-8.22708
G115Q_A	14	0.974025974026	-11.7078	-10.5177	-30.2441
T61S_A	19	0.941558441558	-11.8643	-10.6225	-30.253
Q130I_A	27	0.922077922078	-9.40838	-10.9099	-24.2308
A1053E_C	32	0.876712328767	-9.27971	-9.22976	-6.74692
S122K_A	41	0.883116883117	-9.26157	-10.8515	-25.0733
D121C_A	56	0.850649350649	-5.7787	-6.43914	-26.8374
E12I_A	66	0.831168831169	-5.37041	-6.49364	-26.3002
K31N_A	71	0.798701298701	-5.75479	-6.95032	-25.5802
D1068S_C	82	0.808219178082	-6.04428	-7.18687	-8.99303
S1068L_C	94	0.780821917808	-6.64013	-7.72963	-7.51983
W99Q_A	104	0.75974025974	-6.40066	-6.58921	-24.5408
T1043D_C	115	0.739726027397	-6.40066	-7.81496	-7.48408
V57K_A	127	0.720779220779	-6.09385	-6.65136	-25.6636
M1083L_C	138	0.712328767123	-6.62352	-6.99548	-6.76246
E1059M_C	146	0.684931506849	-6.56676	-6.8148	-7.18509
Q1073T_C	156	0.657534246575	-6.56676	-6.84	-6.74757
G1054S_C	166	0.643835616438	-5.74937	-6.03294	-7.83521
S1095W_C	172	0.630136986301	-5.60422	-6.00337	-10.4245
G4R_A	188	0.681818181818	-6.16935	-5.22633	-24.0586
R1093M_C	199	0.58904109589	-6.12432	-5.925	-10.7502
T1077N_C	208	0.561643835616	-6.13084	-5.92547	-9.21866
S1051A_C	218	0.547945205479	-6.13703	-5.31458	-7.29347
K74G_A	227	0.655844155844	-5.94838	-5.17025	-24.942
L1066Y_C	242	0.520547945205	-6.42248	-5.0315	-7.93272
E108A_A	249	0.636363636364	-6.60976	-5.45685	-24.1044
G1023C_C	261	0.520547945205	-6.54052	-4.99985	-8.42691
A1040P_C	273	0.520547945205	-6.53406	-4.98645	-9.76045
L150R_A	284	0.603896103896	-6.53553	-5.44332	-24.5823
G44H_A	292	0.597402597403	-6.76738	-6.69915	-27.5072
G72C_A	299	0.590909090909	-7.34232	-7.0327	-28.2463
K14L_A	310	0.577922077922	-7.45595	-6.69617	-25.4415
K79G_A	320	0.571428571429	-7.58758	-6.53883	-26.0736
R118M_A	336	0.571428571429	-7.06332	-6.82424	-24.5403
M1059G_C	343	0.452054794521	-5.489	3.81408	-6.21843
K57Q_A	358	0.564935064935	-5.50856	-6.53521	-24.4034
W110A_A	365	0.558441558442	-5.28589	-6.43615	-24.0325
W1079N_C	375	0.438356164384	-5.28541	3.95056	-7.46484
H44K_A	387	0.558441558442	-5.61709	-6.49562	-24.5804
C121E_A	394	0.558441558442	-5.45802	-6.35222	-26.2569
F1073D_C	401	0.424657534247	-2.96815	3.51134	-7.72616
A156G_A	411	0.545454545455	-3.12682	-4.46748	-24.1521
N1079Q_C	421	0.424657534247	-3.44523	3.52541	-10.1873
K18Y_A	431	0.532467532468	-3.38092	-4.11254	-24.2503
P96I_A	441	0.532467532468	-3.35086	-3.52392	-23.2993
T1085W_C	452	0.41095890411	-3.53083	4.57363	-7.69871
I12Y_A	467	0.506493506494	-0.92911	-0.621471	-23.6011
A110P_A	475	0.506493506494	-0.775381	-0.877099	-25.4266
P143M_A	486	0.493506493506	-0.832873	-0.933634	-22.9741
R150W_A	492	0.493506493506	-0.777624	-0.941578	-24.7998
E11I_A	498	0.480519480519	-1.20955	-1.20138	-24.8403
M36Y_A	508	0.467532467532	-2.64318	-1.95165	-24.0873
K27L_A	514	0.454545454545	-2.95052	-1.27021	-23.8459
D115H_A	519	0.448051948052	-3.51496	-1.27045	-24.9709
A152G_A	527	0.441558441558	-3.13016	-1.21207	-24.0141
I96V_A	533	0.435064935065	-3.06667	-1.21685	-24.2158
I74L_A	541	0.428571428571	-2.8056	-1.19516	-25.0931
R104K_A	554	0.415584415584	-2.49341	-1.30298	-23.1632
N32A_A	567	0.422077922078	-2.5123	-1.30298	-23.5959
Y1040K_C	572	0.315068493151	-1.36946	2.07389	-7.35183
R1035K_C	577	0.301369863014	-1.34584	1.99991	-8.12306
S1025V_C	585	0.301369863014	-0.900939	2.08606	-10.029
Q111E_A	597	0.402597402597	-0.999633	-0.965046	-23.499
A149K_A	606	0.396103896104	-0.893898	-1.02459	-24.1426
L58F_A	612	0.396103896104	-1.28015	-1.69477	-25.4736
T1042Q_C	619	0.287671232877	-1.20748	0.0587429	-6.20846
Y1079I_C	627	0.287671232877	-1.13345	0.129319	-7.24746
E1034R_C	633	0.27397260274	-1.9114	5.67755	-8.3343
I1072L_C	642	0.260273972603	-2.11922	3.77446	-7.68521
S1024Y_C	666	0.260273972603	-2.53373	3.50217	-7.08744
L1061Y_C	676	0.260273972603	-2.58598	3.53366	-6.99473
L6P_A	683	0.37012987013	-2.49656	-5.60491	-24.4731
Y138E_A	691	0.37012987013	-2.37631	-4.48143	-24.0401
D1073N_C	701	0.246575342466	-2.03662	4.28005	-6.39098
G54E_A	716	0.363636363636	-2.02482	-3.10334	-24.6589
C23G_A	724	0.376623376623	-2.32761	-3.18811	-26.961
Y144K_A	731	0.376623376623	-2.03625	-3.36938	-24.5676
V1036E_C	743	0.246575342466	-2.08985	4.22906	-6.14635
R95W_A	768	0.357142857143	-2.09375	-2.44658	-25.2317
M1044Y_C	780	0.246575342466	-2.07602	4.22999	-5.96757
M146Q_A	797	0.350649350649	-2.51817	-3.0769	-25.1514
K33S_A	808	0.350649350649	-2.55039	-3.07109	-24.6134
Q146L_A	820	0.350649350649	-2.5374	-4.29113	-28.9707
G63M_A	825	0.344155844156	-2.34373	-4.33281	-29.299
N131G_A	831	0.337662337662	-2.47385	-2.54186	-24.1326
G100Y_A	852	0.331168831169	-2.45961	-2.42613	-27.2327
T153W_A	858	0.324675324675	-2.49636	-2.40695	-27.469
N1082Q_C	869	0.27397260274	-2.40925	5.17448	-6.53112
M67R_A	886	0.318181818182	-2.41075	-2.3036	-24.073
F1032D_C	894	0.27397260274	-2.38697	5.27117	-6.36688
A118R_A	901	0.318181818182	-2.39921	-2.4065	-24.9327
D15F_A	912	0.311688311688	-2.41221	-2.52863	-28.0924
G24L_A	918	0.298701298701	-2.37096	-3.8376	-28.7458
S33G_A	927	0.292207792208	1.95514	-4.26115	-26.1884
L52M_A	939	0.285714285714	2.05731	-4.79942	-25.3979
A3H_A	952	0.285714285714	2.08363	-4.57351	-26.9928
L1041Y_C	959	0.27397260274	1.54897	4.74652	-8.23292
Y1044F_C	973	0.27397260274	0.760575	4.90696	-7.52061
D118I_A	996	0.292207792208	0.788157	-4.52431	-26.8186
