name	count	identity	evolved_interaction	ancestral_interaction	stability
T51F_A	1	0.993506493506	-10.5129	-10.5404	-25.7339
L97M_A	6	0.974025974026	-6.07698	-10.5059	-27.2894
Y155F_A	14	0.948051948052	-6.13951	-11.0412	-26.3024
N98Y_A	20	0.928571428571	-9.99868	-10.8814	-26.6274
Q57L_A	27	0.909090909091	-9.87836	-10.5047	-24.5384
A106Q_A	35	0.883116883117	-9.88329	-10.599	-23.8403
N1025F_C	43	0.876712328767	-10.0432	-8.40954	-7.15611
I1091N_C	49	0.849315068493	-10.0635	-8.40625	-7.83676
M1083W_C	58	0.835616438356	-9.74629	-8.07255	-7.56079
Y98K_A	64	0.818181818182	-9.92333	-10.7256	-27.7712
Q151Y_A	73	0.792207792208	-7.40551	-8.03448	-27.3641
V134W_A	86	0.785714285714	-7.40326	-8.05387	-26.1687
L57T_A	107	0.766233766234	-7.28409	-7.80618	-24.494
C1046S_C	112	0.780821917808	-3.24273	-3.95261	-5.51852
T22I_A	125	0.75974025974	-4.22613	-8.20124	-23.8544
R17M_A	134	0.746753246753	-2.79762	-1.90738	-25.6195
G115A_A	150	0.733766233766	-1.74026	-1.97177	-25.6193
V1058E_C	159	0.698630136986	-1.5362	-2.43439	-6.63976
A98M_A	167	0.701298701299	-1.52784	-1.01048	-26.5888
I107F_A	178	0.675324675325	-1.55206	-1.05336	-24.3748
H1092M_C	185	0.671232876712	-1.79393	0.309925	-6.2449
I1035M_C	197	0.657534246575	-1.96198	0.315705	-7.03843
H106F_A	204	0.662337662338	-1.70249	-2.0031	-25.8807
K1027N_C	215	0.616438356164	-1.62273	-2.83166	-6.18602
R139S_A	230	0.636363636364	-1.98088	-1.85216	-24.5294
K110M_A	238	0.616883116883	-1.87401	-1.66945	-26.2694
P132Y_A	244	0.603896103896	-1.86323	-1.77272	-23.7889
I15Y_A	256	0.597402597403	-0.993976	-0.847955	-27.9212
F1085Y_C	264	0.58904109589	-2.1707	-1.4724	-7.53044
D1030L_C	271	0.561643835616	-2.22661	-1.59711	-6.94951
L149E_A	278	0.558441558442	-2.19841	-0.6798	-23.7137
Q117A_A	293	0.545454545455	-2.18301	-0.690772	-24.1638
K76M_A	300	0.532467532468	-2.45921	-0.742318	-25.2348
W102C_A	307	0.532467532468	-2.46661	-0.742802	-23.9803
F1033L_C	313	0.534246575342	-1.76908	-0.959582	-7.52281
Y144R_A	321	0.512987012987	-2.17148	-0.448267	-23.7368
S1040K_C	337	0.520547945205	-2.44952	-4.39892	-7.1483
K1054Q_C	344	0.506849315068	-2.47787	-6.27566	-6.91807
Y89C_A	358	0.487012987013	-2.42482	-0.749439	-23.6262
S1046Q_C	370	0.506849315068	-1.47493	-6.21181	-7.34869
N108D_A	379	0.474025974026	-1.31505	-1.30317	-25.843
I150L_A	385	0.474025974026	-1.32279	-1.33636	-24.4859
Q1054C_C	396	0.506849315068	-0.510015	-5.23085	-5.75532
R1059D_C	412	0.493150684932	0.539081	-5.84602	-5.66987
E1050Y_C	432	0.479452054795	0.571426	-5.68971	-6.82089
N66Q_A	437	0.461038961039	0.565105	-1.24138	-25.921
K1040F_C	448	0.452054794521	0.564635	-5.69016	-7.63488
A1047C_C	459	0.438356164384	2.31413	-2.20003	-6.82087
F1032W_C	466	0.438356164384	2.29018	-2.22708	-6.7693
Y68F_A	477	0.441558441558	2.28654	0.10389	-24.8966
K1043A_C	496	0.438356164384	1.71345	-1.36096	-6.23466
D100A_A	513	0.435064935065	1.81839	-0.0618499	-23.6479
K1027M_C	519	0.397260273973	1.75458	-1.06338	-7.60338
C18R_A	526	0.422077922078	1.41493	-2.00528	-24.0876
V1054K_C	536	0.397260273973	0.713188	-1.07775	-7.93291
E25T_A	547	0.415584415584	1.93736	-1.1476	-24.3094
F137A_A	556	0.396103896104	1.81983	-0.45196	-23.7159
T32F_A	562	0.396103896104	1.93683	-0.827169	-25.4361
N95Y_A	574	0.38961038961	1.93629	-0.771476	-24.8464
N1032M_C	582	0.383561643836	1.90341	-0.610738	-9.38181
F1063I_C	589	0.356164383562	1.63597	-0.783974	-8.57645
E154A_A	597	0.38961038961	1.95282	-0.845468	-24.3123
S1041V_C	607	0.356164383562	1.95946	1.08	-6.0408
Q1046E_C	615	0.356164383562	1.84474	-0.00194026	-6.30103
E49K_A	620	0.37012987013	1.75916	-1.02467	-28.1299
M1027R_C	627	0.356164383562	0.0566998	0.248055	-6.02924
D108I_A	636	0.344155844156	-2.92001	-4.4057	-24.1489
N1058S_C	644	0.356164383562	-2.88689	0.315758	-6.46242
C120T_A	652	0.344155844156	-2.88999	-4.40954	-24.9663
L142E_A	662	0.344155844156	-2.92498	-4.39773	-26.498
L122I_A	671	0.344155844156	-2.90359	-4.41335	-24.4615
M82V_A	676	0.344155844156	-2.75163	-3.9796	-25.6331
A133R_A	684	0.337662337662	-2.93491	-3.99173	-23.9517
T56G_A	700	0.344155844156	-1.58089	-3.91298	-24.3985
K30R_A	713	0.337662337662	-1.54339	-4.17959	-23.9628
V1047C_C	723	0.301369863014	-1.49604	0.585357	-4.13291
W1074S_C	729	0.301369863014	-1.49953	0.585369	-4.19281
I122D_A	738	0.324675324675	-1.63966	-4.27414	-25.3573
W151A_A	756	0.324675324675	-1.52731	-4.18346	-23.9781
F140D_A	779	0.324675324675	-1.22925	-4.8744	-25.1094
P4V_A	788	0.318181818182	1.43741	-2.30743	-24.5702
Y101E_A	797	0.318181818182	1.34352	-2.75729	-23.7417
D110S_A	816	0.311688311688	1.74544	-1.53709	-24.4751
L1037M_C	824	0.287671232877	1.70887	-0.549911	-4.73159
T61V_A	829	0.298701298701	1.7516	-1.40922	-27.7878
H103I_A	838	0.292207792208	1.79715	-1.65076	-24.4958
N1075V_C	846	0.287671232877	1.3936	-0.816014	-5.74666
L1094R_C	855	0.287671232877	1.24933	-0.0996674	-5.3999
M1032W_C	867	0.27397260274	1.22378	-0.836795	-4.4725
G1093D_C	884	0.27397260274	0.929407	-0.0822428	-5.5237
D1084E_C	894	0.287671232877	0.916944	0.0901556	-5.17047
F74L_A	901	0.285714285714	0.741726	-0.960964	-23.8941
L42Y_A	918	0.285714285714	0.760704	-0.688971	-24.2124
T1076Q_C	927	0.301369863014	0.955195	0.20146	-3.97876
T148F_A	934	0.279220779221	0.856835	-1.15593	-24.9467
Y46P_A	941	0.279220779221	0.851706	-0.897095	-26.9139
I111Q_A	952	0.279220779221	0.846967	-0.891906	-23.9092
E1070C_C	961	0.315068493151	0.738245	0.210905	-5.29037
R1055A_C	974	0.301369863014	0.799003	0.116912	-5.17864
E67C_A	981	0.279220779221	0.802508	-1.15586	-26.7023
E32M_A	991	0.279220779221	0.4101	-0.881207	-25.9294
