name	count	identity	evolved_interaction	ancestral_interaction	stability
E1084M_C	1	0.986301369863	-9.95941	-10.1081	-9.22757
V62L_A	7	0.993506493506	-4.42124	-10.9036	-28.9736
R1047T_C	15	0.917808219178	-3.02127	-2.33784	-10.4641
Q1095C_C	21	0.876712328767	-2.26486	-1.74787	-9.23253
T1047M_C	32	0.835616438356	-2.25486	-2.82208	-7.90782
G1090S_C	38	0.821917808219	-0.404415	0.913226	-7.44441
S1062E_C	50	0.808219178082	-1.89235	-0.214651	-8.03824
L1026T_C	60	0.767123287671	-1.8239	-0.262123	-6.03108
D1061K_C	68	0.739726027397	-1.46663	0.0994599	-6.75853
H1033K_C	74	0.712328767123	-1.42824	0.260189	-7.49501
I1035M_C	85	0.698630136986	-1.44626	0.260318	-6.03626
I1089V_C	96	0.671232876712	-1.44524	0.265333	-6.0225
L150I_A	111	0.798701298701	-1.46392	-2.6572	-24.6134
R8S_A	121	0.785714285714	-1.43304	-2.55419	-24.824
A1051D_C	134	0.643835616438	-1.28154	0.169125	-6.4147
K110P_A	144	0.75974025974	-1.05578	-2.42998	-25.9432
L1066F_C	154	0.630136986301	-0.932966	3.52117	-6.0156
A1074T_C	162	0.58904109589	-1.06225	3.37562	-6.537
H1068S_C	172	0.58904109589	-0.276508	0.372891	-6.58273
Q39G_A	182	0.733766233766	-0.206182	-2.28821	-24.4556
F1036A_C	196	0.547945205479	-0.830502	-0.21679	-5.96156
D118N_A	205	0.701298701299	-0.846313	-2.35532	-25.6194
N124E_A	226	0.675324675325	-0.857295	-2.36305	-25.486
S156C_A	235	0.668831168831	-0.888006	-2.26671	-23.8783
D19E_A	254	0.655844155844	-1.50391	-2.10468	-24.2351
E79W_A	271	0.649350649351	-1.5049	-2.05334	-24.0095
D145K_A	287	0.62987012987	-1.53306	-2.25613	-26.3599
P35M_A	299	0.623376623377	-1.88743	-2.87462	-27.0209
Q52K_A	309	0.61038961039	-1.90368	-3.33336	-24.1512
A1074R_C	335	0.493150684932	-1.91075	-2.51139	-7.44808
S1090P_C	348	0.493150684932	-2.385	-3.14115	-6.63952
K74M_A	353	0.577922077922	-2.47756	-2.70054	-24.1508
S102R_A	364	0.558441558442	-3.33263	-0.423634	-26.6515
K52A_A	371	0.558441558442	-2.92315	-0.4261	-27.6527
S1054F_C	377	0.479452054795	-3.02117	-2.9349	-6.99302
E1061A_C	385	0.465753424658	-3.00369	-2.94443	-7.42474
E1062L_C	394	0.465753424658	-2.95431	-2.90812	-9.04264
P140R_A	403	0.506493506494	-2.84124	-0.167212	-26.8347
L1094K_C	410	0.465753424658	-2.86032	-3.01448	-6.64772
T142M_A	417	0.512987012987	-3.08401	-0.0181422	-25.3524
R1080S_C	424	0.41095890411	-2.94223	-3.42339	-7.32267
D100W_A	438	0.493506493506	-2.94636	-0.167792	-24.2809
R1074Q_C	445	0.397260273973	-2.96074	-3.441	-8.81306
G70N_A	452	0.493506493506	-2.94963	-0.22718	-24.5336
T115L_A	459	0.493506493506	-2.89128	0.0413323	-26.8546
F127M_A	473	0.480519480519	-2.74999	0.0337303	-24.8831
C121P_A	479	0.474025974026	-2.87056	0.0872539	-26.102
M1084W_C	489	0.369863013699	-2.30759	-2.83621	-8.58153
G20N_A	500	0.454545454545	-2.24335	-0.48017	-25.47
V1075Q_C	513	0.369863013699	-2.25366	-2.53453	-6.47282
M132E_A	528	0.441558441558	-2.25529	-0.431007	-25.0699
L1036T_C	537	0.342465753425	-2.40534	-2.70303	-6.9204
P1085M_C	551	0.315068493151	-2.18681	-2.71228	-5.9696
W134L_A	559	0.422077922078	-1.16563	2.10615	-24.0314
N1051Q_C	567	0.315068493151	-1.10908	-2.83589	-6.5837
F121S_A	576	0.402597402597	-1.02097	2.86708	-23.644
Q96Y_A	584	0.396103896104	-1.02053	2.8658	-24.9731
N1061E_C	594	0.315068493151	-1.05358	-2.71784	-9.39653
Y1034M_C	605	0.301369863014	-1.05373	-2.69103	-12.2501
E131Y_A	612	0.37012987013	-1.10661	1.99367	-24.4946
L3W_A	622	0.363636363636	-0.62146	2.41993	-24.8297
L1067W_C	632	0.260273972603	-0.599894	-2.97672	-6.52282
F19Y_A	640	0.357142857143	-0.609349	4.0756	-24.9677
R1035E_C	646	0.246575342466	-0.736689	-2.8666	-6.41703
A26V_A	662	0.344155844156	-1.01557	3.02499	-23.9459
H129Q_A	669	0.337662337662	-1.02155	2.89437	-24.2877
M33T_A	679	0.337662337662	-0.960041	2.89049	-26.1569
Q1082H_C	685	0.260273972603	-0.751977	-2.29267	-7.2729
K1038C_C	701	0.246575342466	-0.6706	-3.04785	-7.10515
N70D_A	710	0.331168831169	-0.636897	2.90269	-24.1481
K1059D_C	782	0.219178082192	0.0592436	-2.72575	-7.19128
E14A_A	793	0.324675324675	-0.602832	2.21584	-26.4264
Y64M_A	801	0.318181818182	-0.798145	2.2264	-26.5583
N1092T_C	806	0.219178082192	0.345969	-0.211851	-6.36216
V26I_A	814	0.311688311688	0.0563751	1.78898	-23.5592
E1079G_C	822	0.191780821918	0.0182434	-0.336554	-5.17716
R22F_A	830	0.324675324675	0.0572278	0.641538	-25.8618
P105Q_A	838	0.318181818182	0.057844	0.770937	-27.2201
A14W_A	851	0.311688311688	-0.398028	0.796446	-24.8285
R1070L_C	869	0.191780821918	-0.0983148	-2.59127	-8.86746
M1047D_C	880	0.178082191781	0.019195	-2.2882	-6.47738
L154K_A	888	0.305194805195	-0.00359705	0.62817	-23.7944
E1073N_C	898	0.178082191781	-0.0175354	-2.2882	-6.29468
D30Y_A	903	0.298701298701	0.139247	0.50555	-26.7826
K29V_A	917	0.305194805195	-0.876933	0.706408	-23.8127
C37F_A	928	0.298701298701	1.94771	3.65346	-27.7514
V1043Y_C	935	0.191780821918	1.95033	0.0251446	-7.17347
Y79C_A	942	0.292207792208	1.98396	3.59282	-25.2637
R63H_A	949	0.292207792208	1.96728	3.56613	-28.7785
M15K_A	954	0.292207792208	1.80354	3.32458	-23.3867
L27M_A	974	0.292207792208	1.97282	3.73493	-23.7426
