name	count	identity	evolved_interaction	ancestral_interaction	stability
G50N_A	2	0.993506493506	-10.5094	-10.5197	-23.9515
R17K_A	10	0.980519480519	-7.46386	-7.27849	-26.5489
P72R_A	15	0.961038961039	-7.68382	-7.28565	-24.4533
Q10Y_A	22	0.941558441558	-8.10678	-7.73988	-26.0061
A133P_A	29	0.915584415584	-8.67806	-7.47484	-24.5858
L1063M_C	40	0.876712328767	-10.1833	-11.4176	-6.45927
F35K_A	50	0.883116883117	-5.92898	-4.60693	-25.511
F22W_A	61	0.876623376623	-4.44944	-2.82584	-25.0667
L4D_A	74	0.850649350649	-4.81987	-2.65289	-25.3108
R1071P_C	87	0.794520547945	-5.12844	-12.5016	-8.85317
Q130E_A	100	0.811688311688	-4.71237	-2.52309	-24.294
D1082K_C	113	0.739726027397	-3.20183	-11.426	-7.13912
K74E_A	121	0.779220779221	-3.22598	-1.61669	-26.211
A31Q_A	132	0.772727272727	-3.723	-2.21965	-26.6655
P78Y_A	142	0.753246753247	-3.86301	-1.72688	-25.4591
T91Q_A	150	0.727272727273	-3.8259	-1.75529	-26.8466
C51T_A	161	0.707792207792	-4.50657	-2.46541	-28.0696
I1088M_C	178	0.684931506849	-4.01313	-10.9424	-6.7325
S1032R_C	198	0.671232876712	-3.27085	-9.09199	-7.54854
K1041E_C	207	0.630136986301	-2.3632	-8.45511	-6.58476
P7M_A	214	0.662337662338	-2.98851	-2.58436	-25.4162
E66R_A	227	0.655844155844	-2.77929	-2.42142	-25.0851
Y82F_A	238	0.62987012987	-2.88878	-2.34477	-25.8552
D1087G_C	243	0.58904109589	-1.89363	-7.80321	-6.36074
S122M_A	254	0.597402597403	-1.13949	-1.61077	-27.8691
D19E_A	259	0.584415584416	-0.776215	-1.38582	-24.307
Y119Q_A	276	0.571428571429	-2.22282	-1.0165	-24.4874
D25W_A	285	0.564935064935	-3.62121	-4.33192	-23.7148
Y1075V_C	290	0.547945205479	-3.41504	-5.1772	-8.23449
H1068Y_C	297	0.520547945205	-4.08963	-4.50632	-7.95173
H83I_A	306	0.532467532468	-4.28939	-4.58251	-24.2209
G1087W_C	316	0.506849315068	-4.90109	-5.7409	-6.13657
S1033K_C	328	0.493150684932	-3.27003	-2.16313	-8.31807
A32M_A	334	0.519480519481	-3.25639	-3.35121	-24.3798
R1059H_C	348	0.465753424658	-3.27112	-2.12435	-6.23327
T1023P_C	357	0.465753424658	-3.25724	-2.30021	-7.06159
E1079N_C	372	0.452054794521	-2.85377	-2.1299	-5.84719
I83C_A	383	0.493506493506	-3.40921	-2.33325	-27.0051
T51Y_A	395	0.474025974026	-3.13643	-2.96157	-25.59
S136D_A	401	0.474025974026	-1.46917	-2.54896	-27.7772
A142G_A	406	0.467532467532	-1.2822	-2.52388	-23.3464
Q1090W_C	420	0.452054794521	-1.6829	-2.43157	-1.4642
K76R_A	430	0.454545454545	-1.78901	-2.78267	-23.2518
S139Y_A	444	0.454545454545	-1.44201	-2.60901	-25.4331
Y1041V_C	458	0.452054794521	-1.42103	-2.36853	-4.67603
T44E_A	466	0.435064935065	-1.28355	-2.15994	-24.9344
I42V_A	473	0.422077922078	0.406412	-0.32217	-24.1175
D136T_A	483	0.422077922078	0.0264702	-0.400837	-26.3437
F110L_A	492	0.415584415584	-0.414639	0.294402	-25.5551
G30P_A	500	0.422077922078	-0.41505	0.270847	-25.4155
H130M_A	509	0.422077922078	-0.416181	0.271839	-25.2489
A1046S_C	517	0.438356164384	-0.465994	1.86814	-5.78398
L124Y_A	524	0.415584415584	-0.460382	-0.00785094	-24.3127
F83M_A	530	0.402597402597	0.584345	0.136585	-27.4033
H7F_A	541	0.396103896104	0.589071	0.136596	-25.078
E1059W_C	549	0.397260273973	-0.839124	2.31963	-7.74343
Y1066L_C	557	0.41095890411	-1.13078	3.13979	-9.53826
T1077K_C	574	0.397260273973	-1.20416	3.73386	-10.3203
M18G_A	585	0.383116883117	-1.07552	-0.450873	-23.6627
S89P_A	603	0.38961038961	-1.4788	-0.645656	-25.1294
T1075N_C	609	0.383561643836	-0.820339	3.36188	-8.75225
M14E_A	623	0.383116883117	-1.39485	3.86576	-24.7552
C43Q_A	632	0.376623376623	-2.89004	1.5857	-26.0226
N1075Y_C	641	0.356164383562	-2.41763	2.99012	-7.67374
A135T_A	651	0.37012987013	-2.58641	1.28785	-24.8902
M1088D_C	659	0.342465753425	-1.57511	3.57837	-7.52331
L81F_A	664	0.37012987013	-1.58137	1.46079	-24.4306
E42H_A	673	0.363636363636	-1.79563	1.21969	-24.5586
L109F_A	685	0.357142857143	-0.286768	1.36828	-24.676
R106M_A	702	0.357142857143	-0.285168	1.35869	-24.858
V29W_A	716	0.344155844156	-0.516332	1.38536	-24.8785
M93L_A	727	0.344155844156	0.0630756	1.28246	-24.5767
W126N_A	734	0.350649350649	-0.0914195	1.28381	-23.7964
W25S_A	742	0.357142857143	1.57715	3.71989	-25.6572
N154I_A	752	0.357142857143	1.59588	3.73116	-23.9019
H54R_A	761	0.357142857143	1.24106	3.41198	-24.1621
D1032C_C	775	0.328767123288	2.04318	-0.709286	-7.2451
V139D_A	786	0.331168831169	2.00053	3.36134	-24.0638
M1047K_C	795	0.328767123288	2.09165	-0.740082	-6.17617
F11N_A	806	0.324675324675	2.12237	3.46798	-25.6803
H1034C_C	815	0.315068493151	2.13905	-0.680906	-5.92983
Q5T_A	828	0.324675324675	2.26011	4.03385	-25.367
V1095E_C	839	0.315068493151	2.42771	0.00791427	-6.29874
N1055K_C	849	0.315068493151	2.43842	0.00926354	-6.9176
A1092W_C	860	0.315068493151	2.28019	-0.104024	-6.93661
R54M_A	869	0.311688311688	2.94547	3.67646	-24.3635
A13Y_A	878	0.311688311688	3.02131	3.91294	-29.2231
T5G_A	883	0.311688311688	2.53122	3.9239	-26.2379
I1024M_C	902	0.287671232877	2.55971	-0.311985	-6.3691
W1074A_C	910	0.301369863014	2.71771	-0.239815	-6.25797
H35Q_A	917	0.298701298701	2.7182	3.02163	-26.5702
Y1042M_C	930	0.301369863014	3.26742	-0.207262	-6.13352
T18R_A	946	0.298701298701	3.03682	2.41251	-24.0732
G5D_A	961	0.305194805195	3.00447	2.36088	-23.5038
C1034Y_C	975	0.301369863014	1.8276	-1.3502	-6.6007
A27H_A	983	0.292207792208	1.84328	1.80564	-24.4229
L114A_A	994	0.285714285714	1.7957	2.55723	-24.7379
