name	count	identity	interface_identity	non_interface_identity	evolved_interaction	ancestral_interaction	stability
Q39R_A	1	0.993506493506	1.0	0.992592592593	-10.495	-10.5225	-26.819
F1036Q_C	17	0.972602739726	1.0	0.960784313725	-10.0495	-10.1767	-7.67397
C5T_A	23	0.954545454545	1.0	0.948148148148	-10.0498	-10.2175	-27.0929
Y87T_A	28	0.922077922078	1.0	0.911111111111	-10.014	-10.2506	-24.7937
L35K_A	37	0.896103896104	0.947368421053	0.888888888889	-7.1777	-7.42305	-25.5677
E1084D_C	42	0.904109589041	0.95	0.88679245283	-6.0061	-9.2105	-7.43348
K1054I_C	47	0.890410958904	0.95	0.867924528302	-6.03614	-9.20996	-7.29339
E131D_A	58	0.844155844156	0.823529411765	0.846715328467	-5.71224	-6.82989	-25.3561
D118K_A	71	0.824675324675	0.823529411765	0.824817518248	-5.60127	-6.84918	-25.4027
Q101I_A	77	0.818181818182	0.8125	0.81884057971	-2.8308	-3.97746	-25.7025
R1093V_C	82	0.835616438356	0.857142857143	0.826923076923	-2.8303	-9.3562	-5.9874
H22R_A	91	0.798701298701	0.8125	0.797101449275	-3.51176	-4.64535	-26.4088
C108I_A	101	0.785714285714	0.75	0.789855072464	-3.30612	-5.85022	-26.6671
K110G_A	108	0.772727272727	0.75	0.775362318841	-3.24887	-5.92764	-24.061
D1084L_C	116	0.780821917808	0.782608695652	0.78	-1.60004	-9.51829	-10.5249
L1081P_C	122	0.753424657534	0.782608695652	0.74	-1.65419	-9.30189	-6.42765
E12N_A	127	0.720779220779	0.6875	0.724637681159	-1.73497	-3.75706	-24.1142
I101Q_A	134	0.727272727273	0.6875	0.731884057971	-1.89775	-3.83101	-25.7502
Q1066V_C	142	0.712328767123	0.782608695652	0.68	-3.61375	-7.87086	-10.3404
G1057D_C	152	0.671232876712	0.782608695652	0.62	-2.85105	-10.2123	-7.48241
G110W_A	174	0.694805194805	0.666666666667	0.698529411765	-3.07657	-2.48419	-25.4921
Q1077P_C	181	0.671232876712	0.782608695652	0.62	-2.56512	-10.1607	-5.99541
D1075T_C	189	0.657534246575	0.782608695652	0.6	-2.60402	-10.183	-5.84889
Q11K_A	194	0.662337662338	0.611111111111	0.669117647059	-2.70228	-2.37813	-26.2333
I49F_A	207	0.655844155844	0.611111111111	0.661764705882	-2.79426	-2.41222	-24.1787
A118H_A	222	0.649350649351	0.611111111111	0.654411764706	-2.27969	-2.41653	-23.5911
A109N_A	227	0.642857142857	0.611111111111	0.647058823529	-2.27777	-2.3703	-26.2835
L9V_A	235	0.636363636364	0.611111111111	0.639705882353	-3.223	-3.35198	-23.9596
Q18Y_A	245	0.623376623377	0.611111111111	0.625	-3.67378	-4.15349	-24.1873
S1062E_C	257	0.561643835616	0.739130434783	0.48	-3.71972	-9.24744	-5.75356
A79I_A	274	0.597402597403	0.578947368421	0.6	-2.71111	-3.12139	-24.678
W22I_A	288	0.590909090909	0.578947368421	0.592592592593	-4.46922	-4.14529	-23.7151
K71C_A	298	0.577922077922	0.578947368421	0.577777777778	-4.40505	-4.13171	-24.1998
I1024Y_C	309	0.520547945205	0.782608695652	0.4	-4.57059	-10.4618	-8.22032
M14D_A	315	0.571428571429	0.578947368421	0.57037037037	-4.3928	-3.38389	-24.0319
N1032V_C	324	0.452054794521	0.625	0.367346938776	-5.00418	-8.0681	-7.52379
D100T_A	332	0.564935064935	0.529411764706	0.569343065693	-4.67884	-2.94899	-24.2404
P28A_A	341	0.558441558442	0.5	0.565217391304	-4.52638	-2.93075	-25.2126
D1043V_C	348	0.424657534247	0.541666666667	0.367346938776	-4.43929	-4.67302	-8.76811
A129R_A	358	0.545454545455	0.470588235294	0.554744525547	-4.20964	-2.62197	-23.7193
N1050I_C	366	0.452054794521	0.565217391304	0.4	-4.19566	-4.69055	-14.0685
Y18N_A	374	0.538961038961	0.470588235294	0.547445255474	-1.86693	-0.929724	-24.1944
R17G_A	380	0.532467532468	0.411764705882	0.547445255474	0.359071	2.36376	-24.3967
G122H_A	386	0.519480519481	0.411764705882	0.532846715328	0.22762	2.31896	-27.4715
I1049Q_C	394	0.438356164384	0.52380952381	0.403846153846	0.214367	-5.08441	-9.41043
K48M_A	400	0.493506493506	0.411764705882	0.503649635036	0.201132	1.89676	-24.6375
T100Q_A	411	0.487012987013	0.411764705882	0.496350364964	-1.13232	1.23719	-24.3906
F1081G_C	418	0.424657534247	0.55	0.377358490566	-1.14804	-5.13151	-5.99738
E71I_A	429	0.474025974026	0.411764705882	0.481751824818	-1.14989	1.26089	-25.1449
L1068F_C	454	0.424657534247	0.52380952381	0.384615384615	-0.557433	-5.75105	-7.52039
A1051G_C	459	0.41095890411	0.52380952381	0.365384615385	-0.543748	-5.72125	-7.33762
H7L_A	470	0.461038961039	0.388888888889	0.470588235294	-0.607708	1.95621	-25.1799
Q151M_A	480	0.461038961039	0.388888888889	0.470588235294	-0.58435	1.95614	-24.6214
W1055G_C	488	0.41095890411	0.428571428571	0.403846153846	1.23595	-7.02815	-5.90616
M1083L_C	499	0.397260273973	0.428571428571	0.384615384615	1.12629	-6.97382	-5.31828
Y155L_A	506	0.428571428571	0.294117647059	0.445255474453	1.5087	1.99112	-24.6897
R42C_A	515	0.428571428571	0.3125	0.442028985507	1.20705	2.84512	-24.0799
T1066M_C	525	0.397260273973	0.45	0.377358490566	0.743992	-7.08771	-8.60663
M145F_A	543	0.422077922078	0.3125	0.434782608696	0.670229	3.0644	-23.8531
V1043D_C	554	0.424657534247	0.5	0.396226415094	0.451982	-6.98363	-5.78705
A104S_A	569	0.428571428571	0.375	0.434782608696	-0.658409	1.73358	-24.2838
L83H_A	580	0.428571428571	0.375	0.434782608696	-0.709463	1.7044	-25.8164
A96E_A	588	0.428571428571	0.375	0.434782608696	-0.585483	1.70421	-24.2157
N109T_A	601	0.415584415584	0.375	0.420289855072	-0.616613	1.69996	-25.5884
N93H_A	609	0.409090909091	0.375	0.413043478261	-0.613229	1.23032	-24.4332
P1023K_C	618	0.356164383562	0.5	0.309090909091	-0.705743	-5.78647	-8.16626
M1075C_C	632	0.356164383562	0.5	0.309090909091	-0.660755	-5.78647	-7.44034
V1039M_C	641	0.356164383562	0.5	0.309090909091	-0.653172	-5.82527	-8.66137
V1045L_C	651	0.369863013699	0.5	0.327272727273	0.487267	-6.55508	-7.595
M1030P_C	658	0.369863013699	0.5	0.327272727273	0.489248	-6.31654	-6.75685
M1039C_C	668	0.383561643836	0.5	0.345454545455	0.334272	-5.83539	-7.95705
R1040F_C	679	0.369863013699	0.5	0.327272727273	0.337766	-5.83683	-6.19296
K1023I_C	691	0.369863013699	0.5	0.327272727273	0.310248	-5.88715	-11.3336
P1074G_C	702	0.369863013699	0.5	0.327272727273	0.310054	-5.88699	-7.69076
L1045T_C	711	0.356164383562	0.5	0.309090909091	0.404333	-5.34753	-6.62912
H93E_A	719	0.383116883117	0.466666666667	0.374100719424	0.548079	0.955206	-24.313
S3T_A	732	0.383116883117	0.466666666667	0.374100719424	0.528875	0.955848	-23.9042
C1080A_C	744	0.328767123288	0.5	0.272727272727	0.547604	-4.04856	-6.61781
M48I_A	757	0.383116883117	0.466666666667	0.374100719424	0.27081	0.927426	-24.6822
V57R_A	770	0.383116883117	0.466666666667	0.374100719424	-0.177255	-0.146819	-24.8105
K11M_A	781	0.38961038961	0.466666666667	0.381294964029	-0.0162286	0.350639	-25.6846
A104S_A	794	0.383116883117	0.428571428571	0.378571428571	0.298796	0.3651	-24.9772
H146V_A	801	0.383116883117	0.428571428571	0.378571428571	0.319523	0.356651	-27.3201
Y1024A_C	810	0.342465753425	0.421052631579	0.314814814815	0.349412	-5.52083	-5.71132
R1061L_C	823	0.315068493151	0.421052631579	0.277777777778	0.371959	-5.61323	-6.38249
E1033G_C	835	0.315068493151	0.421052631579	0.277777777778	0.375919	-2.08817	-6.38364
T1039F_C	841	0.301369863014	0.421052631579	0.259259259259	0.344921	-2.17553	-9.02089
F31N_A	863	0.37012987013	0.375	0.369565217391	0.371113	0.359386	-25.221
I101S_A	871	0.363636363636	0.375	0.36231884058	0.298337	0.32047	-27.2725
W108P_A	881	0.357142857143	0.375	0.355072463768	0.357844	0.329321	-25.9433
W122N_A	888	0.350649350649	0.375	0.347826086957	0.74248	0.32494	-25.1486
N1077C_C	899	0.301369863014	0.473684210526	0.240740740741	-0.120205	-0.0503344	-8.51555
S66L_A	905	0.350649350649	0.375	0.347826086957	-0.152602	0.156098	-25.7093
N18E_A	911	0.337662337662	0.375	0.333333333333	-1.22838	-0.131623	-26.5037
I156S_A	924	0.344155844156	0.375	0.340579710145	-0.195874	-0.0677433	-27.3745
M1071N_C	932	0.27397260274	0.421052631579	0.222222222222	-0.192295	0.728673	-6.31876
I1023Y_C	937	0.27397260274	0.421052631579	0.222222222222	-0.352616	0.627876	-6.69086
F22Y_A	952	0.318181818182	0.3125	0.31884057971	-0.153944	-0.682756	-25.4004
I129N_A	958	0.311688311688	0.352941176471	0.306569343066	-0.0205652	-1.02265	-26.6789
Q1074R_C	966	0.260273972603	0.4	0.207547169811	-0.351322	1.17343	-7.24579
M1092T_C	975	0.260273972603	0.4	0.207547169811	0.322184	1.68281	-6.05495
D1043T_C	987	0.27397260274	0.4	0.22641509434	0.286584	1.82223	-6.89941
P105E_A	999	0.285714285714	0.25	0.289855072464	0.138861	-1.50219	-23.7942
