name	count	identity	evolved_interaction	ancestral_interaction	stability
R1071W_C	1	0.986301369863	-10.5243	-10.4102	-7.8731
K1040F_C	12	0.972602739726	-10.941	-9.49099	-9.84858
D102K_A	21	0.948051948052	-11.0559	-10.9462	-24.674
D145W_A	29	0.922077922078	-11.265	-11.1177	-25.5077
S122Y_A	37	0.896103896104	-11.2701	-11.1225	-25.7511
K14C_A	45	0.87012987013	-10.9126	-10.7833	-24.1081
Y58F_A	61	0.857142857143	-10.0706	-10.9052	-25.4343
Q117I_A	66	0.850649350649	-8.10543	-10.3837	-25.3513
Y155K_A	73	0.824675324675	-8.04778	-10.3868	-24.4206
K155H_A	84	0.824675324675	-7.17075	-10.2634	-24.9028
T63W_A	94	0.805194805195	-5.09111	-7.86501	-24.301
L4P_A	118	0.792207792208	-5.15048	-7.63227	-24.704
E131K_A	125	0.779220779221	-5.14361	-7.54049	-24.4751
A1023S_C	140	0.794520547945	-5.26502	-6.17943	-8.68332
K110H_A	153	0.75974025974	-4.25989	-7.01795	-25.4574
E99P_A	160	0.733766233766	-4.30096	-6.6798	-29.0338
V1084G_C	168	0.753424657534	-3.65711	-6.20507	-6.88003
K15E_A	176	0.707792207792	-4.03503	-7.49986	-24.7117
M36I_A	192	0.688311688312	-1.57067	-2.11445	-25.3399
R8F_A	202	0.675324675325	-1.15258	-1.921	-26.1975
E15N_A	213	0.668831168831	-0.858257	-1.7941	-25.0992
Q154E_A	219	0.649350649351	-0.861214	-1.76066	-24.2757
E143M_A	234	0.62987012987	-0.870134	-1.75565	-26.8617
S1033A_C	239	0.657534246575	-2.10419	-5.29746	-8.92002
I1030K_C	247	0.657534246575	-2.03348	-5.33412	-8.36085
G118T_A	257	0.616883116883	-2.03973	-1.66038	-24.4317
V148T_A	263	0.597402597403	-2.03383	-1.57367	-24.5967
H74A_A	272	0.603896103896	-2.25488	-2.08197	-24.4004
M124F_A	278	0.597402597403	-2.07781	-1.88992	-25.7987
D1068N_C	288	0.58904109589	-2.27645	-4.75118	-6.26659
H66V_A	297	0.571428571429	-2.67252	-1.61491	-23.9089
V21Y_A	305	0.571428571429	-2.48338	-1.95984	-25.931
F1036A_C	311	0.534246575342	-2.91095	-5.00714	-6.19753
Q1061P_C	318	0.534246575342	-2.92367	-4.95783	-5.90655
S152L_A	327	0.532467532468	-3.05338	-2.62089	-25.8303
P125F_A	338	0.532467532468	-4.32382	-2.28662	-24.5935
N7L_A	346	0.525974025974	-4.30344	-2.28696	-25.8889
S89N_A	352	0.512987012987	-4.28361	-2.3062	-24.7892
P78L_A	369	0.5	-4.62281	-2.30778	-24.2572
E135C_A	375	0.493506493506	-4.49792	-2.14157	-25.2746
A79S_A	390	0.467532467532	-4.49816	-2.14157	-24.4344
N111Y_A	405	0.461038961039	-3.72704	-0.342177	-27.4841
W107F_A	413	0.461038961039	-3.69105	-0.346749	-24.2179
Q101M_A	426	0.448051948052	-2.18577	-0.536468	-25.161
Y6R_A	436	0.441558441558	-1.99904	-0.607762	-27.3653
K1027S_C	445	0.452054794521	-2.13827	-1.40437	-6.59658
R1047K_C	454	0.41095890411	-2.30799	-1.5236	-7.94708
R1058I_C	464	0.397260273973	-2.30447	-1.45379	-6.64067
K76T_A	475	0.415584415584	-2.42177	-0.619656	-23.5744
F14M_A	492	0.409090909091	-2.39593	-0.748291	-24.5528
I70F_A	507	0.402597402597	-3.46921	0.813073	-23.9499
L1081M_C	518	0.369863013699	-3.638	-3.19791	-6.63306
H126A_A	527	0.396103896104	-3.7018	0.0445696	-25.2979
K1047P_C	533	0.383561643836	-3.7968	-3.26117	-7.10438
C145W_A	539	0.396103896104	-3.80745	-0.545282	-24.972
L152R_A	545	0.396103896104	-4.15916	-0.565908	-25.9552
I1053S_C	552	0.369863013699	-3.92543	-3.38213	-7.78654
R1057C_C	562	0.356164383562	-3.78187	0.872834	-6.95409
K1093R_C	577	0.369863013699	-4.25686	-4.52607	-6.76896
P1084I_C	582	0.369863013699	-4.87088	-3.33513	-6.79118
A140N_A	589	0.376623376623	-4.74586	-1.34635	-25.4492
W138A_A	597	0.376623376623	-4.7464	-1.13155	-24.8976
Y108E_A	605	0.383116883117	-4.70697	-1.10772	-26.0537
E11L_A	611	0.376623376623	-3.48213	-1.10988	-26.8622
L7S_A	617	0.37012987013	-3.40864	-1.39907	-27.7141
C1080Q_C	628	0.342465753425	-0.26519	-2.68148	-7.45764
A1036D_C	642	0.342465753425	-0.172807	-3.1835	-7.17465
E1041H_C	657	0.328767123288	-0.133328	-2.79809	-6.37515
L1094M_C	663	0.328767123288	-0.106614	-2.80444	-6.08626
T88L_A	675	0.350649350649	0.134911	0.766946	-25.645
Y17L_A	689	0.344155844156	0.654388	1.07294	-24.8478
E1034R_C	697	0.315068493151	0.584752	-3.17919	-6.6907
F63M_A	709	0.344155844156	0.553736	1.34289	-23.5329
R1034Y_C	721	0.301369863014	0.793175	-3.03164	-7.26795
W154Q_A	733	0.344155844156	0.830244	1.12771	-23.7253
Q1056S_C	741	0.287671232877	0.957211	-3.1309	-7.09352
V75L_A	749	0.337662337662	0.734389	0.693519	-24.0529
W1036E_C	756	0.287671232877	0.748169	-3.20452	-5.77007
T5A_A	762	0.331168831169	0.791104	1.09782	-26.2684
C156T_A	768	0.331168831169	0.816867	0.476703	-25.6102
E1051H_C	776	0.27397260274	0.969102	-3.20802	-5.27722
A3K_A	788	0.324675324675	0.851432	1.02752	-23.9391
L88Q_A	799	0.324675324675	0.863678	1.0224	-26.1953
H153I_A	805	0.311688311688	0.815286	0.948556	-25.2293
I29K_A	813	0.318181818182	1.52713	1.18448	-25.2718
E108T_A	820	0.318181818182	1.43749	0.670111	-24.614
P67C_A	836	0.318181818182	1.11179	0.675575	-24.3548
E121L_A	847	0.318181818182	0.760236	0.949635	-27.2878
M1058V_C	852	0.260273972603	1.38039	-1.57997	-6.07578
E14S_A	858	0.311688311688	-0.939383	0.741413	-24.8833
D131R_A	871	0.311688311688	-0.860067	0.642367	-24.9884
V1074M_C	878	0.232876712329	-1.48668	-0.843364	-6.04147
Q154E_A	888	0.305194805195	-1.50811	1.31262	-25.3925
D1059E_C	895	0.246575342466	-1.49218	-0.402495	-6.58216
F8N_A	902	0.292207792208	1.8439	1.11213	-24.8689
H1082C_C	920	0.246575342466	2.16949	0.7536	-6.31885
R18N_A	930	0.285714285714	2.52535	2.23191	-24.2332
M89W_A	940	0.285714285714	1.97693	1.69961	-23.9633
Q1080T_C	949	0.232876712329	0.889177	0.968477	-9.2624
D95Q_A	958	0.285714285714	0.83881	1.28977	-24.5182
G1095W_C	966	0.232876712329	0.918733	0.757001	-6.85768
I1059R_C	976	0.232876712329	1.04768	1.57525	-6.102
W89K_A	983	0.279220779221	1.14736	2.0936	-27.7573
R39P_A	993	0.272727272727	1.15588	2.10127	-26.3256
