name	count	identity	interface_identity	non_interface_identity	evolved_interaction	ancestral_interaction	stability
A1051H_C	2	0.986301369863	1.0	0.980392156863	-10.4947	-10.3781	-8.75451
R1093G_C	14	0.958904109589	1.0	0.941176470588	-10.4379	-10.4225	-7.69274
E1084N_C	21	0.931506849315	0.954545454545	0.921568627451	-9.21697	-9.24633	-9.70515
I1072V_C	30	0.904109589041	0.909090909091	0.901960784314	-8.81405	-9.21053	-7.2644
T1042Y_C	44	0.876712328767	0.909090909091	0.862745098039	-7.71418	-9.36954	-6.47396
T1043L_C	59	0.821917808219	0.863636363636	0.803921568627	-2.71203	-2.49465	-6.81733
G1069A_C	66	0.794520547945	0.789473684211	0.796296296296	-2.19806	-0.389207	-6.54132
I1070T_C	75	0.780821917808	0.736842105263	0.796296296296	-2.68291	-0.609672	-6.82147
K74R_A	88	0.857142857143	0.947368421053	0.844444444444	-2.69368	-8.76026	-26.0733
F81M_A	96	0.824675324675	0.947368421053	0.807407407407	-2.72811	-8.7731	-23.5619
K15N_A	114	0.811688311688	0.894736842105	0.8	-2.51357	-8.76905	-23.397
A1069G_C	122	0.739726027397	0.789473684211	0.722222222222	-5.51975	-3.33188	-9.71756
A1053G_C	130	0.72602739726	0.818181818182	0.686274509804	-6.32598	-3.29618	-8.43563
G1093Q_C	142	0.72602739726	0.818181818182	0.686274509804	-6.33522	-3.29711	-7.54674
K1027A_C	157	0.698630136986	0.727272727273	0.686274509804	-7.44611	-3.11883	-6.55587
G115H_A	168	0.75974025974	0.764705882353	0.759124087591	-6.83247	-11.9861	-25.9165
F22N_A	179	0.74025974026	0.6875	0.746376811594	-5.32661	-9.65705	-22.8635
H1051S_C	187	0.657534246575	0.619047619048	0.673076923077	-5.28076	-1.42514	-6.83539
Q1093I_C	199	0.643835616438	0.6	0.660377358491	-4.02649	-1.42314	-7.12792
K9S_A	208	0.720779220779	0.625	0.731884057971	-4.0925	-8.09273	-23.5885
C1079L_C	218	0.630136986301	0.6	0.641509433962	-4.21361	-1.63791	-11.8452
D1030Q_C	227	0.602739726027	0.55	0.622641509434	-4.14271	-1.65178	-7.81847
Y1023N_C	236	0.58904109589	0.578947368421	0.592592592593	-4.23567	-1.64486	-10.5429
F1065W_C	248	0.547945205479	0.526315789474	0.555555555556	-4.81089	-1.38192	-9.60387
C1043V_C	258	0.534246575342	0.526315789474	0.537037037037	-4.58976	-1.13705	-8.55494
W1090G_C	269	0.520547945205	0.478260869565	0.54	-1.07462	-2.74955	-6.1852
G135R_A	282	0.681818181818	0.588235294118	0.693430656934	-1.16823	-6.77071	-26.0531
L89Q_A	290	0.662337662338	0.588235294118	0.671532846715	-1.17264	-6.61935	-24.4874
T146S_A	298	0.662337662338	0.588235294118	0.671532846715	-1.07265	-6.61861	-25.0788
N1023Y_C	314	0.479452054795	0.434782608696	0.5	0.631922	-2.9495	-5.57965
M95A_A	321	0.636363636364	0.5625	0.644927536232	-1.22708	-5.4292	-24.0334
Y132I_A	330	0.62987012987	0.533333333333	0.640287769784	-1.15227	-5.41132	-24.6207
I1059R_C	346	0.465753424658	0.363636363636	0.509803921569	-1.18874	-3.16467	-7.36459
A1075F_C	354	0.465753424658	0.363636363636	0.509803921569	-1.52183	-2.9409	-6.28613
S40A_A	361	0.603896103896	0.533333333333	0.611510791367	-1.52186	-5.72076	-23.4354
M1061T_C	370	0.452054794521	0.363636363636	0.490196078431	-2.03954	-2.94091	-6.28728
H1032Q_C	380	0.438356164384	0.363636363636	0.470588235294	-2.02419	-2.92874	-7.30297
Y139W_A	394	0.558441558442	0.533333333333	0.561151079137	-2.02287	-4.71387	-23.2854
A151V_A	407	0.558441558442	0.533333333333	0.561151079137	-2.02347	-4.6852	-24.2133
R17E_A	412	0.538961038961	0.466666666667	0.546762589928	-0.761651	3.09876	-22.8775
E67F_A	419	0.525974025974	0.466666666667	0.532374100719	-0.823975	3.01962	-23.9483
R1088M_C	431	0.438356164384	0.363636363636	0.470588235294	-1.50715	-4.20576	-12.9702
A1074R_C	437	0.41095890411	0.363636363636	0.43137254902	-1.54191	-4.51575	-13.9447
K1034F_C	442	0.41095890411	0.363636363636	0.43137254902	-1.48685	-4.55732	-13.2549
E99N_A	449	0.487012987013	0.466666666667	0.489208633094	-1.46721	1.94276	-25.2903
M122V_A	456	0.487012987013	0.466666666667	0.489208633094	-1.47055	1.7312	-22.5973
L1063Q_C	462	0.383561643836	0.35	0.396226415094	-0.819449	-4.48792	-10.3202
W41M_A	470	0.474025974026	0.466666666667	0.474820143885	-0.758354	2.9911	-24.1838
F1037Y_C	477	0.342465753425	0.35	0.339622641509	-0.729489	-4.59643	-7.5046
T8Q_A	489	0.467532467532	0.466666666667	0.467625899281	-0.645323	4.74589	-24.2898
E12M_A	505	0.461038961039	0.466666666667	0.460431654676	-0.689233	3.6247	-26.3105
L1081W_C	524	0.328767123288	0.35	0.320754716981	0.0678052	-4.40879	-5.86143
I27R_A	542	0.441558441558	0.4	0.446043165468	0.437369	4.01046	-24.1282
N154E_A	551	0.435064935065	0.4	0.438848920863	0.234179	3.85627	-23.5051
W1075V_C	559	0.315068493151	0.35	0.301886792453	0.269699	-3.83663	-7.1381
E42K_A	571	0.422077922078	0.4	0.424460431655	0.418763	3.82893	-23.7398
P125M_A	580	0.409090909091	0.4	0.410071942446	-0.664669	3.81257	-25.3514
I1035T_C	593	0.301369863014	0.35	0.283018867925	-0.686996	-3.71062	-6.35297
A75W_A	608	0.396103896104	0.4	0.395683453237	-0.569271	3.9095	-26.5233
V10Q_A	621	0.396103896104	0.4	0.395683453237	-0.61224	3.84995	-26.0048
Q10D_A	629	0.38961038961	0.4	0.388489208633	-0.638218	4.12569	-24.2918
F1080H_C	644	0.301369863014	0.35	0.283018867925	-0.627234	-3.83713	-8.01524
F67P_A	656	0.383116883117	0.4	0.381294964029	-1.08	4.26455	-24.1823
S51I_A	664	0.383116883117	0.4	0.381294964029	0.796597	4.01267	-25.8692
K31Q_A	676	0.37012987013	0.4	0.36690647482	0.751284	4.06405	-24.9404
R1042S_C	689	0.301369863014	0.368421052632	0.277777777778	0.768407	-2.84613	-6.09487
V74K_A	695	0.37012987013	0.333333333333	0.374100719424	0.767679	3.90364	-24.5204
I15F_A	702	0.37012987013	0.333333333333	0.374100719424	0.748277	3.85207	-23.951
M1030A_C	707	0.301369863014	0.368421052632	0.277777777778	0.422788	-2.82589	-6.51248
L42S_A	723	0.363636363636	0.333333333333	0.36690647482	1.51921	2.67115	-24.1308
S1038V_C	740	0.301369863014	0.368421052632	0.277777777778	1.48247	-2.34517	-8.56376
L124F_A	755	0.363636363636	0.333333333333	0.36690647482	1.1028	4.55003	-23.625
I43T_A	788	0.363636363636	0.333333333333	0.36690647482	1.58082	4.64017	-24.1787
L29E_A	797	0.363636363636	0.333333333333	0.36690647482	1.47126	4.38106	-24.7205
W139M_A	818	0.357142857143	0.333333333333	0.359712230216	1.47038	4.41377	-25.4896
E17C_A	826	0.357142857143	0.333333333333	0.359712230216	2.24515	0.567283	-27.6972
H1080P_C	832	0.260273972603	0.277777777778	0.254545454545	2.23033	-1.42333	-6.97527
R1036A_C	837	0.260273972603	0.263157894737	0.259259259259	2.74432	-1.8414	-7.74618
H49V_A	843	0.350649350649	0.333333333333	0.352517985612	2.70561	1.09044	-25.8894
V148M_A	849	0.344155844156	0.333333333333	0.345323741007	2.70561	1.06781	-26.3633
Q31C_A	858	0.337662337662	0.333333333333	0.338129496403	3.07488	1.22727	-22.9898
Q129F_A	875	0.331168831169	0.375	0.326086956522	3.08927	1.25072	-24.3461
V1024I_C	882	0.27397260274	0.263157894737	0.277777777778	3.06307	-2.31794	-5.9754
K74A_A	897	0.318181818182	0.294117647059	0.321167883212	3.46108	1.1088	-23.7365
Y125K_A	906	0.318181818182	0.294117647059	0.321167883212	3.31678	1.10368	-24.6911
M136W_A	912	0.311688311688	0.294117647059	0.313868613139	3.33105	1.15008	-23.4447
L1066K_C	921	0.260273972603	0.210526315789	0.277777777778	3.81013	-2.70648	-7.35369
A35V_A	931	0.298701298701	0.294117647059	0.299270072993	3.82106	0.869621	-24.1094
D12I_A	941	0.298701298701	0.294117647059	0.299270072993	3.51116	0.645587	-23.0883
A1036G_C	949	0.287671232877	0.263157894737	0.296296296296	3.51	-3.0252	-6.10468
E126R_A	961	0.292207792208	0.294117647059	0.29197080292	3.49241	0.682599	-23.0323
R40N_A	973	0.292207792208	0.294117647059	0.29197080292	3.19516	0.839236	-23.0013
L71R_A	994	0.292207792208	0.294117647059	0.29197080292	2.9212	1.21686	-23.6271
