name	count	identity	interface_identity	non_interface_identity	evolved_interaction	ancestral_interaction	stability
R17Q_A	1	0.993506493506	0.947368421053	1.0	-7.48041	-7.42806	-27.0455
D118E_A	6	0.974025974026	0.947368421053	0.977777777778	-6.93399	-7.40096	-29.1731
K76N_A	13	0.948051948052	0.947368421053	0.948148148148	-7.2249	-7.39564	-28.4401
L149I_A	18	0.922077922078	0.894736842105	0.925925925926	-6.54133	-5.68141	-25.1265
K78V_A	25	0.909090909091	0.894736842105	0.911111111111	1.61355	-5.6426	-23.5147
L38P_A	33	0.88961038961	0.894736842105	0.888888888889	1.63477	-5.6717	-24.0788
E1084A_C	40	0.86301369863	0.727272727273	0.921568627451	2.69723	-0.636799	-9.05464
F22P_A	58	0.857142857143	0.833333333333	0.860294117647	6.06858	-2.21974	-26.2578
K71V_A	66	0.831168831169	0.833333333333	0.830882352941	5.96	-2.32358	-24.0674
I1070H_C	73	0.767123287671	0.666666666667	0.8	6.03137	-0.105482	-9.41939
M1049A_C	82	0.753424657534	0.666666666667	0.781818181818	6.0051	-0.0879451	-6.93947
S156K_A	89	0.779220779221	0.733333333333	0.784172661871	7.3394	-0.514912	-24.5753
L114M_A	98	0.75974025974	0.733333333333	0.762589928058	7.34628	-0.532667	-24.1361
T100I_A	121	0.766233766234	0.733333333333	0.769784172662	7.77004	-0.524128	-23.8832
H1023P_C	140	0.684931506849	0.588235294118	0.714285714286	7.72257	0.572187	-5.77521
V1069Q_C	150	0.684931506849	0.588235294118	0.714285714286	3.44115	-3.64523	-6.3583
V86I_A	165	0.720779220779	0.75	0.717391304348	3.44213	-0.165653	-25.8564
L150M_A	171	0.694805194805	0.6875	0.695652173913	3.81702	0.657729	-26.004
D26G_A	183	0.688311688312	0.6875	0.688405797101	3.41892	0.209881	-26.1597
E143L_A	191	0.668831168831	0.647058823529	0.671532846715	0.92059	-0.805063	-26.0986
K156S_A	198	0.662337662338	0.647058823529	0.664233576642	0.845251	-0.905261	-24.5169
V101H_A	205	0.655844155844	0.714285714286	0.646616541353	0.398007	-0.904925	-25.4667
K1040M_C	210	0.643835616438	0.55	0.679245283019	0.385739	-3.80476	-7.63072
R1071S_C	216	0.616438356164	0.55	0.641509433962	-0.283938	-3.7823	-6.48078
A106M_A	225	0.642857142857	0.666666666667	0.639097744361	0.389372	-0.866513	-25.5852
T91I_A	232	0.616883116883	0.666666666667	0.609022556391	0.409305	-0.872423	-24.5863
E96M_A	240	0.61038961039	0.666666666667	0.601503759398	0.0548009	-0.869896	-25.6274
E12M_A	248	0.597402597403	0.666666666667	0.586466165414	0.0156251	-0.922848	-25.2516
T108C_A	255	0.577922077922	0.619047619048	0.571428571429	-0.0130486	-0.898519	-24.8878
F1037V_C	265	0.547945205479	0.421052631579	0.592592592593	-0.658115	-3.2668	-6.6413
W52L_A	282	0.551948051948	0.619047619048	0.541353383459	0.105067	-0.833077	-24.6088
Y1074C_C	288	0.534246575342	0.421052631579	0.574074074074	0.133206	-3.52005	-6.64669
Y144M_A	303	0.519480519481	0.619047619048	0.503759398496	0.126118	-0.800658	-23.6124
H118K_A	317	0.506493506494	0.571428571429	0.496240601504	0.118886	-0.785966	-24.7531
Q130K_A	326	0.493506493506	0.571428571429	0.481203007519	-0.171798	-0.785692	-25.8499
K18Q_A	337	0.487012987013	0.52380952381	0.481203007519	0.157756	-0.449158	-25.4626
S35Q_A	348	0.467532467532	0.5	0.462121212121	0.0828121	-0.543761	-23.598
K1043W_C	372	0.493150684932	0.368421052632	0.537037037037	-0.24851	-2.93133	-6.59684
I1042F_C	383	0.479452054795	0.368421052632	0.518518518519	-1.47054	0.937126	-6.68802
K7E_A	400	0.454545454545	0.47619047619	0.451127819549	-1.47085	-0.259547	-23.8599
Q35M_A	408	0.448051948052	0.47619047619	0.443609022556	-0.960828	-0.210845	-23.4551
N5K_A	413	0.441558441558	0.47619047619	0.436090225564	0.967977	-0.270107	-24.4335
M132W_A	426	0.448051948052	0.47619047619	0.443609022556	0.895853	-0.276504	-24.4596
K118C_A	434	0.441558441558	0.47619047619	0.436090225564	0.698607	-0.277796	-24.0379
R1033S_C	442	0.493150684932	0.368421052632	0.537037037037	0.715332	0.920527	-6.07968
E99K_A	459	0.435064935065	0.47619047619	0.428571428571	0.772836	-0.121728	-24.3849
E1079N_C	469	0.479452054795	0.368421052632	0.518518518519	0.686087	0.703979	-5.15107
C142V_A	480	0.428571428571	0.47619047619	0.421052631579	0.737655	-0.162693	-23.6833
S89F_A	493	0.415584415584	0.47619047619	0.406015037594	0.727786	-0.162743	-25.5542
H95M_A	499	0.415584415584	0.47619047619	0.406015037594	-1.49701	-2.42928	-25.1877
P1023K_C	511	0.438356164384	0.4	0.452830188679	-0.370732	1.36541	-6.79006
Y143C_A	522	0.415584415584	0.47619047619	0.406015037594	0.850061	-2.41361	-24.7502
C149H_A	527	0.409090909091	0.47619047619	0.398496240602	0.912462	-2.61213	-28.0478
S156F_A	533	0.383116883117	0.380952380952	0.383458646617	0.670862	-2.52452	-28.0583
H32T_A	542	0.37012987013	0.25	0.388059701493	0.283231	-0.418405	-24.9479
Q1038E_C	548	0.424657534247	0.3	0.471698113208	1.03678	0.481749	-6.44463
C1073M_C	555	0.41095890411	0.3	0.452830188679	1.00854	0.465124	-6.54158
C10K_A	570	0.37012987013	0.166666666667	0.397058823529	0.909283	-1.46531	-24.5597
K1041I_C	576	0.369863013699	0.238095238095	0.423076923077	0.544972	2.65831	-7.22296
M33K_A	585	0.37012987013	0.166666666667	0.397058823529	0.910217	-1.28073	-24.4109
H14M_A	603	0.376623376623	0.166666666667	0.404411764706	1.00488	-0.447863	-24.4995
R1061T_C	612	0.356164383562	0.263157894737	0.388888888889	1.13636	2.63205	-6.75353
D6G_A	622	0.376623376623	0.166666666667	0.404411764706	1.14446	-0.352831	-24.6241
M103W_A	638	0.383116883117	0.166666666667	0.411764705882	1.12658	-0.348066	-25.6959
L8A_A	644	0.383116883117	0.176470588235	0.408759124088	1.13495	-0.345857	-27.256
T48V_A	652	0.376623376623	0.176470588235	0.401459854015	1.12912	-0.437663	-24.6619
T1077Y_C	659	0.356164383562	0.238095238095	0.403846153846	0.348744	1.03391	-6.37581
S1033I_C	669	0.342465753425	0.238095238095	0.384615384615	0.503588	1.30074	-8.41364
Y71I_A	679	0.37012987013	0.176470588235	0.394160583942	0.466912	0.618712	-25.1882
E29V_A	686	0.376623376623	0.1875	0.398550724638	-0.508595	0.364879	-25.2278
E1050M_C	693	0.315068493151	0.190476190476	0.365384615385	-0.497811	0.45289	-7.31127
R1069S_C	700	0.301369863014	0.190476190476	0.346153846154	-1.93839	0.837398	-5.5908
R17N_A	716	0.37012987013	0.214285714286	0.385714285714	-0.716964	-0.969251	-24.4649
S111Q_A	728	0.376623376623	0.214285714286	0.392857142857	-0.692628	-1.02017	-25.6145
Y1077F_C	738	0.301369863014	0.227272727273	0.333333333333	-1.13979	1.94865	-6.35289
N93R_A	745	0.376623376623	0.214285714286	0.392857142857	1.58903	-1.20787	-25.7057
H1047L_C	755	0.301369863014	0.217391304348	0.34	1.56635	1.99804	-6.6949
F21C_A	762	0.376623376623	0.2	0.395683453237	1.59208	0.115212	-23.3346
K130F_A	769	0.376623376623	0.2	0.395683453237	0.550498	-1.5883	-26.8978
K132W_A	774	0.363636363636	0.2	0.381294964029	0.558267	-1.61768	-27.4205
W19D_A	784	0.376623376623	0.25	0.391304347826	1.52186	-2.43829	-24.7631
E87Q_A	798	0.376623376623	0.25	0.391304347826	1.43177	-2.25857	-24.0898
H127R_A	808	0.376623376623	0.25	0.391304347826	1.35621	-2.23748	-26.0825
H31E_A	814	0.363636363636	0.25	0.376811594203	1.36338	-1.95843	-24.3723
A79W_A	828	0.357142857143	0.25	0.369565217391	1.20729	-0.515888	-24.2543
E156L_A	849	0.350649350649	0.25	0.36231884058	1.12918	-0.889533	-23.7231
K1095Q_C	867	0.301369863014	0.285714285714	0.307692307692	1.38279	-0.827875	-5.66414
M114Q_A	884	0.350649350649	0.363636363636	0.348484848485	0.440908	-1.28353	-23.8764
A65L_A	902	0.344155844156	0.363636363636	0.340909090909	0.41429	-1.2812	-25.0855
W19M_A	914	0.324675324675	0.272727272727	0.333333333333	0.399517	-0.596104	-25.0459
D1059Y_C	923	0.301369863014	0.285714285714	0.307692307692	0.386751	-1.3869	-6.36051
I78F_A	939	0.318181818182	0.263157894737	0.325925925926	0.991056	-0.688677	-24.9216
M1027H_C	944	0.301369863014	0.285714285714	0.307692307692	1.17951	-2.03274	-5.9828
G6M_A	960	0.311688311688	0.263157894737	0.318518518519	0.240473	-0.40606	-26.6455
T1040M_C	968	0.301369863014	0.272727272727	0.313725490196	0.116133	-2.03442	-7.44167
L1080I_C	973	0.315068493151	0.272727272727	0.333333333333	-0.726278	-1.10642	-4.92577
F130M_A	983	0.305194805195	0.285714285714	0.308270676692	-0.685727	-0.0715164	-25.1659
