name	count	identity	evolved_interaction	ancestral_interaction	stability
S127W_A	1	0.993506493506	-10.4816	-10.5197	-26.9695
P59H_A	9	0.961038961039	-10.4712	-10.5084	-27.8938
I1089K_C	17	0.972602739726	-10.3586	-10.3352	-6.57012
I1088A_C	27	0.945205479452	-6.58346	-8.60197	-6.56295
K146Y_A	38	0.896103896104	-1.88532	-3.09141	-25.7386
A32W_A	54	0.87012987013	-1.9193	-3.03717	-23.6369
A79C_A	62	0.850649350649	-1.92134	-3.03184	-24.4525
S1033H_C	67	0.904109589041	-1.82971	-8.59537	-6.27324
D1082E_C	77	0.890410958904	-1.84007	-8.53786	-6.05978
L4G_A	90	0.785714285714	-2.44951	-3.49518	-24.1221
Q1076E_C	108	0.835616438356	-2.48589	-9.74706	-6.80318
M26A_A	120	0.766233766234	-2.81413	-3.53413	-23.8631
S126C_A	136	0.75974025974	-2.28807	-3.21635	-25.5881
L109V_A	145	0.733766233766	-1.69026	-1.94795	-24.1737
Y82F_A	150	0.727272727273	-1.40445	-1.96296	-24.4233
I107L_A	160	0.720779220779	-1.3808	-2.28108	-24.1408
L91W_A	175	0.714285714286	-1.38702	-2.22789	-24.1195
H98K_A	186	0.707792207792	-1.10287	-2.22797	-28.5724
A1088N_C	191	0.684931506849	-2.86396	-7.0254	-6.65244
E1050V_C	200	0.684931506849	-3.1709	-7.17555	-5.59792
T1077K_C	212	0.657534246575	-2.14232	-9.7552	-7.6365
P125E_A	217	0.649350649351	-3.1516	-1.81279	-24.6954
S70F_A	234	0.62987012987	-3.13702	-1.79759	-24.7221
Q132M_A	239	0.642857142857	-2.26192	-1.1978	-25.0554
V109I_A	246	0.636363636364	-2.35093	-1.18855	-25.2914
I1092V_C	260	0.616438356164	-2.35556	-6.45741	-8.20864
D1030Y_C	266	0.602739726027	-2.31421	-4.03134	-5.93503
C126P_A	284	0.616883116883	-2.09158	-1.08409	-24.333
A1051H_C	307	0.575342465753	-2.07621	-4.00999	-5.78532
F82K_A	313	0.597402597403	-2.07778	-0.98124	-23.9516
N1088I_C	325	0.575342465753	-2.22429	-3.55787	-7.193
L153W_A	331	0.577922077922	-2.12532	-1.67155	-24.8841
S3A_A	340	0.564935064935	-2.18249	-1.81212	-23.1607
C125Q_A	352	0.558441558442	-2.1875	-1.81004	-23.8653
Y1050F_C	360	0.534246575342	-2.18765	-2.83078	-6.59749
E1034K_C	379	0.506849315068	-0.66158	-1.82231	-6.48231
A137H_A	389	0.538961038961	-0.66351	-2.17436	-23.7587
M83H_A	404	0.538961038961	-0.829268	-2.24539	-25.1479
I150R_A	410	0.545454545455	-0.849463	-2.14139	-27.4363
L87Q_A	416	0.532467532468	-0.766315	-1.85956	-24.5068
K40R_A	421	0.525974025974	-0.786706	-2.26761	-25.6724
V1095N_C	429	0.479452054795	-0.610848	-2.39765	-8.33361
K79G_A	435	0.519480519481	-0.700292	-2.22048	-26.5898
V148C_A	442	0.506493506494	-0.643838	-2.03207	-23.8588
E1076V_C	451	0.465753424658	-0.444957	-2.08737	-8.73443
E147N_A	466	0.5	-0.758412	-1.49526	-25.2151
Y1030T_C	477	0.438356164384	-0.748658	-1.83325	-9.16012
A1053M_C	483	0.424657534247	-0.759211	-1.83332	-7.8011
R40C_A	492	0.480519480519	-0.741034	-1.14782	-23.2658
N147L_A	502	0.487012987013	-0.69172	-1.40543	-24.3916
L154H_A	508	0.474025974026	-0.757866	-1.17676	-24.1885
K1088Q_C	513	0.424657534247	1.44744	-1.58771	-6.35856
A38V_A	518	0.461038961039	0.111079	0.786134	-23.8432
M66C_A	523	0.461038961039	0.116326	0.787745	-24.4731
S1062T_C	536	0.383561643836	0.122503	-1.67197	-8.23125
V62L_A	542	0.428571428571	0.122514	0.786887	-24.3178
G79Y_A	548	0.428571428571	0.0723638	0.963356	-26.7582
Q4E_A	555	0.415584415584	0.63276	0.0689605	-24.9536
Y1067W_C	566	0.342465753425	-0.108772	-1.52281	-6.5725
P46E_A	579	0.409090909091	-0.0253469	1.54724	-23.5489
P1044L_C	588	0.301369863014	1.49089	-2.26245	-6.71645
F1093R_C	604	0.315068493151	1.45652	-2.29844	-6.82279
G44N_A	619	0.396103896104	2.06217	1.84014	-25.4865
S25V_A	627	0.383116883117	1.42683	0.954275	-24.3515
N59W_A	635	0.383116883117	1.45966	1.4567	-27.048
Y42D_A	641	0.38961038961	0.786102	1.3855	-26.2933
N1027L_C	655	0.315068493151	0.942463	-2.45613	-8.73323
I54T_A	663	0.38961038961	0.976414	1.46923	-24.1204
M98L_A	671	0.396103896104	0.667257	1.35333	-25.5541
W39Q_A	685	0.402597402597	0.666804	1.35567	-24.923
S138R_A	709	0.396103896104	0.603634	1.38846	-27.1252
W1058I_C	722	0.301369863014	0.463508	-2.62106	-6.24311
L145R_A	734	0.376623376623	0.312294	1.34955	-24.4904
G142Y_A	747	0.363636363636	0.289683	1.18355	-24.0934
Q87G_A	753	0.363636363636	0.375459	1.03014	-25.5635
H79R_A	765	0.363636363636	0.927215	0.874002	-23.6448
T54W_A	782	0.363636363636	0.932635	0.874446	-24.3596
Q129L_A	791	0.350649350649	0.845418	0.899823	-26.6173
I1054V_C	799	0.287671232877	0.897974	-3.12096	-7.39613
E1038Q_C	810	0.27397260274	0.849539	-3.19383	-8.31218
G74F_A	826	0.344155844156	-0.229087	0.838771	-25.397
I154R_A	835	0.337662337662	-0.283516	0.892693	-24.6046
I1035M_C	846	0.260273972603	-0.361499	-1.99302	-7.34532
G30I_A	858	0.337662337662	-0.364893	0.847912	-24.5398
R1023I_C	872	0.260273972603	-0.3649	-2.00406	-6.33831
I30N_A	882	0.331168831169	-0.370358	0.927828	-26.8377
V1041S_C	888	0.246575342466	-0.314043	-1.33572	-6.60537
E133A_A	895	0.331168831169	-0.302379	0.86039	-28.5675
G4H_A	901	0.337662337662	-0.19627	2.16948	-29.7136
Y142M_A	908	0.331168831169	-0.26486	2.10934	-25.4576
H52D_A	916	0.331168831169	-0.275035	2.10967	-24.6973
M93R_A	923	0.331168831169	0.284316	2.98495	-24.1854
A78W_A	931	0.331168831169	0.335519	2.92614	-25.8416
S141V_A	937	0.331168831169	0.341174	3.17038	-24.9764
C95Q_A	948	0.324675324675	0.463877	3.57787	-25.2912
C88G_A	955	0.324675324675	0.237455	3.22741	-24.248
P32W_A	968	0.324675324675	1.61202	3.16874	-23.9169
S17M_A	979	0.318181818182	0.267379	2.67288	-25.8038
W149R_A	989	0.324675324675	0.209144	2.66286	-24.1152
L111W_A	996	0.324675324675	0.212021	3.04675	-25.0527
