name	count	identity	evolved_interaction	ancestral_interaction	stability
S1029E_C	1	0.986301369863	-10.87	-10.939	-7.35248
K76E_A	9	0.980519480519	-10.7596	-10.4626	-26.1904
D121R_A	18	0.961038961039	-3.96075	-10.8238	-25.997
L119K_A	25	0.941558441558	-3.64687	-10.0922	-25.29
N124C_A	35	0.928571428571	-3.54799	-10.1124	-23.9677
R1093E_C	45	0.835616438356	-3.35509	-1.38717	-10.0837
W134A_A	52	0.896103896104	-3.39182	-10.126	-24.3064
L1026P_C	58	0.780821917808	-3.43646	-1.17829	-8.33946
K42M_A	68	0.876623376623	-2.8644	-10.0111	-23.9257
V63R_A	78	0.863636363636	-1.71096	-9.08207	-23.1835
R13W_A	86	0.850649350649	0.604625	-7.33324	-27.927
P84T_A	94	0.824675324675	0.700794	-7.65346	-24.1229
G152R_A	106	0.811688311688	0.714263	-7.69606	-24.1225
P1026M_C	115	0.72602739726	0.569222	0.435968	-11.1686
D33S_A	122	0.785714285714	0.722591	-7.51892	-24.1894
N66T_A	131	0.779220779221	1.78525	-7.5615	-23.6819
N1086S_C	139	0.698630136986	5.82577	1.42356	-7.33423
F1036D_C	144	0.684931506849	5.83481	1.50208	-6.82453
K14R_A	164	0.74025974026	4.52607	-1.96123	-23.5643
M1061T_C	172	0.657534246575	4.5181	1.49502	-6.08458
R152S_A	198	0.733766233766	5.15666	-1.93236	-24.7232
E99P_A	217	0.720779220779	9.26596	0.739326	-25.6012
L114V_A	229	0.701298701299	8.82247	0.868746	-24.5052
R104G_A	248	0.694805194805	9.1042	0.942086	-24.6269
L94M_A	270	0.668831168831	8.97685	0.77831	-25.0285
G142T_A	279	0.662337662338	8.74986	0.877545	-24.1305
M95R_A	292	0.655844155844	9.57055	1.27786	-26.5352
Q7V_A	298	0.642857142857	9.54117	1.52457	-24.5862
K42D_A	307	0.62987012987	4.31034	1.66046	-23.894
I37F_A	314	0.616883116883	4.14088	1.92685	-24.0551
Y52M_A	328	0.61038961039	4.14088	1.92686	-24.8729
M36V_A	335	0.603896103896	4.12231	0.564156	-27.6778
D1082F_C	341	0.520547945205	4.18875	-1.81021	-6.35481
V29Q_A	353	0.564935064935	4.18547	0.987023	-25.7888
L6A_A	368	0.551948051948	4.23385	0.879999	-23.8273
S1064W_C	377	0.506849315068	4.25222	-1.74987	-8.39368
E1034T_C	386	0.493150684932	1.63645	-1.62958	-6.58999
M145Y_A	394	0.532467532468	1.46754	0.938824	-26.4691
D42E_A	401	0.532467532468	2.0623	0.768791	-25.5762
A133M_A	409	0.525974025974	-0.0365329	0.678604	-24.7736
I45M_A	417	0.512987012987	0.181368	0.662535	-23.9522
K40D_A	422	0.512987012987	0.18217	0.64707	-23.8499
R95V_A	436	0.512987012987	0.0684097	0.511725	-26.7016
M126E_A	442	0.5	0.107422	0.512665	-23.7793
L129I_A	453	0.493506493506	0.00953219	0.742504	-24.489
E37L_A	460	0.493506493506	0.0151064	0.742583	-25.4139
T147N_A	470	0.493506493506	-0.267363	0.503038	-23.5862
L109I_A	478	0.493506493506	-1.87159	-2.24647	-27.9944
C124K_A	485	0.480519480519	-1.87339	-2.23755	-25.3883
N1043Q_C	491	0.452054794521	-1.84707	-2.46362	-9.299
Q29R_A	500	0.474025974026	-1.95767	-2.35324	-26.7466
W16L_A	507	0.467532467532	-2.47924	-2.38637	-24.384
S122F_A	516	0.461038961039	-2.89308	-2.52102	-25.4052
E1044I_C	521	0.438356164384	-2.72834	-4.49092	-8.62263
G115Y_A	538	0.448051948052	-2.59064	-2.47056	-26.6778
M76I_A	546	0.441558441558	-2.87652	-0.55157	-26.0072
L42E_A	553	0.435064935065	-3.01714	-0.601676	-25.1956
C1054A_C	565	0.41095890411	0.35013	-2.52516	-8.01486
D63W_A	573	0.415584415584	0.343519	2.02153	-27.5176
V12D_A	579	0.409090909091	0.941636	1.42775	-27.0047
I1024S_C	584	0.397260273973	2.00739	-2.22237	-6.02723
K25Q_A	596	0.402597402597	2.41038	2.24275	-25.4495
V62L_A	608	0.383116883117	2.41022	2.24185	-25.4502
V1090L_C	618	0.383561643836	1.96539	-2.46027	-5.61006
L37F_A	625	0.376623376623	2.12601	2.27605	-26.0567
S108H_A	635	0.376623376623	2.11566	2.63755	-25.5061
R14E_A	643	0.376623376623	1.92768	3.80638	-26.5169
S35W_A	648	0.37012987013	1.94012	3.80638	-24.7882
I1035C_C	664	0.342465753425	1.97661	-2.31468	-6.69306
C156M_A	675	0.363636363636	2.01263	3.8036	-24.5216
V36A_A	681	0.363636363636	1.2646	3.79906	-24.6158
Y130N_A	695	0.363636363636	2.29249	3.79301	-24.7085
F37W_A	707	0.357142857143	2.20578	3.86627	-25.6243
D1023G_C	716	0.328767123288	2.25036	-3.43215	-7.95625
E98I_A	730	0.350649350649	2.25397	3.66971	-28.1404
I76V_A	736	0.344155844156	2.33312	3.74587	-26.0943
H1092R_C	743	0.301369863014	1.95405	-3.9269	-7.6116
W101Y_A	751	0.337662337662	1.71373	3.46985	-25.267
G1023M_C	756	0.301369863014	1.56996	-4.27233	-7.80899
H132Q_A	763	0.337662337662	1.44714	2.95	-26.4007
Y1093M_C	771	0.301369863014	1.4548	-4.24166	-8.13812
I1041Q_C	783	0.301369863014	1.43457	-4.1785	-7.7783
I1072V_C	788	0.287671232877	1.45057	-4.04265	-6.54529
N54F_A	799	0.324675324675	1.44522	2.90775	-26.3879
K124W_A	817	0.324675324675	1.45363	2.91633	-25.5408
K114N_A	825	0.324675324675	0.114876	2.85119	-25.5255
C104G_A	833	0.324675324675	0.112938	2.84351	-25.1335
I129P_A	850	0.324675324675	0.138008	2.84374	-25.1728
K1057R_C	863	0.328767123288	0.290279	-2.06692	-8.8007
L1049C_C	871	0.328767123288	-0.221389	-2.05187	-9.06496
K146L_A	884	0.298701298701	-2.16099	1.63598	-24.8029
Y87F_A	894	0.292207792208	-2.25461	1.20337	-23.6304
H1040G_C	914	0.315068493151	-2.25486	-1.92082	-6.34793
E1043L_C	920	0.315068493151	-2.27747	-1.86261	-7.08717
W124P_A	927	0.305194805195	-2.55213	0.568243	-27.5129
M1086D_C	937	0.301369863014	-0.230364	-3.31186	-6.31126
T1062E_C	967	0.315068493151	-0.0937349	-2.97066	-7.04092
G30L_A	981	0.311688311688	-2.22488	0.89003	-25.169
D18H_A	995	0.311688311688	-1.86392	-0.0678089	-25.3883
