name	count	identity	interface_identity	non_interface_identity	evolved_interaction	ancestral_interaction	stability
P125T_A	1	0.993506493506	1.0	0.992592592593	-10.4946	-10.5243	-23.6865
D37S_A	7	0.974025974026	0.947368421053	0.977777777778	-10.928	-11.0505	-25.7535
R104G_A	15	0.948051948052	0.894736842105	0.955555555556	-10.9248	-11.0834	-26.7443
G104T_A	20	0.935064935065	0.894736842105	0.940740740741	-10.7658	-11.121	-26.2535
E1059R_C	27	0.917808219178	1.0	0.882352941176	-9.99482	-9.65341	-9.85581
H1092F_C	35	0.904109589041	0.954545454545	0.882352941176	-9.95655	-9.51069	-10.4569
S122K_A	43	0.883116883117	0.9	0.880597014925	-9.95048	-11.0508	-25.6672
Y1067A_C	52	0.86301369863	0.909090909091	0.843137254902	-9.82767	-8.90153	-7.39664
N66V_A	64	0.850649350649	0.85	0.850746268657	-9.85852	-11.3196	-24.0439
P78D_A	73	0.824675324675	0.85	0.820895522388	-9.83466	-11.312	-24.2219
A32E_A	88	0.798701298701	0.85	0.791044776119	-9.8407	-11.3122	-23.9411
A1067W_C	95	0.835616438356	0.909090909091	0.803921568627	-10.2657	-9.34573	-9.28283
P128A_A	105	0.779220779221	0.85	0.768656716418	-10.2451	-11.0753	-25.102
M1060C_C	110	0.767123287671	0.863636363636	0.725490196078	-9.58989	-8.98536	-6.85165
H1033K_C	119	0.767123287671	0.863636363636	0.725490196078	-9.80085	-9.13926	-7.92841
C1025G_C	124	0.753424657534	0.863636363636	0.705882352941	-9.8333	-9.3261	-7.01947
I1072M_C	133	0.72602739726	0.863636363636	0.666666666667	-9.86036	-9.18803	-5.8879
T63Y_A	143	0.714285714286	0.8	0.701492537313	-6.44602	-8.6138	-26.2564
F1092V_C	151	0.712328767123	0.857142857143	0.653846153846	-6.86903	-7.63576	-7.48534
V1092C_C	157	0.712328767123	0.857142857143	0.653846153846	-6.97646	-7.89794	-6.17293
D118W_A	170	0.668831168831	0.736842105263	0.659259259259	-8.00759	-9.62378	-25.6146
R8Q_A	182	0.662337662338	0.736842105263	0.651851851852	-7.95494	-9.63926	-24.7005
L94T_A	189	0.649350649351	0.736842105263	0.637037037037	-7.96252	-9.63827	-24.2894
L119I_A	201	0.642857142857	0.736842105263	0.62962962963	-8.00445	-9.63825	-23.996
H149G_A	214	0.636363636364	0.736842105263	0.622222222222	-6.79753	-8.39603	-24.2787
I45V_A	229	0.623376623377	0.736842105263	0.607407407407	-7.42918	-8.25728	-23.6426
W154M_A	243	0.61038961039	0.736842105263	0.592592592593	-7.77142	-8.39426	-26.2044
Q1073K_C	249	0.657534246575	0.818181818182	0.588235294118	-8.34063	-8.0312	-6.51754
N1043H_C	259	0.643835616438	0.818181818182	0.56862745098	-8.34079	-8.01382	-8.01456
D132F_A	265	0.584415584416	0.736842105263	0.562962962963	-8.82799	-9.10893	-24.307
R1093T_C	270	0.602739726027	0.727272727273	0.549019607843	-6.38418	-5.99734	-7.87641
G1054Y_C	282	0.602739726027	0.727272727273	0.549019607843	-7.02284	-5.98317	-9.97505
Y25G_A	287	0.538961038961	0.631578947368	0.525925925926	-5.25057	-7.91475	-24.9176
M1083V_C	296	0.575342465753	0.666666666667	0.538461538462	-5.61393	-6.60617	-5.71734
L97M_A	304	0.532467532468	0.631578947368	0.518518518519	-5.53072	-7.8776	-23.9588
V1034C_C	316	0.561643835616	0.619047619048	0.538461538462	-5.30491	-6.74836	-8.69198
I1070Q_C	326	0.520547945205	0.571428571429	0.5	-5.19292	-6.36522	-7.04534
I1085N_C	335	0.506849315068	0.52380952381	0.5	-5.2546	-6.46583	-6.41485
T1077N_C	342	0.493150684932	0.52380952381	0.480769230769	-5.24652	-6.87099	-5.98493
D1087Q_C	355	0.479452054795	0.47619047619	0.480769230769	-1.88311	-3.261	-5.67365
L108A_A	365	0.512987012987	0.631578947368	0.496296296296	-1.8308	-7.15768	-24.3499
L1043H_C	372	0.465753424658	0.47619047619	0.461538461538	-2.15442	-4.86158	-6.98438
D5E_A	379	0.5	0.631578947368	0.481481481481	-2.62752	-7.09328	-24.9842
F1033C_C	387	0.452054794521	0.47619047619	0.442307692308	-2.32686	-4.89389	-7.36094
R106N_A	397	0.487012987013	0.578947368421	0.474074074074	-2.33417	-6.51964	-23.9113
W39M_A	411	0.493506493506	0.578947368421	0.481481481481	-2.33234	-6.63916	-23.9928
N52K_A	428	0.480519480519	0.578947368421	0.466666666667	-2.11423	-6.40891	-24.4819
V74Q_A	436	0.474025974026	0.578947368421	0.459259259259	-2.11693	-6.39258	-24.7785
K14Q_A	447	0.461038961039	0.526315789474	0.451851851852	-3.65269	-7.12419	-24.2721
C50K_A	459	0.448051948052	0.526315789474	0.437037037037	-3.66127	-7.12327	-24.1616
K40V_A	471	0.441558441558	0.526315789474	0.42962962963	-2.34319	-7.37069	-24.0595
E5M_A	482	0.448051948052	0.526315789474	0.437037037037	-2.2934	-7.52015	-27.3883
V1039W_C	490	0.424657534247	0.388888888889	0.436363636364	-1.44763	-2.63551	-6.08278
W1058A_C	501	0.438356164384	0.411764705882	0.446428571429	-0.467872	-2.73938	-6.15909
R1047E_C	518	0.424657534247	0.411764705882	0.428571428571	-0.289722	-2.08422	-6.29761
M54V_A	538	0.435064935065	0.529411764706	0.423357664234	-1.07043	-5.52191	-24.8904
A108N_A	545	0.435064935065	0.529411764706	0.423357664234	-1.28974	-5.82934	-24.5657
S19D_A	554	0.441558441558	0.588235294118	0.423357664234	-1.79959	-6.28937	-23.8359
E100Q_A	562	0.448051948052	0.588235294118	0.430656934307	-1.87129	-6.30411	-24.5924
A1060N_C	574	0.397260273973	0.411764705882	0.392857142857	-1.19112	-2.76547	-7.94251
H1070I_C	585	0.424657534247	0.470588235294	0.410714285714	-0.94356	-2.90001	-9.40595
F81L_A	592	0.441558441558	0.588235294118	0.423357664234	-1.21679	-6.08203	-24.2488
C29Y_A	599	0.435064935065	0.588235294118	0.416058394161	-1.386	-6.25404	-29.1611
G149T_A	606	0.422077922078	0.529411764706	0.408759124088	-2.85034	-4.24141	-25.8433
I112L_A	622	0.396103896104	0.470588235294	0.386861313869	-2.34051	-4.67055	-24.3833
C1038I_C	633	0.424657534247	0.4	0.431034482759	-2.35476	-3.01372	-7.19898
Q1095M_C	644	0.41095890411	0.333333333333	0.431034482759	-2.33655	-3.00121	-7.23048
M39I_A	652	0.396103896104	0.4	0.395683453237	-2.3315	-4.80804	-23.9482
E1059D_C	671	0.397260273973	0.333333333333	0.413793103448	-2.31482	-2.93523	-7.52041
Y58L_A	693	0.383116883117	0.4375	0.376811594203	-2.34006	-4.83814	-23.7856
I1070F_C	719	0.356164383562	0.2	0.396551724138	-1.02818	-1.65859	-6.7593
D1086R_C	736	0.356164383562	0.2	0.396551724138	-0.216645	-0.227267	-6.29865
Q1025F_C	745	0.356164383562	0.2	0.396551724138	-0.26743	-0.25275	-7.06153
D125E_A	751	0.37012987013	0.411764705882	0.36496350365	-0.136636	-4.41196	-25.5616
A1053M_C	762	0.342465753425	0.2	0.379310344828	-0.251428	-0.327639	-8.16753
V1028C_C	776	0.328767123288	0.277777777778	0.345454545455	0.46726	-0.197094	-6.95106
W53I_A	782	0.363636363636	0.411764705882	0.357664233577	0.470931	-1.86267	-24.2329
K48I_A	797	0.357142857143	0.411764705882	0.350364963504	0.249521	-1.79934	-25.347
H1055T_C	802	0.301369863014	0.25	0.320754716981	0.22111	-0.196985	-6.36598
L81Y_A	808	0.350649350649	0.411764705882	0.343065693431	-2.29675	-1.9918	-24.7118
V1063G_C	816	0.287671232877	0.25	0.301886792453	-1.55774	1.15661	-7.47125
F42I_A	827	0.350649350649	0.411764705882	0.343065693431	-1.58095	-2.20145	-24.0983
M114E_A	837	0.350649350649	0.411764705882	0.343065693431	-1.74484	-1.98332	-24.6011
A87E_A	846	0.344155844156	0.411764705882	0.335766423358	-1.66239	-2.14396	-24.4468
R1058Y_C	862	0.260273972603	0.25	0.264150943396	-1.62614	0.461895	-7.48079
M117R_A	875	0.337662337662	0.411764705882	0.328467153285	-1.54463	-2.37609	-24.4192
K153R_A	885	0.324675324675	0.375	0.31884057971	-1.82847	-2.44759	-24.9707
N1023R_C	894	0.260273972603	0.25	0.264150943396	-1.68337	0.13314	-8.01479
Q52K_A	911	0.311688311688	0.375	0.304347826087	-2.89824	-2.35103	-24.3493
E1050T_C	918	0.246575342466	0.25	0.245283018868	-2.97141	0.417061	-8.33714
A31E_A	932	0.305194805195	0.375	0.297101449275	-2.97209	-2.63475	-23.9102
R7S_A	941	0.292207792208	0.3125	0.289855072464	-2.72091	-0.327368	-24.0922
R4E_A	952	0.285714285714	0.352941176471	0.277372262774	-1.92027	-0.331538	-23.7979
G56T_A	960	0.279220779221	0.375	0.268115942029	-1.13723	-0.378676	-23.7694
N11M_A	974	0.272727272727	0.375	0.260869565217	-0.364459	-0.378638	-25.1681
A152L_A	982	0.266233766234	0.375	0.253623188406	-0.609732	-0.379497	-23.6847
D1047H_C	997	0.205479452055	0.238095238095	0.192307692308	-0.614114	-1.63027	-6.58507
