name	count	identity	interface_identity	non_interface_identity	evolved_interaction	ancestral_interaction	stability
K76W_A	1	0.993506493506	1.0	0.992592592593	-10.4784	-10.5195	-23.4792
I1039Q_C	8	0.972602739726	0.952380952381	0.980769230769	-6.56804	-6.05143	-7.57925
K1041L_C	24	0.931506849315	0.952380952381	0.923076923077	-5.14516	-6.88562	-6.37968
T143Q_A	43	0.941558441558	0.95	0.940298507463	-5.54827	-5.59911	-25.8159
T108W_A	50	0.922077922078	0.95	0.917910447761	-4.39203	-5.5192	-24.9562
V29A_A	56	0.909090909091	0.95	0.902985074627	-4.58046	-5.60938	-24.0386
K1027V_C	64	0.835616438356	0.809523809524	0.846153846154	-3.86337	-5.46462	-8.77858
D29R_A	69	0.883116883117	0.95	0.873134328358	-4.11137	-5.94226	-26.8676
M36D_A	75	0.863636363636	0.95	0.850746268657	-3.92475	-5.45329	-25.1319
Q111V_A	83	0.844155844156	0.95	0.828358208955	-3.96357	-5.45426	-24.5892
V86N_A	88	0.818181818182	0.95	0.798507462687	-3.86366	-5.4169	-24.885
K147Q_A	100	0.792207792208	0.95	0.768656716418	-3.92212	-5.44204	-24.6224
N124W_A	120	0.772727272727	0.95	0.746268656716	-3.93886	-5.44466	-25.0726
K31A_A	130	0.75974025974	0.95	0.731343283582	-3.92457	-5.402	-23.9074
Q117V_A	143	0.74025974026	0.95	0.708955223881	-3.90889	-5.37028	-24.8425
V1027N_C	148	0.753424657534	0.727272727273	0.764705882353	-4.0558	-6.32363	-7.881
K27T_A	163	0.714285714286	0.9	0.686567164179	-3.76305	-5.39116	-24.6936
S1033K_C	173	0.712328767123	0.681818181818	0.725490196078	-3.87038	-6.24719	-7.21699
R1062Q_C	184	0.684931506849	0.681818181818	0.686274509804	-3.83589	-6.0271	-7.5131
K98R_A	192	0.675324675325	0.9	0.641791044776	-3.78	-5.91482	-25.6046
R93D_A	201	0.649350649351	0.85	0.619402985075	-2.22418	-5.60701	-27.1528
Y18A_A	210	0.649350649351	0.85	0.619402985075	-2.31845	-4.46852	-26.1896
R104D_A	217	0.62987012987	0.85	0.597014925373	-3.12061	-4.33073	-25.5157
D95K_A	231	0.62987012987	0.85	0.597014925373	-3.04385	-4.5379	-26.348
E106H_A	239	0.623376623377	0.8	0.597014925373	-3.67851	-3.81081	-26.2058
H1075P_C	244	0.616438356164	0.695652173913	0.58	-3.70841	-4.78741	-7.71799
R67C_A	254	0.603896103896	0.777777777778	0.580882352941	-3.71078	-3.62742	-25.5588
S1029C_C	262	0.58904109589	0.652173913043	0.56	-4.1343	-5.17216	-7.16006
W1046M_C	276	0.58904109589	0.652173913043	0.56	-4.12141	-5.17216	-7.37977
P1075N_C	289	0.58904109589	0.652173913043	0.56	-4.05899	-5.17184	-5.92166
L6H_A	309	0.564935064935	0.777777777778	0.536764705882	-4.10969	-3.65898	-24.0252
N126L_A	323	0.545454545455	0.722222222222	0.522058823529	-2.5954	-2.50359	-23.9416
V67L_A	331	0.525974025974	0.722222222222	0.5	-2.60455	-2.50558	-24.8539
C1029T_C	341	0.575342465753	0.666666666667	0.530612244898	-2.73932	-5.50483	-8.48674
A54M_A	350	0.512987012987	0.666666666667	0.492647058824	-0.41691	-0.536864	-24.0921
F57I_A	358	0.512987012987	0.666666666667	0.492647058824	-0.288618	-0.498433	-24.9301
T1042A_C	367	0.534246575342	0.666666666667	0.469387755102	-0.336444	-4.89752	-7.13635
N1025H_C	373	0.520547945205	0.666666666667	0.448979591837	-0.333558	-4.8959	-6.45588
K22M_A	381	0.5	0.611111111111	0.485294117647	-1.20485	-0.8956	-25.2646
M1049F_C	396	0.493150684932	0.666666666667	0.423076923077	-1.03458	-4.5475	-7.09103
G128K_A	410	0.506493506494	0.611111111111	0.492647058824	-0.994193	-0.909034	-24.8469
I107M_A	417	0.5	0.611111111111	0.485294117647	-0.989925	-0.906646	-24.1625
N1075V_C	428	0.438356164384	0.571428571429	0.384615384615	-1.07636	-4.50047	-5.9605
G139S_A	439	0.5	0.611111111111	0.485294117647	-1.01108	-0.906155	-26.1115
W1052M_C	451	0.424657534247	0.52380952381	0.384615384615	-1.11458	-4.53523	-7.83139
L101I_A	462	0.493506493506	0.611111111111	0.477941176471	-1.17216	-0.945226	-26.5281
H100R_A	471	0.493506493506	0.611111111111	0.477941176471	-1.64835	-0.980459	-26.8738
R100L_A	478	0.480519480519	0.611111111111	0.463235294118	-1.72329	-1.05245	-25.8234
H1059Y_C	485	0.397260273973	0.47619047619	0.365384615385	-2.23034	-5.21975	-8.9499
L1036F_C	492	0.41095890411	0.47619047619	0.384615384615	-2.17585	-5.1376	-9.12414
H6I_A	501	0.480519480519	0.611111111111	0.463235294118	-2.25187	-1.05573	-25.0798
E25C_A	507	0.474025974026	0.611111111111	0.455882352941	-2.79037	-2.08673	-25.8401
K14T_A	512	0.454545454545	0.5	0.448529411765	-3.0332	-1.87415	-24.6428
Q79L_A	527	0.435064935065	0.388888888889	0.441176470588	-3.46961	-2.34383	-24.5265
V1075F_C	540	0.41095890411	0.47619047619	0.384615384615	-3.34296	-6.24489	-6.5482
I57H_A	546	0.435064935065	0.388888888889	0.441176470588	-3.27187	-2.22061	-24.8024
M1056K_C	552	0.383561643836	0.428571428571	0.365384615385	-2.6752	-4.64407	-6.03531
E130F_A	568	0.441558441558	0.388888888889	0.448529411765	-2.65732	-2.1911	-25.9302
A59W_A	583	0.435064935065	0.388888888889	0.441176470588	-2.65661	-2.19012	-25.9947
M103V_A	588	0.428571428571	0.333333333333	0.441176470588	-2.59038	-2.25681	-25.5638
I101H_A	596	0.415584415584	0.333333333333	0.426470588235	-2.5736	-2.2559	-26.1287
G55M_A	608	0.402597402597	0.333333333333	0.411764705882	-2.65107	-2.27763	-24.6465
R17N_A	623	0.396103896104	0.263157894737	0.414814814815	-1.29022	1.6003	-24.4121
H105R_A	632	0.396103896104	0.3125	0.405797101449	-1.44313	-1.00253	-24.3179
L114F_A	653	0.383116883117	0.3125	0.391304347826	-1.42165	-0.997336	-23.9674
M78G_A	662	0.376623376623	0.3125	0.384057971014	-1.40602	-1.04669	-23.7452
C129L_A	678	0.383116883117	0.3125	0.391304347826	-1.41801	-1.07368	-29.0999
V62Q_A	688	0.37012987013	0.315789473684	0.377777777778	-1.72092	-1.06615	-25.1963
N117L_A	699	0.37012987013	0.315789473684	0.377777777778	-2.09684	-1.37508	-26.9864
F1023Y_C	706	0.328767123288	0.333333333333	0.326923076923	-2.27413	-5.98202	-6.08021
I1064D_C	716	0.328767123288	0.333333333333	0.326923076923	-2.15409	-6.01733	-7.95932
R151M_A	725	0.357142857143	0.35	0.358208955224	-2.394	-1.38759	-27.3613
Y39V_A	733	0.363636363636	0.35	0.365671641791	-2.37987	-1.37336	-27.2941
R1080N_C	740	0.315068493151	0.260869565217	0.34	-4.03913	-6.0347	-7.68778
R1044M_C	759	0.328767123288	0.260869565217	0.36	-4.09201	-6.06254	-6.31331
T1024D_C	769	0.342465753425	0.260869565217	0.38	-4.11615	-5.92865	-7.5518
N95Q_A	782	0.357142857143	0.4	0.350746268657	-2.03446	-1.38458	-25.2057
Q63L_A	793	0.357142857143	0.380952380952	0.353383458647	-1.42801	-0.720781	-27.0231
M43S_A	799	0.357142857143	0.380952380952	0.353383458647	-1.75586	-0.875201	-23.7766
M1089C_C	812	0.328767123288	0.272727272727	0.352941176471	-1.65812	-5.67504	-7.50066
H57L_A	818	0.357142857143	0.4	0.350746268657	-1.32972	-0.239925	-26.592
P46C_A	825	0.350649350649	0.363636363636	0.348484848485	-1.17509	-0.205612	-25.2475
E115H_A	830	0.344155844156	0.363636363636	0.340909090909	-0.224284	0.754327	-26.3478
S139G_A	841	0.344155844156	0.318181818182	0.348484848485	-0.512594	1.0516	-24.7635
T7C_A	856	0.344155844156	0.272727272727	0.356060606061	-1.71019	0.15768	-23.4305
S156R_A	874	0.337662337662	0.227272727273	0.356060606061	-1.6314	0.874692	-24.9812
S1082Y_C	883	0.342465753425	0.25	0.377358490566	-1.61099	-2.95718	-6.49355
L1090Q_C	892	0.342465753425	0.238095238095	0.384615384615	-4.10549	-2.81091	-5.91943
Q1039A_C	901	0.328767123288	0.190476190476	0.384615384615	-2.23582	-1.52703	-6.73516
T33C_A	906	0.331168831169	0.25	0.346153846154	-2.2402	-1.69859	-26.3492
Q95E_A	911	0.324675324675	0.25	0.338461538462	-2.24	-1.70446	-27.957
Q143C_A	918	0.324675324675	0.25	0.338461538462	-2.23076	-0.936483	-26.8322
G6S_A	925	0.324675324675	0.25	0.338461538462	-2.24252	-1.15403	-24.8973
C19K_A	935	0.324675324675	0.25	0.338461538462	-2.13921	-1.0421	-24.2332
K74F_A	946	0.318181818182	0.25	0.330769230769	-2.13945	-0.381778	-26.0841
F59N_A	960	0.305194805195	0.25	0.315384615385	-2.16512	-0.90922	-24.9224
V79N_A	973	0.305194805195	0.25	0.315384615385	-1.98405	-0.782067	-25.4091
