name	count	identity	evolved_interaction	ancestral_interaction	stability
Y155A_A	2	0.993506493506	-10.4951	-10.5202	-22.9024
M1049T_C	7	0.972602739726	-10.4577	-10.2736	-7.36814
P1044Q_C	15	0.945205479452	-7.81048	-10.2141	-6.70078
Y144M_A	24	0.935064935065	-7.83164	-7.36615	-27.0378
I1070Q_C	31	0.917808219178	-7.66949	-10.1672	-6.70852
L38K_A	36	0.88961038961	-5.92619	-6.81577	-29.073
H1023K_C	42	0.876712328767	-1.99695	-7.13958	-8.83515
I1088Y_C	52	0.821917808219	-1.45485	-7.7755	-7.01375
K27L_A	63	0.850649350649	-2.10529	-2.42489	-24.7076
R1071M_C	70	0.780821917808	-1.44151	-8.09689	-5.64732
R1064V_C	78	0.767123287671	-1.12849	-7.47515	-7.1198
T1049R_C	91	0.753424657534	-0.706618	-7.28842	-8.27544
N1025Q_C	101	0.698630136986	-0.782461	-7.22502	-7.39564
S35H_A	111	0.766233766234	-0.278992	-1.97683	-26.3446
A22H_A	117	0.75974025974	0.655659	-2.14488	-26.6269
A106F_A	123	0.75974025974	0.729996	-2.56483	-27.1777
F106P_A	129	0.746753246753	0.695432	-2.58659	-25.6047
Q151I_A	137	0.720779220779	0.560562	-2.13743	-23.5844
K71D_A	154	0.694805194805	-0.163265	-0.432748	-23.8862
V148I_A	164	0.681818181818	-0.026137	-0.452607	-25.7976
T61G_A	175	0.662337662338	0.315206	-0.728378	-24.3494
F1092S_C	188	0.58904109589	0.0117076	-4.42898	-6.08551
D102F_A	199	0.636363636364	0.0831507	0.954352	-24.7141
S95C_A	206	0.623376623377	-0.152579	-0.771274	-24.7482
C1095Q_C	214	0.575342465753	0.0443106	-5.66727	-6.36866
D15S_A	230	0.603896103896	0.0600453	-0.822003	-24.3685
I76T_A	236	0.603896103896	0.00461094	-0.853246	-24.6892
H1063K_C	243	0.534246575342	-0.112833	-5.59886	-8.22519
V138Y_A	254	0.577922077922	0.764391	-0.780546	-24.2574
R89N_A	262	0.564935064935	0.761239	-0.739979	-24.0311
C1058L_C	269	0.520547945205	0.257771	-3.07578	-7.85602
S3R_A	276	0.551948051948	0.0873854	-0.772431	-25.4401
V10I_A	286	0.545454545455	0.627258	-0.708461	-24.7175
G1080A_C	292	0.479452054795	0.91115	-1.53303	-8.00821
C32R_A	305	0.538961038961	0.906877	-0.934135	-23.9547
A1086H_C	310	0.452054794521	0.832969	-1.78065	-7.10517
I109P_A	316	0.525974025974	0.796502	-0.968184	-25.5569
A26D_A	322	0.525974025974	0.239266	-0.699676	-23.3819
F1040K_C	337	0.465753424658	0.263454	-1.80715	-6.7818
N1064L_C	349	0.438356164384	0.288945	-1.78176	-7.49993
A126R_A	362	0.506493506494	0.10765	-0.687909	-24.3135
K38I_A	383	0.506493506494	0.0299622	-0.642141	-24.0787
T147N_A	392	0.5	0.0946113	-0.496374	-24.7632
C1027Y_C	406	0.397260273973	0.72141	-0.670237	-9.20591
D1036W_C	415	0.383561643836	0.709263	0.255056	-9.58329
Q1025F_C	425	0.369863013699	0.709424	0.252236	-9.50968
N1074A_C	433	0.383561643836	1.06731	0.235044	-10.0241
K61I_A	444	0.480519480519	1.12442	-2.32681	-25.9449
L1048A_C	451	0.356164383562	1.1939	0.496152	-6.94349
T91V_A	457	0.454545454545	1.19249	-2.30087	-26.8772
R102Y_A	469	0.435064935065	0.622169	-2.40333	-25.6893
Y36Q_A	476	0.435064935065	-0.681594	-2.18803	-24.1304
Q1070Y_C	495	0.356164383562	-0.849305	-1.49843	-6.98611
C1034L_C	508	0.342465753425	-0.23454	-0.542453	-5.77314
I61L_A	515	0.428571428571	0.274316	-0.851031	-24.291
E131S_A	524	0.422077922078	0.269481	-0.852008	-23.5684
W1036T_C	537	0.342465753425	1.79253	1.38502	-7.02163
Q1029Y_C	549	0.328767123288	1.31288	9.30873	-8.44183
R138L_A	559	0.409090909091	-0.116433	-1.41846	-25.8126
A1074L_C	565	0.287671232877	-1.01938	9.6129	-5.45809
W15Y_A	574	0.409090909091	-1.23557	-0.383155	-27.1134
H1084W_C	589	0.287671232877	-0.562588	6.89153	-4.33406
L1054E_C	598	0.287671232877	-0.356374	6.89153	-4.96558
L149T_A	613	0.396103896104	-0.242396	-3.23526	-23.2838
H118Y_A	619	0.383116883117	-0.269854	-3.23667	-26.8048
Y1029L_C	625	0.287671232877	0.872291	2.12825	-6.95902
T149N_A	640	0.363636363636	2.14263	0.686323	-24.2198
K40T_A	649	0.350649350649	2.5056	0.978364	-25.1005
S11E_A	659	0.357142857143	2.48803	1.0043	-25.8139
M125V_A	672	0.363636363636	2.48803	1.0043	-23.878
M63Y_A	684	0.363636363636	2.48924	1.04099	-23.6903
V3W_A	696	0.363636363636	3.11818	1.9617	-25.4716
K1076D_C	706	0.27397260274	2.93295	-1.23041	-6.66534
L150F_A	711	0.357142857143	2.83721	1.94598	-25.1367
E67P_A	719	0.344155844156	2.7344	1.84003	-25.2655
H20F_A	729	0.350649350649	1.86491	2.28102	-23.5256
G140H_A	734	0.350649350649	1.91835	2.31366	-23.8937
N1075K_C	748	0.246575342466	1.38596	1.07767	-6.74149
R48H_A	755	0.357142857143	0.024613	2.25281	-26.7585
I110W_A	763	0.344155844156	-1.42988	1.56366	-25.4285
S1055F_C	770	0.232876712329	-1.2398	0.610689	-7.59066
P131N_A	782	0.344155844156	-1.24045	1.9682	-23.9028
F1059T_C	806	0.232876712329	-1.02761	0.61728	-6.03841
W110Y_A	819	0.337662337662	-1.0027	1.4463	-24.3164
V28A_A	832	0.331168831169	-1.02771	1.35445	-25.0475
C75L_A	851	0.331168831169	-1.02755	1.30176	-25.4993
W22N_A	861	0.324675324675	0.932317	0.954544	-24.4311
W33H_A	872	0.318181818182	0.936777	2.47121	-23.0829
Y1070T_C	892	0.232876712329	3.73528	0.0390722	-8.96406
V141C_A	900	0.318181818182	3.47453	2.47758	-24.9731
A111L_A	907	0.318181818182	2.60186	1.8229	-24.9178
C101F_A	917	0.318181818182	2.66852	1.80721	-25.5322
A1073P_C	924	0.191780821918	4.18797	0.757884	-7.9892
E11L_A	936	0.311688311688	4.10695	4.13377	-23.5328
E118G_A	948	0.318181818182	4.10268	3.9387	-24.4636
N1043E_C	958	0.178082191781	4.07534	0.856051	-6.31638
R104N_A	965	0.305194805195	4.04593	3.97541	-26.0688
C127K_A	974	0.305194805195	2.96974	0.830461	-27.4646
Y64M_A	984	0.285714285714	2.9502	0.86859	-24.4271
H35M_A	992	0.285714285714	2.93786	0.807193	-23.3696
I31K_A	997	0.292207792208	2.84263	0.825128	-23.6476
