name	count	identity	interface_identity	non_interface_identity	evolved_interaction	ancestral_interaction	stability
D19N_A	1	0.993506493506	0.947368421053	1.0	-11.2177	-11.2004	-25.6744
A54D_A	9	0.961038961039	0.894736842105	0.97037037037	-9.36362	-9.08575	-25.7389
R17N_A	15	0.941558441558	0.842105263158	0.955555555556	-5.06845	-4.86813	-26.258
K146L_A	21	0.909090909091	0.842105263158	0.918518518519	-5.07352	-4.86384	-24.7942
C1094L_C	30	0.958904109589	0.952380952381	0.961538461538	-4.77516	-9.88458	-8.7427
V116H_A	40	0.883116883117	0.842105263158	0.888888888889	-3.22526	-4.88341	-23.9914
T1043Y_C	45	0.890410958904	0.857142857143	0.903846153846	-3.11437	-6.95116	-7.75043
E1050S_C	55	0.86301369863	0.857142857143	0.865384615385	-3.07408	-6.79514	-6.67321
P88Q_A	64	0.850649350649	0.833333333333	0.852941176471	-3.07252	-4.89299	-23.9982
K1041S_C	89	0.835616438356	0.857142857143	0.826923076923	-3.30662	-6.92467	-6.36725
C61N_A	100	0.844155844156	0.888888888889	0.838235294118	-6.07719	-7.98822	-25.0219
A1074E_C	109	0.753424657534	0.809523809524	0.730769230769	-6.3579	-7.23107	-10.2423
G44E_A	117	0.818181818182	0.8	0.820143884892	-5.14805	-8.20616	-24.1423
Y82K_A	126	0.792207792208	0.8	0.791366906475	-5.38102	-7.31561	-23.8404
S95N_A	137	0.785714285714	0.785714285714	0.785714285714	-5.60788	-7.31063	-24.7188
V62I_A	144	0.766233766234	0.785714285714	0.764285714286	-5.62409	-7.82685	-25.9697
L109V_A	155	0.753246753247	0.785714285714	0.75	-5.24088	-8.01698	-24.3692
H1023N_C	167	0.643835616438	0.666666666667	0.634615384615	-5.37357	-6.36192	-6.51073
I115T_A	176	0.727272727273	0.785714285714	0.721428571429	-5.04234	-8.1005	-24.3385
I1035M_C	188	0.58904109589	0.666666666667	0.557692307692	-5.06004	-6.0987	-9.31254
C11I_A	198	0.707792207792	0.785714285714	0.7	-5.07826	-8.20847	-25.3261
A26C_A	207	0.688311688312	0.714285714286	0.685714285714	-4.99299	-8.08805	-25.2869
Y25M_A	216	0.668831168831	0.642857142857	0.671428571429	-4.83067	-7.90551	-26.4573
K15W_A	222	0.649350649351	0.642857142857	0.65	-4.78146	-7.83273	-27.5265
K18T_A	229	0.642857142857	0.571428571429	0.65	-5.63856	-7.30156	-27.8692
N1042L_C	237	0.534246575342	0.619047619048	0.5	-3.57583	-1.59832	-8.51616
S1029I_C	244	0.520547945205	0.571428571429	0.5	-3.57047	-0.188156	-8.59128
T51R_A	250	0.603896103896	0.5	0.614285714286	-3.5707	-2.54165	-25.1289
E143I_A	257	0.577922077922	0.5	0.585714285714	-3.56566	-2.50743	-25.394
L1086G_C	263	0.465753424658	0.571428571429	0.423076923077	-3.90107	-0.665323	-8.2602
M36S_A	271	0.558441558442	0.5	0.564285714286	-4.20878	-2.94789	-24.7003
R1084L_C	282	0.465753424658	0.545454545455	0.43137254902	-4.47305	-1.49393	-5.64945
D48T_A	297	0.545454545455	0.466666666667	0.553956834532	-4.32161	-2.96668	-24.6135
M1043F_C	307	0.452054794521	0.571428571429	0.403846153846	-3.24544	-1.07899	-6.62935
Q147C_A	320	0.532467532468	0.466666666667	0.539568345324	-3.25447	-2.5498	-24.5397
Y38M_A	328	0.525974025974	0.466666666667	0.532374100719	-3.30416	-2.59552	-24.6227
M14I_A	341	0.519480519481	0.466666666667	0.525179856115	-3.22022	-2.56258	-25.9644
T18Y_A	353	0.519480519481	0.466666666667	0.525179856115	-3.85521	-2.66385	-24.5672
A129S_A	362	0.512987012987	0.466666666667	0.517985611511	-3.42668	-2.63273	-24.529
F1043R_C	372	0.41095890411	0.52380952381	0.365384615385	-3.43732	-2.28756	-7.65236
R51S_A	385	0.506493506494	0.466666666667	0.510791366906	-3.87048	-2.37515	-24.4209
D118V_A	390	0.493506493506	0.529411764706	0.489051094891	-3.30121	-1.06699	-24.9474
R1043C_C	398	0.383561643836	0.421052631579	0.37037037037	-4.11783	0.139346	-5.43632
L1042W_C	406	0.383561643836	0.421052631579	0.37037037037	-3.75242	-2.15018	-7.56896
Y145K_A	414	0.467532467532	0.466666666667	0.467625899281	-3.41938	-2.84635	-27.1547
E1054I_C	419	0.369863013699	0.45	0.339622641509	-3.4191	-2.16927	-7.00634
W1094V_C	426	0.356164383562	0.45	0.320754716981	-3.47158	-2.08088	-6.23243
V124D_A	436	0.480519480519	0.466666666667	0.482014388489	-3.48061	-2.86515	-26.4097
F155W_A	441	0.474025974026	0.466666666667	0.474820143885	-3.1031	-2.82784	-24.1557
F1052L_C	453	0.328767123288	0.4	0.301886792453	-2.70504	-0.957047	-6.8894
G1092F_C	464	0.342465753425	0.4	0.320754716981	-4.6771	-2.54229	-7.67769
V57D_A	470	0.461038961039	0.5	0.45652173913	-5.18621	-3.46669	-25.4026
F154R_A	479	0.461038961039	0.5	0.45652173913	-5.28216	-3.59118	-25.1439
S156H_A	486	0.461038961039	0.5625	0.449275362319	-5.16475	-2.86902	-26.0022
E44W_A	495	0.454545454545	0.5625	0.442028985507	-5.1511	-3.1917	-25.5803
R1029L_C	502	0.301369863014	0.428571428571	0.25	-4.85355	-2.7264	-8.91285
H1034Q_C	512	0.301369863014	0.428571428571	0.25	-4.36999	-1.90492	-7.43493
S1081C_C	517	0.27397260274	0.380952380952	0.230769230769	-4.83252	-2.3646	-6.87694
H156T_A	526	0.448051948052	0.588235294118	0.430656934307	-4.92147	-2.93827	-24.3599
K95M_A	533	0.448051948052	0.588235294118	0.430656934307	-4.29091	-3.03363	-25.3162
D54S_A	539	0.448051948052	0.588235294118	0.430656934307	-3.88276	-2.88803	-27.5365
F22A_A	548	0.428571428571	0.5	0.420289855072	-0.985782	-0.574429	-26.423
I60T_A	558	0.422077922078	0.466666666667	0.41726618705	-0.924523	-0.505501	-25.8025
C134L_A	565	0.415584415584	0.466666666667	0.410071942446	-0.781925	-0.43387	-28.2992
K145T_A	572	0.409090909091	0.466666666667	0.402877697842	-0.806543	-0.464123	-26.755
E1029I_C	578	0.232876712329	0.388888888889	0.181818181818	-1.29038	0.668097	-6.82485
I1075W_C	586	0.232876712329	0.388888888889	0.181818181818	-1.10948	2.23911	-8.0196
R154F_A	596	0.402597402597	0.466666666667	0.395683453237	-1.16397	-0.591596	-23.5672
I136M_A	606	0.396103896104	0.466666666667	0.388489208633	-1.18166	-0.585887	-27.6981
K106H_A	612	0.38961038961	0.466666666667	0.381294964029	-1.30757	-0.739984	-27.3345
G156I_A	618	0.383116883117	0.466666666667	0.374100719424	-1.1526	-0.287655	-25.6981
P21N_A	629	0.376623376623	0.4	0.374100719424	-1.5647	1.88304	-24.2089
T70K_A	638	0.37012987013	0.4	0.36690647482	-1.60964	2.06453	-23.705
R135L_A	649	0.363636363636	0.4	0.359712230216	-1.71765	1.74157	-23.8688
Q1039S_C	659	0.205479452055	0.333333333333	0.163636363636	-1.7153	2.84215	-6.5282
Y7D_A	670	0.363636363636	0.4	0.359712230216	-1.35216	0.143111	-24.2126
A107S_A	678	0.363636363636	0.4	0.359712230216	-1.38204	0.13166	-24.1598
S104I_A	698	0.37012987013	0.4	0.36690647482	-1.34413	0.121612	-25.2222
F108D_A	705	0.37012987013	0.4	0.36690647482	-0.731212	-0.104401	-24.0259
H57A_A	711	0.363636363636	0.375	0.36231884058	-0.725091	0.767464	-23.9353
E1070Y_C	737	0.219178082192	0.333333333333	0.181818181818	-0.670167	-0.400779	-5.86122
I143Y_A	745	0.357142857143	0.375	0.355072463768	-0.674517	0.64532	-24.6255
Q1030L_C	752	0.191780821918	0.333333333333	0.145454545455	-0.47828	-3.92104	-8.0164
T68F_A	757	0.357142857143	0.421052631579	0.348148148148	-0.623746	0.178923	-25.0702
A57H_A	763	0.344155844156	0.421052631579	0.333333333333	-0.309903	-0.0433206	-26.466
S1032C_C	769	0.178082191781	0.277777777778	0.145454545455	-0.532798	-3.94695	-8.37898
D114C_A	776	0.344155844156	0.421052631579	0.333333333333	-0.613556	-0.255721	-25.75
I154G_A	787	0.350649350649	0.421052631579	0.340740740741	-0.51	0.27969	-26.105
Y58F_A	799	0.344155844156	0.421052631579	0.333333333333	-0.495473	0.254311	-24.9351
K110E_A	806	0.337662337662	0.4	0.328358208955	-0.454226	1.13566	-26.1133
L1040F_C	813	0.191780821918	0.333333333333	0.145454545455	0.344258	-3.42953	-4.76018
D19K_A	823	0.331168831169	0.35	0.328358208955	1.16651	1.49572	-26.4475
V118K_A	833	0.331168831169	0.35	0.328358208955	1.18146	0.687212	-25.1434
V1077Q_C	841	0.191780821918	0.333333333333	0.145454545455	1.19118	-3.4515	-6.42384
F1063A_C	850	0.191780821918	0.333333333333	0.145454545455	1.26353	-3.31226	-4.98198
K1057F_C	865	0.191780821918	0.333333333333	0.145454545455	0.693577	-3.27325	-4.89099
A3W_A	871	0.337662337662	0.35	0.335820895522	0.631931	0.849004	-26.6325
M117Q_A	878	0.337662337662	0.35	0.335820895522	0.0794382	2.13119	-25.8475
C79S_A	888	0.344155844156	0.35	0.34328358209	-1.38067	2.09836	-25.4819
Y144W_A	894	0.331168831169	0.35	0.328358208955	-1.67974	2.04014	-26.669
I104Q_A	902	0.324675324675	0.3	0.328358208955	-1.51765	1.99639	-31.4923
K118M_A	907	0.311688311688	0.3	0.313432835821	-2.17133	2.01453	-27.6356
Q42R_A	917	0.305194805195	0.3	0.305970149254	-2.18444	1.90264	-24.7337
K124F_A	931	0.298701298701	0.277777777778	0.301470588235	-2.48387	1.07579	-25.1929
F1032W_C	937	0.191780821918	0.25	0.169811320755	-2.26542	-2.73791	-6.69045
S54F_A	945	0.298701298701	0.277777777778	0.301470588235	-2.31285	1.31799	-24.9384
K89T_A	959	0.305194805195	0.277777777778	0.308823529412	-0.847419	1.66505	-24.5917
S101G_A	965	0.311688311688	0.277777777778	0.316176470588	-0.884277	1.63446	-24.9858
E39Q_A	974	0.311688311688	0.277777777778	0.316176470588	1.06194	0.716594	-26.0101
Q155M_A	979	0.311688311688	0.266666666667	0.31654676259	0.0985189	1.60476	-24.9991
S79W_A	986	0.311688311688	0.25	0.31884057971	0.119106	1.61142	-25.9396
I1086C_C	992	0.191780821918	0.210526315789	0.185185185185	0.10565	-1.33473	-6.83914
