name	count	identity	evolved_interaction	ancestral_interaction	stability
F1037E_C	1	0.986301369863	-10.4645	-10.5421	-4.31433
L94C_A	7	0.974025974026	-10.5563	-10.5309	-23.8075
R13M_A	15	0.967532467532	-8.74162	-7.43262	-27.5224
K1054S_C	23	0.890410958904	-8.49461	-6.8147	-8.27229
S1062N_C	32	0.86301369863	-8.84245	-6.99354	-7.70702
L1026I_C	38	0.849315068493	-8.71924	-6.65421	-9.0074
S70Y_A	48	0.896103896104	-9.63771	-7.46093	-27.0521
R124M_A	56	0.876623376623	-9.69551	-7.46127	-24.9676
K141F_A	63	0.850649350649	-9.56005	-7.46498	-26.8351
V57T_A	69	0.818181818182	-9.20914	-7.3285	-25.709
A129I_A	76	0.792207792208	-9.41404	-7.35103	-27.8728
T1043L_C	84	0.780821917808	-9.5132	-7.33167	-9.80666
R104M_A	95	0.753246753247	-8.57127	-6.44285	-24.5623
M124K_A	102	0.746753246753	-8.52118	-6.45811	-25.5542
D1082W_C	116	0.753424657534	-5.845	-9.27074	-8.03068
D1075L_C	124	0.739726027397	-5.83309	-9.26107	-8.93361
L1075A_C	136	0.72602739726	-5.60034	-8.11674	-9.14837
L3W_A	148	0.720779220779	-5.58438	-2.60133	-25.3347
P78V_A	157	0.707792207792	-5.53091	-2.54403	-25.1538
S51T_A	164	0.694805194805	-4.9129	-2.36325	-24.5225
K14M_A	170	0.668831168831	-4.82572	-2.10731	-27.3412
G34C_A	176	0.655844155844	-2.66466	0.317459	-24.0997
N66A_A	184	0.642857142857	-2.65366	0.363934	-24.2119
S1032M_C	196	0.602739726027	-2.19461	-8.02729	-11.5601
M1054N_C	201	0.58904109589	-2.06659	-5.45777	-12.1288
H1073M_C	224	0.575342465753	-2.06061	-5.5422	-12.8037
Y1039L_C	234	0.561643835616	-2.22621	-5.35091	-9.67932
H39E_A	244	0.636363636364	-2.22622	0.40111	-25.1243
H127R_A	251	0.623376623377	-2.61188	0.401862	-24.6644
M1032I_C	263	0.534246575342	-0.264983	-5.9417	-6.20451
R1033L_C	278	0.520547945205	0.481087	-5.99708	-6.24605
R1095P_C	286	0.520547945205	0.829146	-5.59132	-7.83365
C1076S_C	293	0.520547945205	0.803944	-5.6414	-8.7882
N17D_A	301	0.590909090909	2.69899	3.92791	-25.021
Q7N_A	307	0.577922077922	2.69666	4.20273	-24.1787
W3C_A	315	0.571428571429	2.55602	4.20233	-25.236
V148L_A	336	0.558441558442	2.37384	4.19337	-24.2658
E101S_A	345	0.558441558442	2.36685	4.20117	-25.0635
H20K_A	353	0.551948051948	0.969889	5.96456	-24.4084
W1080E_C	360	0.493150684932	1.00762	-5.10568	-8.15816
R1064K_C	368	0.465753424658	-0.544379	-3.96535	-9.18295
F122Y_A	373	0.525974025974	-0.984835	5.88209	-24.5496
M104S_A	381	0.519480519481	-0.969915	5.79091	-24.5049
Y70A_A	390	0.512987012987	-0.938637	5.43297	-24.0471
L61Y_A	399	0.506493506494	-0.94281	5.27446	-25.9045
W108N_A	409	0.5	-1.51153	2.48522	-27.6279
V75I_A	416	0.480519480519	-0.93974	2.27072	-24.9287
Q126E_A	436	0.474025974026	-0.977086	2.5335	-24.314
V22P_A	443	0.461038961039	-0.269446	2.53179	-26.047
F1057K_C	450	0.424657534247	-0.330723	-1.0991	-10.8133
P36F_A	461	0.454545454545	-0.479016	3.36369	-24.5078
K1027I_C	471	0.41095890411	-0.32888	-1.14035	-8.75974
E1079W_C	478	0.397260273973	-0.406937	-1.03407	-8.81208
N1074P_C	489	0.397260273973	-0.488905	-1.73804	-12.2408
F1032I_C	496	0.397260273973	-2.82813	-1.97213	-9.55201
R1075V_C	505	0.383561643836	-1.27537	-1.9358	-9.30465
P1042F_C	512	0.383561643836	-1.10313	-2.04968	-8.60691
D118Y_A	518	0.422077922078	-1.04035	7.50075	-28.3693
F1065W_C	524	0.342465753425	-1.42401	-2.27633	-11.1582
S1068M_C	535	0.315068493151	-2.51337	-3.98893	-10.6936
V99A_A	543	0.409090909091	-2.55306	0.889684	-24.332
T1032I_C	549	0.315068493151	-2.64053	-3.88853	-9.16035
M127H_A	556	0.402597402597	-4.1199	-0.0773451	-24.5611
E1037R_C	568	0.301369863014	-1.95192	-2.80768	-5.52425
V1077K_C	579	0.301369863014	-1.88	-2.8443	-7.34225
M1068E_C	585	0.301369863014	0.0042798	-4.19486	-7.83353
Y1041G_C	594	0.301369863014	0.198	-4.03538	-7.07691
Y1042E_C	603	0.287671232877	0.217375	-2.59578	-6.36935
I115R_A	613	0.383116883117	0.19752	0.0062407	-24.1304
R8M_A	626	0.376623376623	0.37525	0.145521	-25.4388
S51K_A	650	0.363636363636	0.436551	-0.381205	-25.8501
N1087V_C	661	0.287671232877	0.207452	-3.09864	-7.68029
D33N_A	676	0.350649350649	0.615037	-0.454481	-24.3941
I1032Y_C	688	0.301369863014	-0.0241405	-3.10987	-9.66921
I104A_A	697	0.344155844156	0.264609	0.000957604	-25.1516
N19T_A	702	0.331168831169	-0.184597	0.936166	-25.1511
Q153H_A	711	0.324675324675	-1.37245	-0.159378	-25.9246
N36Q_A	718	0.318181818182	-1.4494	-0.139489	-26.9419
L98T_A	724	0.318181818182	-1.28413	-0.127858	-24.4779
F1066G_C	730	0.260273972603	-3.15248	-3.29064	-6.79307
F30E_A	736	0.311688311688	-2.87709	-3.72497	-24.1762
I114R_A	743	0.311688311688	-3.29741	-4.17655	-24.4271
C1090Q_C	757	0.260273972603	-2.28626	-4.56734	-6.98749
V1062D_C	765	0.260273972603	-2.31975	-4.58764	-7.22279
T98A_A	773	0.298701298701	-1.81228	-3.82123	-24.7547
Q36Y_A	788	0.298701298701	-1.85686	-3.75246	-26.4171
H106C_A	795	0.298701298701	-1.61206	-4.93323	-25.9424
W155L_A	804	0.298701298701	-1.22993	-5.03141	-24.2868
W99D_A	812	0.298701298701	-2.35226	-5.05283	-24.6032
A104R_A	820	0.305194805195	-2.37985	-5.0451	-27.1658
N134S_A	829	0.305194805195	-1.95171	-3.80474	-25.642
I94D_A	835	0.305194805195	-1.99621	-3.79973	-25.4127
Y12D_A	842	0.305194805195	-2.29777	-3.96918	-25.5483
L1034C_C	848	0.287671232877	-1.98071	-1.44582	-7.32746
K127W_A	858	0.292207792208	-1.31511	-2.29977	-25.1033
D123P_A	871	0.292207792208	-1.38606	-2.3361	-27.8785
H1055W_C	876	0.287671232877	-1.95353	-1.4041	-8.68187
W1079V_C	881	0.287671232877	-2.12588	-1.47606	-8.52447
F1051S_C	886	0.287671232877	-1.89603	-1.52832	-7.31635
I60M_A	893	0.279220779221	-1.53223	-1.93016	-24.3631
M1071R_C	899	0.287671232877	-1.526	-1.08033	-6.42225
E32Y_A	906	0.292207792208	-2.23538	-2.55815	-24.1756
S19A_A	912	0.298701298701	-1.43411	-2.48378	-24.4734
N1063R_C	926	0.287671232877	-2.04932	-1.52572	-9.00075
R52E_A	937	0.292207792208	-2.04895	-2.32302	-26.0717
W127T_A	942	0.285714285714	-1.87472	-1.39039	-24.0114
E1068V_C	963	0.287671232877	-2.30845	-0.27966	-7.47444
V1068A_C	968	0.27397260274	-1.94481	-0.821362	-8.53647
W1055L_C	975	0.27397260274	-1.89604	-0.822637	-8.59836
P30L_A	984	0.279220779221	-2.0036	-0.626617	-25.3201
L138H_A	993	0.285714285714	-2.83925	-0.674459	-24.9105
