name	count	identity	interface_identity	non_interface_identity	evolved_interaction	ancestral_interaction	stability
K1027N_C	1	0.986301369863	0.954545454545	1.0	-10.391	-10.1461	-8.54151
W134V_A	7	0.974025974026	1.0	0.97037037037	-10.2842	-10.5487	-29.25
R8T_A	12	0.948051948052	1.0	0.940740740741	-10.1701	-10.4604	-24.4633
T61Q_A	19	0.928571428571	1.0	0.918518518519	-10.0635	-10.4413	-27.247
K1041T_C	24	0.917808219178	0.954545454545	0.901960784314	-10.2504	-10.2859	-9.0501
N52A_A	29	0.902597402597	1.0	0.888888888889	-10.3465	-10.4309	-25.347
L109N_A	35	0.883116883117	1.0	0.866666666667	-9.14652	-9.45335	-24.3731
V29Y_A	43	0.863636363636	1.0	0.844444444444	-9.33254	-10.166	-23.9726
K153A_A	65	0.837662337662	1.0	0.814814814815	-9.28832	-10.0719	-23.6862
A26M_A	70	0.818181818182	0.947368421053	0.8	-9.25394	-10.2438	-27.8352
S138T_A	79	0.805194805195	0.947368421053	0.785185185185	-9.2846	-10.3893	-27.3682
P6A_A	85	0.785714285714	0.888888888889	0.772058823529	-8.67364	-9.65104	-27.1685
S1032E_C	97	0.780821917808	0.761904761905	0.788461538462	-7.07173	-7.91909	-7.75802
K40Y_A	105	0.766233766234	0.833333333333	0.757352941176	-6.43065	-8.70755	-24.485
Q117L_A	119	0.753246753247	0.833333333333	0.742647058824	-6.39086	-8.76798	-24.9222
A153P_A	125	0.746753246753	0.833333333333	0.735294117647	-6.63188	-8.62282	-24.2588
R137K_A	140	0.733766233766	0.833333333333	0.720588235294	-6.63324	-8.62279	-24.1353
E67L_A	152	0.727272727273	0.833333333333	0.713235294118	-6.73262	-8.67541	-24.7011
D1092Y_C	160	0.684931506849	0.736842105263	0.666666666667	-6.70483	-7.83083	-9.36218
D100Y_A	168	0.701298701299	0.736842105263	0.696296296296	-6.63317	-6.40749	-25.7685
F1052A_C	174	0.657534246575	0.736842105263	0.62962962963	-6.62108	-7.69363	-7.41191
A1051V_C	184	0.630136986301	0.736842105263	0.592592592593	-6.67564	-7.68273	-7.11787
K146L_A	193	0.668831168831	0.736842105263	0.659259259259	-6.73335	-6.51407	-24.7951
M1039H_C	201	0.643835616438	0.736842105263	0.611111111111	-6.75554	-7.6643	-6.27429
M135G_A	211	0.642857142857	0.684210526316	0.637037037037	-3.19427	-1.81808	-25.4576
T1082R_C	218	0.630136986301	0.722222222222	0.6	-1.87652	-7.21002	-6.46742
E1032F_C	223	0.602739726027	0.722222222222	0.563636363636	-2.47771	-7.48652	-7.30939
K87P_A	231	0.603896103896	0.636363636364	0.598484848485	-2.32755	-1.38963	-23.4389
T79L_A	243	0.597402597403	0.636363636364	0.590909090909	-2.32215	-1.3915	-23.7789
E49Q_A	255	0.577922077922	0.619047619048	0.571428571429	-1.80281	-0.118296	-24.6345
Y40C_A	267	0.564935064935	0.619047619048	0.556390977444	-1.80472	-0.271326	-24.6142
T1041N_C	278	0.575342465753	0.722222222222	0.527272727273	-1.75561	-6.56236	-7.87871
L1050S_C	287	0.575342465753	0.722222222222	0.527272727273	-1.74753	-6.56247	-7.43612
V3M_A	296	0.551948051948	0.608695652174	0.541984732824	-0.708763	0.868709	-24.7791
E143M_A	302	0.538961038961	0.608695652174	0.526717557252	-0.635272	0.879448	-25.3739
Y1093I_C	312	0.493150684932	0.611111111111	0.454545454545	-0.677029	-2.58913	-6.9778
L119M_A	328	0.519480519481	0.565217391304	0.511450381679	-0.554846	2.87037	-24.1755
T1027V_C	334	0.506849315068	0.647058823529	0.464285714286	0.201598	-1.76556	-9.10463
Y1067A_C	341	0.479452054795	0.529411764706	0.464285714286	0.813106	-1.84179	-5.49796
C40Y_A	355	0.512987012987	0.565217391304	0.503816793893	0.806685	3.16527	-26.5027
Q27M_A	363	0.506493506494	0.565217391304	0.496183206107	0.295577	2.64862	-27.6555
M126R_A	373	0.493506493506	0.521739130435	0.488549618321	0.177139	2.69261	-25.755
N61Q_A	385	0.487012987013	0.521739130435	0.480916030534	0.195449	2.82839	-24.7761
R1082F_C	399	0.465753424658	0.473684210526	0.462962962963	1.15352	-3.42705	-6.27677
N109L_A	429	0.487012987013	0.578947368421	0.474074074074	1.15579	2.84754	-24.8309
K59Y_A	440	0.467532467532	0.52380952381	0.458646616541	1.23981	2.96699	-24.7551
T10M_A	448	0.454545454545	0.52380952381	0.443609022556	1.20821	2.99164	-25.9394
W147V_A	453	0.454545454545	0.52380952381	0.443609022556	0.987443	3.31957	-26.2007
I1070T_C	463	0.452054794521	0.421052631579	0.462962962963	1.0333	-3.07234	-5.83894
T91F_A	472	0.454545454545	0.571428571429	0.436090225564	0.104478	1.7959	-26.1616
C32Y_A	485	0.448051948052	0.571428571429	0.428571428571	0.11121	1.86211	-24.6715
Y67P_A	493	0.448051948052	0.571428571429	0.428571428571	0.97161	2.41234	-24.7815
C1033I_C	504	0.424657534247	0.411764705882	0.428571428571	0.797417	-2.82591	-7.24816
L1081R_C	517	0.397260273973	0.411764705882	0.392857142857	0.657073	-2.55237	-7.12645
E1034Q_C	525	0.383561643836	0.411764705882	0.375	0.668338	-2.04418	-6.06288
L149N_A	534	0.435064935065	0.6	0.410447761194	0.024732	1.92194	-24.2927
G101C_A	543	0.422077922078	0.55	0.402985074627	0.206238	2.05862	-24.0026
A8H_A	560	0.422077922078	0.55	0.402985074627	0.198621	2.15012	-22.716
C89I_A	570	0.415584415584	0.5	0.402985074627	0.269073	0.911428	-26.3659
T110Y_A	579	0.415584415584	0.5	0.402985074627	0.265675	0.747009	-26.2553
D50S_A	586	0.409090909091	0.5	0.39552238806	0.215897	0.919566	-25.0866
C1062F_C	594	0.342465753425	0.368421052632	0.333333333333	0.230068	-1.36462	-7.16116
L30M_A	606	0.409090909091	0.5	0.39552238806	0.342456	0.69367	-24.1409
G93F_A	616	0.409090909091	0.5	0.39552238806	0.962043	1.48588	-26.7984
Y59S_A	622	0.415584415584	0.47619047619	0.406015037594	0.907523	1.35729	-26.1042
K18R_A	633	0.409090909091	0.428571428571	0.406015037594	1.08881	1.22167	-25.0564
E52N_A	642	0.415584415584	0.428571428571	0.413533834586	-0.815079	-1.03979	-23.8944
N153M_A	654	0.415584415584	0.421052631579	0.414814814815	-0.793506	-1.02904	-26.011
K1036C_C	672	0.328767123288	0.3	0.339622641509	-0.830986	-2.55119	-6.28073
C89L_A	680	0.422077922078	0.421052631579	0.422222222222	-0.722654	1.34938	-25.6045
A106P_A	694	0.409090909091	0.421052631579	0.407407407407	-0.763503	1.37605	-28.9918
W142D_A	700	0.402597402597	0.368421052632	0.407407407407	-0.694124	-1.07864	-24.2211
I1076C_C	717	0.301369863014	0.25	0.320754716981	-1.79902	-4.04316	-6.28126
Q29A_A	731	0.402597402597	0.368421052632	0.407407407407	-1.82329	-1.11442	-24.8037
H11E_A	746	0.409090909091	0.368421052632	0.414814814815	-1.78188	-1.09793	-25.051
K19T_A	753	0.409090909091	0.333333333333	0.419117647059	-2.29273	-0.765153	-27.3465
L130T_A	761	0.409090909091	0.333333333333	0.41726618705	-0.951228	-0.787676	-24.3171
Y57N_A	779	0.409090909091	0.333333333333	0.41726618705	-0.982567	-0.851554	-24.705
M75V_A	791	0.409090909091	0.333333333333	0.41726618705	-1.01364	-0.849156	-24.2201
M153T_A	798	0.409090909091	0.333333333333	0.41726618705	-1.08089	-0.784319	-24.2011
L134W_A	810	0.422077922078	0.375	0.427536231884	-2.70294	-0.772621	-27.9256
W1040K_C	818	0.287671232877	0.238095238095	0.307692307692	-2.84573	-3.47189	-6.43616
K1091M_C	828	0.287671232877	0.238095238095	0.307692307692	-2.7739	-3.43716	-10.17
Y1025Q_C	838	0.27397260274	0.238095238095	0.288461538462	-2.86673	-1.65002	-8.17313
Y114A_A	844	0.422077922078	0.411764705882	0.423357664234	-2.92429	-0.934242	-24.6399
I1027Y_C	854	0.27397260274	0.238095238095	0.288461538462	-2.87053	-1.86006	-7.16848
M1029L_C	866	0.260273972603	0.238095238095	0.269230769231	-2.32938	-0.478959	-5.31616
P46M_A	877	0.396103896104	0.411764705882	0.394160583942	-2.40854	-0.147289	-25.8815
L109M_A	885	0.396103896104	0.411764705882	0.394160583942	-2.39329	-0.17709	-28.155
F42K_A	896	0.38961038961	0.411764705882	0.386861313869	-2.28469	-0.123754	-24.178
R32Y_A	906	0.383116883117	0.411764705882	0.379562043796	-1.99227	-0.116702	-25.076
W142M_A	919	0.383116883117	0.411764705882	0.379562043796	-2.18747	-0.116703	-24.2417
M156W_A	928	0.376623376623	0.375	0.376811594203	-2.0694	0.182397	-24.8503
E1059G_C	936	0.232876712329	0.238095238095	0.230769230769	-2.08357	-1.44805	-6.7651
Y37T_A	946	0.363636363636	0.333333333333	0.36690647482	-2.05788	-0.127058	-22.7535
I1081E_C	961	0.232876712329	0.238095238095	0.230769230769	-1.79314	-0.29404	-5.51883
F14Q_A	971	0.350649350649	0.333333333333	0.352517985612	-1.71749	-0.339134	-22.1717
Q36W_A	986	0.350649350649	0.333333333333	0.352517985612	-1.64523	-0.00894283	-22.4308
T37N_A	994	0.350649350649	0.333333333333	0.352517985612	-1.64962	-0.191801	-23.6364
