name	count	identity	interface_identity	non_interface_identity	evolved_interaction	ancestral_interaction	stability
R8E_A	1	0.993506493506	1.0	0.992592592593	-10.3903	-10.403	-23.0353
K76A_A	7	0.961038961039	0.944444444444	0.963235294118	-6.95047	-6.81826	-25.8197
I1070A_C	17	0.958904109589	0.909090909091	0.980392156863	-6.1655	-7.12583	-7.05846
E1050W_C	30	0.931506849315	0.909090909091	0.941176470588	-6.26928	-7.14135	-7.50055
Q101F_A	39	0.896103896104	0.888888888889	0.897058823529	-6.27154	-6.61713	-24.4729
E1084V_C	50	0.917808219178	0.863636363636	0.941176470588	-5.82937	-8.56017	-7.84659
N66I_A	55	0.857142857143	0.833333333333	0.860294117647	-5.29369	-7.18001	-24.7245
K40Y_A	64	0.844155844156	0.777777777778	0.852941176471	-4.68084	-6.09143	-25.6375
E143F_A	72	0.831168831169	0.777777777778	0.838235294118	-4.68755	-6.09348	-25.8766
N85K_A	78	0.811688311688	0.6875	0.826086956522	-4.249	-6.06349	-25.9363
V1084S_C	88	0.780821917808	0.782608695652	0.78	-3.28138	-6.05251	-7.93852
A1036P_C	98	0.767123287671	0.739130434783	0.78	-3.36306	-6.64143	-7.29531
A87D_A	111	0.779220779221	0.6875	0.789855072464	-3.23901	-5.86396	-24.1099
E1094L_C	121	0.712328767123	0.695652173913	0.72	-3.21606	-6.19938	-9.21016
Q1073A_C	133	0.684931506849	0.652173913043	0.7	-1.97391	-5.56876	-6.09151
A76F_A	145	0.74025974026	0.6875	0.746376811594	-1.89626	-5.18185	-25.2272
E14Y_A	152	0.727272727273	0.625	0.739130434783	-1.85235	-4.63344	-26.3637
Q130T_A	158	0.701298701299	0.625	0.710144927536	-1.84002	-4.63297	-24.4094
A1051Q_C	169	0.643835616438	0.619047619048	0.653846153846	0.0191735	-5.50331	-6.92129
F24M_A	174	0.681818181818	0.5	0.702898550725	-0.0459784	-1.80857	-24.7031
R1046C_C	185	0.630136986301	0.619047619048	0.634615384615	-0.0554403	-5.5305	-8.00322
T1043L_C	191	0.616438356164	0.619047619048	0.615384615385	0.543434	-5.45086	-9.49835
L119M_A	201	0.649350649351	0.4375	0.673913043478	0.537758	-2.32438	-27.5259
H1023V_C	217	0.58904109589	0.571428571429	0.596153846154	0.538188	-5.31529	-7.15665
A137M_A	227	0.623376623377	0.4375	0.644927536232	0.562204	-2.51768	-25.3085
R121H_A	235	0.623376623377	0.4375	0.644927536232	0.538186	-2.50921	-27.99
Y1027K_C	242	0.58904109589	0.619047619048	0.576923076923	-1.09381	-5.95012	-7.44129
Y14N_A	250	0.616883116883	0.4375	0.63768115942	-1.46501	-2.80408	-23.9861
K1082N_C	262	0.575342465753	0.619047619048	0.557692307692	-1.5503	-5.99417	-6.48087
S126L_A	268	0.603896103896	0.4375	0.623188405797	-1.5503	-2.80655	-23.0723
K1054H_C	275	0.534246575342	0.619047619048	0.5	-1.52429	-6.0371	-7.24976
K1079Q_C	288	0.520547945205	0.619047619048	0.480769230769	-1.81031	-6.01936	-7.19267
M1049I_C	303	0.493150684932	0.619047619048	0.442307692308	-1.78639	-6.00912	-9.48494
L61W_A	312	0.590909090909	0.470588235294	0.605839416058	-1.79209	-2.85123	-23.6964
I12L_A	321	0.577922077922	0.470588235294	0.591240875912	-2.48	-1.86487	-24.7527
W61F_A	327	0.564935064935	0.470588235294	0.576642335766	-2.46909	-1.87373	-24.392
M118G_A	343	0.558441558442	0.470588235294	0.569343065693	-2.45153	-1.92508	-24.5594
C70P_A	369	0.538961038961	0.470588235294	0.547445255474	-2.48376	-1.96946	-25.7088
N39Q_A	374	0.558441558442	0.470588235294	0.569343065693	-2.49322	-1.86179	-27.306
C1046F_C	382	0.438356164384	0.571428571429	0.384615384615	-0.661667	-2.63209	-8.38208
P1044C_C	388	0.41095890411	0.571428571429	0.346153846154	-0.65829	-2.6605	-7.24307
R17A_A	399	0.545454545455	0.4	0.561151079137	1.59486	1.14694	-24.1397
Y54H_A	406	0.538961038961	0.388888888889	0.558823529412	0.760893	0.966049	-25.0805
V1074K_C	420	0.41095890411	0.555555555556	0.363636363636	0.903354	-0.888605	-7.60155
S85C_A	429	0.519480519481	0.388888888889	0.536764705882	0.811002	1.00214	-25.0542
N1086W_C	444	0.383561643836	0.5	0.345454545455	1.08053	-0.631583	-6.57889
C98F_A	454	0.525974025974	0.421052631579	0.540740740741	0.562471	1.30648	-25.2442
V1073I_C	466	0.369863013699	0.444444444444	0.345454545455	0.598467	0.697357	-6.49956
E115T_A	474	0.506493506494	0.368421052632	0.525925925926	1.36617	3.58056	-24.4413
E4S_A	484	0.487012987013	0.368421052632	0.503703703704	1.36891	3.58095	-24.3563
N1077T_C	494	0.383561643836	0.388888888889	0.381818181818	1.36762	-0.039765	-5.95467
D131G_A	499	0.480519480519	0.368421052632	0.496296296296	1.35057	3.56249	-25.9613
S54N_A	509	0.474025974026	0.315789473684	0.496296296296	0.163454	3.13733	-24.3149
E42W_A	526	0.467532467532	0.315789473684	0.488888888889	0.0908738	3.07332	-24.6546
G1023Y_C	537	0.356164383562	0.388888888889	0.345454545455	-0.00942656	0.0265407	-6.58338
S1029E_C	548	0.328767123288	0.333333333333	0.327272727273	-0.695544	-0.202948	-7.97333
W1086N_C	558	0.342465753425	0.388888888889	0.327272727273	0.386146	-0.212403	-6.38242
V1079F_C	570	0.342465753425	0.388888888889	0.327272727273	-0.139744	-2.12394	-8.53874
C107F_A	580	0.428571428571	0.318181818182	0.44696969697	-0.0602997	2.88348	-25.5204
G105N_A	588	0.435064935065	0.318181818182	0.454545454545	0.226275	3.07084	-23.888
K74W_A	596	0.422077922078	0.318181818182	0.439393939394	0.238327	3.03345	-24.5977
R1039T_C	610	0.315068493151	0.388888888889	0.290909090909	0.344207	-2.25071	-10.6447
C1088I_C	623	0.328767123288	0.444444444444	0.290909090909	0.200927	-3.10523	-11.8931
C14E_A	636	0.415584415584	0.333333333333	0.428571428571	-1.34223	2.79649	-24.6658
Y1023D_C	642	0.328767123288	0.444444444444	0.290909090909	-1.40117	-4.5835	-14.1666
R1050H_C	648	0.315068493151	0.444444444444	0.272727272727	-1.39159	-4.57617	-13.5773
M1025A_C	661	0.301369863014	0.388888888889	0.272727272727	-2.11684	0.909644	-8.87118
Y1038F_C	670	0.301369863014	0.388888888889	0.272727272727	-2.36425	0.806253	-9.27793
F1038C_C	676	0.301369863014	0.388888888889	0.272727272727	-2.39694	1.12318	-8.80946
C5R_A	683	0.38961038961	0.318181818182	0.401515151515	-2.35527	1.8622	-24.5966
R7M_A	691	0.383116883117	0.318181818182	0.393939393939	-2.30137	1.87433	-26.1977
E100K_A	700	0.376623376623	0.318181818182	0.386363636364	-2.30607	1.8324	-24.5878
E67L_A	715	0.37012987013	0.318181818182	0.378787878788	-1.43192	2.78337	-23.9214
W42L_A	720	0.37012987013	0.318181818182	0.378787878788	-1.44719	2.80324	-26.445
E156D_A	725	0.363636363636	0.318181818182	0.371212121212	-1.42552	2.68356	-27.1105
Q10N_A	730	0.357142857143	0.318181818182	0.363636363636	-1.35026	2.68787	-26.7857
R1057G_C	742	0.287671232877	0.388888888889	0.254545454545	-1.33607	-0.163204	-6.60055
T115Y_A	758	0.350649350649	0.318181818182	0.356060606061	-1.14845	2.18156	-24.5461
F36L_A	763	0.350649350649	0.318181818182	0.356060606061	-0.843143	2.83154	-24.4231
F66Y_A	777	0.350649350649	0.318181818182	0.356060606061	-1.26182	2.69388	-26.3107
C1044K_C	783	0.287671232877	0.368421052632	0.259259259259	-1.26182	-0.067468	-8.77063
H1050W_C	791	0.246575342466	0.315789473684	0.222222222222	-0.49222	0.481268	-6.64132
C26Q_A	803	0.337662337662	0.318181818182	0.340909090909	-0.404284	2.93456	-24.7203
S1084N_C	814	0.246575342466	0.35	0.207547169811	-1.46319	0.294036	-5.98912
A143S_A	823	0.337662337662	0.318181818182	0.340909090909	-1.89168	0.798089	-26.4986
M147E_A	835	0.337662337662	0.318181818182	0.340909090909	-1.85763	1.03713	-24.2321
E79K_A	847	0.331168831169	0.318181818182	0.333333333333	-1.68748	0.329447	-23.6086
I1049S_C	856	0.246575342466	0.35	0.207547169811	-3.66924	-2.0954	-8.3286
F149I_A	861	0.331168831169	0.347826086957	0.328244274809	-4.06648	-0.330269	-25.7522
D88W_A	871	0.324675324675	0.347826086957	0.320610687023	-4.06624	-0.358101	-24.8915
S146Y_A	881	0.337662337662	0.347826086957	0.335877862595	-4.0571	-0.358026	-26.0522
P21N_A	896	0.331168831169	0.304347826087	0.335877862595	-4.11511	-0.224826	-25.5254
G1057K_C	911	0.232876712329	0.35	0.188679245283	-3.87949	-4.0819	-5.94615
F29Y_A	929	0.337662337662	0.272727272727	0.348484848485	-3.88387	0.719175	-24.0765
T1029I_C	942	0.232876712329	0.35	0.188679245283	-4.35626	-4.49113	-6.20553
Q122I_A	951	0.337662337662	0.272727272727	0.348484848485	-4.41974	0.685443	-24.3593
A131P_A	958	0.337662337662	0.166666666667	0.360294117647	-3.9125	-0.787993	-25.6668
I119C_A	972	0.331168831169	0.117647058824	0.357664233577	-5.25179	-0.990549	-23.9751
Q1032R_C	981	0.232876712329	0.333333333333	0.192307692308	-5.89551	-1.33106	-6.7727
S21G_A	998	0.298701298701	0.117647058824	0.321167883212	-6.06939	-0.94516	-23.2173
