name	count	identity	evolved_interaction	ancestral_interaction	stability
K15T_A	1	0.993506493506	-10.3131	-10.3509	-25.4393
Y25F_A	9	0.980519480519	-8.68341	-9.91535	-27.2486
Q1095R_C	16	0.931506849315	-9.07472	-8.17358	-9.39542
P72M_A	22	0.941558441558	-9.60579	-10.2549	-23.9186
T61M_A	36	0.922077922078	-9.91387	-10.3236	-25.9313
T15Y_A	44	0.915584415584	-9.96978	-10.3603	-25.9628
K27Y_A	53	0.902597402597	-8.48531	-10.2362	-26.7457
P21V_A	58	0.883116883117	-8.4656	-10.2311	-25.4386
V1028Y_C	68	0.780821917808	-8.08977	-7.42153	-6.79889
V75I_A	77	0.857142857143	-10.733	-9.87769	-25.5647
T151W_A	86	0.837662337662	-9.68953	-9.30275	-23.9265
I1070H_C	94	0.739726027397	-9.49314	-9.86734	-6.06882
K141L_A	104	0.792207792208	-9.39026	-8.88874	-24.3891
E1084N_C	113	0.712328767123	-8.0697	-7.72471	-6.58612
H1070V_C	121	0.712328767123	-7.82114	-7.71441	-7.01904
G115V_A	130	0.75974025974	-7.82618	-8.91189	-28.7742
R135E_A	137	0.74025974026	-7.82781	-8.59237	-25.3971
K1040M_C	142	0.698630136986	-7.29161	-6.63351	-6.97986
H1090V_C	153	0.684931506849	-7.56676	-7.61529	-9.32954
Y103F_A	163	0.694805194805	-7.61437	-8.62502	-26.3718
R1047V_C	168	0.657534246575	-4.38014	-7.51456	-10.2101
A40R_A	177	0.655844155844	-4.34393	-4.90274	-25.7234
Q1073C_C	183	0.643835616438	-5.68335	-6.74571	-6.48719
G63M_A	200	0.636363636364	-3.97584	-3.36249	-26.6877
S1093P_C	211	0.643835616438	-3.98472	-7.64131	-8.07012
R131N_A	216	0.616883116883	-4.01434	-3.37986	-26.5986
K1054G_C	222	0.643835616438	-3.60851	-6.99845	-11.1479
V1090Y_C	227	0.643835616438	-4.12497	-3.51462	-11.8059
R1055I_C	238	0.616438356164	-5.68399	-2.76123	-9.97373
V115S_A	245	0.61038961039	-5.42528	-3.34812	-24.2195
N131T_A	254	0.603896103896	-3.93858	-1.31702	-24.0176
A1053M_C	268	0.575342465753	-4.00231	-1.42724	-7.68901
S136F_A	276	0.590909090909	-4.02331	-1.90634	-25.4781
N1087I_C	284	0.547945205479	-4.78063	-4.31883	-6.54965
Q154I_A	294	0.590909090909	-4.7263	-1.83135	-24.3571
W1084Y_C	303	0.534246575342	-3.85143	-3.69791	-7.76589
D102H_A	311	0.564935064935	-3.84079	-1.80286	-24.0053
E49V_A	318	0.551948051948	-3.67568	-1.20789	-25.7409
P105I_A	323	0.538961038961	-3.69363	-1.20682	-25.4002
I1039W_C	329	0.465753424658	-3.69818	-3.88898	-7.66525
I1067V_C	338	0.465753424658	-3.69745	-4.36203	-7.41348
D19Y_A	348	0.5	-3.57801	-1.03986	-24.4996
K14R_A	358	0.487012987013	-3.63102	-1.26319	-24.0875
R60V_A	374	0.487012987013	-1.83572	0.702246	-25.958
Y59M_A	382	0.474025974026	-0.950703	1.92294	-26.4557
L97M_A	389	0.461038961039	-1.58543	1.92397	-24.5742
Q1076L_C	398	0.397260273973	-1.53918	3.61743	-7.21107
I150L_A	409	0.461038961039	-1.09885	1.91805	-25.0595
E98Y_A	416	0.461038961039	-1.10172	1.96551	-25.5787
I1051Y_C	424	0.383561643836	-1.26782	2.62101	-6.45598
Y70T_A	436	0.441558441558	-1.3527	1.67315	-24.767
K31M_A	446	0.435064935065	-1.6324	0.719616	-25.1559
R87M_A	452	0.435064935065	-1.63111	0.768561	-24.9706
H1058C_C	459	0.383561643836	-1.57636	-3.6897	-4.78213
A1071Q_C	471	0.383561643836	-1.22447	1.50295	-6.04721
S156M_A	476	0.428571428571	-1.11776	0.830568	-26.0146
V110W_A	483	0.428571428571	-1.15651	0.804807	-23.9603
Q116I_A	499	0.428571428571	-1.82284	0.828933	-29.7997
W1024F_C	505	0.356164383562	-1.82502	-3.23036	-6.32131
T27G_A	514	0.428571428571	-1.67366	0.447662	-24.4737
Q1079M_C	524	0.356164383562	-1.6875	-3.32576	-6.15088
W142N_A	530	0.422077922078	-1.6961	0.522332	-24.4237
S35V_A	535	0.409090909091	-1.70697	0.362387	-26.4661
C128Y_A	542	0.409090909091	-1.11238	0.421192	-25.9216
I105P_A	548	0.409090909091	-1.09091	0.392878	-27.8152
L1063N_C	556	0.342465753425	-1.0936	-0.907138	-8.6794
K48D_A	561	0.38961038961	-1.14188	0.468551	-25.236
N52T_A	570	0.38961038961	-1.11818	0.467377	-26.7393
Q66G_A	576	0.396103896104	-0.407499	0.434351	-26.6158
L44K_A	583	0.376623376623	-0.29761	0.592989	-31.2386
K71H_A	590	0.357142857143	-0.288401	0.663433	-23.8635
N142V_A	598	0.357142857143	-0.31455	0.628588	-25.0847
R139S_A	606	0.344155844156	-0.294535	0.556277	-24.6527
W1075T_C	614	0.301369863014	-0.297568	-0.0466857	-5.11593
G66D_A	625	0.344155844156	-0.397248	0.558538	-25.232
Q8D_A	633	0.337662337662	-0.401008	0.587622	-24.0909
K1074L_C	644	0.27397260274	-0.479503	-0.0195187	-7.34925
G1073M_C	653	0.27397260274	-0.478261	-0.0209829	-7.45036
D1062A_C	659	0.27397260274	-0.471148	-0.0427907	-6.91897
V126M_A	668	0.344155844156	0.862258	0.457138	-25.6209
Y1084I_C	673	0.27397260274	0.591545	-0.000775136	-8.51122
F119R_A	680	0.337662337662	0.475903	0.347778	-23.4058
A43C_A	693	0.337662337662	0.433818	0.697197	-27.9526
L93F_A	701	0.337662337662	0.497916	0.723078	-26.9537
T1075W_C	711	0.246575342466	0.370883	0.947679	-7.63076
H127Y_A	716	0.331168831169	0.0560129	0.509022	-25.5348
L150Q_A	724	0.324675324675	-0.153982	-0.155576	-25.5311
Y1071E_C	731	0.232876712329	-0.555885	-0.529824	-6.58955
S1055P_C	738	0.232876712329	-0.581809	-0.54931	-8.1462
R138W_A	749	0.324675324675	-0.577039	0.0861566	-24.1643
H1084N_C	760	0.232876712329	-0.195539	-0.784288	-7.56301
S114K_A	774	0.324675324675	-0.20262	0.0247313	-25.4082
T131V_A	784	0.324675324675	-0.119905	0.0944028	-24.0908
M59I_A	800	0.324675324675	4.24164	0.0829251	-24.1548
G27S_A	814	0.318181818182	4.34014	0.218713	-25.4185
D87N_A	822	0.324675324675	4.34014	0.219155	-24.8003
L1074H_C	828	0.246575342466	0.0954279	-0.877765	-7.00605
N1084S_C	836	0.246575342466	0.0271902	-1.17963	-6.82615
G30M_A	845	0.324675324675	0.0372785	0.00820196	-26.5435
G1075E_C	852	0.246575342466	0.0360166	-1.53582	-7.41532
K118H_A	860	0.318181818182	-0.0127134	-0.0163465	-24.1813
M30K_A	878	0.324675324675	0.200929	-0.0867919	-24.2456
Q110L_A	888	0.324675324675	0.142555	-0.0697246	-25.6281
V61M_A	894	0.331168831169	0.148558	-0.0442578	-25.9416
F1093L_C	901	0.205479452055	0.150694	-0.55851	-6.47702
Q1025Y_C	909	0.178082191781	0.685633	0.250129	-5.95019
R1023Q_C	925	0.178082191781	0.506668	0.525118	-5.93109
K15L_A	948	0.324675324675	0.506876	-0.566268	-25.1466
I143W_A	959	0.318181818182	0.570845	-0.450544	-23.6828
H10R_A	970	0.318181818182	0.56416	-0.600515	-26.9008
L92Y_A	978	0.311688311688	0.527266	-0.601039	-24.6339
A74Y_A	985	0.305194805195	1.5681	-1.29667	-24.1363
V1084R_C	996	0.178082191781	0.867334	2.88501	-7.12274
