name	count	identity	interface_identity	non_interface_identity	evolved_interaction	ancestral_interaction	stability
R1093H_C	1	0.986301369863	1.0	0.980392156863	-10.5276	-10.4106	-7.96818
Q151L_A	9	0.974025974026	1.0	0.97037037037	-10.6005	-10.556	-26.6625
Y87W_A	16	0.941558441558	0.947368421053	0.940740740741	-10.3453	-10.3552	-27.969
Q111A_A	25	0.909090909091	0.947368421053	0.903703703704	-10.3293	-10.4342	-23.9361
L26E_A	35	0.896103896104	0.947368421053	0.888888888889	-10.1431	-10.1325	-24.3419
H1093T_C	44	0.931506849315	0.909090909091	0.941176470588	-8.63826	-8.90799	-7.69087
R1074I_C	58	0.904109589041	0.909090909091	0.901960784314	-8.69669	-8.84946	-7.26831
Y139N_A	67	0.857142857143	0.944444444444	0.845588235294	-8.7046	-10.5073	-25.7541
K31Y_A	74	0.831168831169	0.944444444444	0.816176470588	-8.79765	-10.705	-25.7408
N33I_A	81	0.811688311688	0.833333333333	0.808823529412	-8.25201	-9.74111	-25.3837
R1071S_C	95	0.821917808219	0.818181818182	0.823529411765	-8.25881	-8.82722	-6.76551
A54S_A	103	0.779220779221	0.866666666667	0.769784172662	-8.28819	-9.74469	-25.1258
W87Y_A	118	0.772727272727	0.866666666667	0.762589928058	-8.04963	-9.74587	-24.4688
D1080F_C	126	0.753424657534	0.818181818182	0.725490196078	-7.86869	-8.22281	-8.48376
A106R_A	132	0.74025974026	0.8125	0.731884057971	-6.1893	-9.56995	-24.5928
T61A_A	138	0.733766233766	0.823529411765	0.722627737226	-2.84384	-8.72135	-24.2994
D19V_A	145	0.720779220779	0.705882352941	0.722627737226	-2.57465	-8.4866	-24.2412
T39I_A	154	0.714285714286	0.705882352941	0.715328467153	-2.77613	-8.1351	-24.1814
A142D_A	172	0.694805194805	0.705882352941	0.693430656934	-2.54747	-8.03568	-24.6377
S3K_A	181	0.668831168831	0.705882352941	0.664233576642	-2.95947	-8.02508	-24.9406
E42H_A	188	0.649350649351	0.705882352941	0.642335766423	-2.88	-8.00821	-26.3988
P128D_A	196	0.636363636364	0.631578947368	0.637037037037	-1.71385	-7.96136	-24.5586
C1047R_C	204	0.616438356164	0.636363636364	0.607843137255	-2.36552	-2.16552	-9.04997
I1088A_C	217	0.575342465753	0.590909090909	0.56862745098	-1.09846	-1.13656	-8.51986
L1048M_C	226	0.547945205479	0.590909090909	0.529411764706	-0.894328	-1.13354	-6.57809
Q1073R_C	248	0.520547945205	0.590909090909	0.490196078431	-1.54559	-1.8112	-6.82247
S35F_A	264	0.603896103896	0.625	0.601449275362	-2.80225	-7.03242	-25.9932
R1073K_C	283	0.520547945205	0.571428571429	0.5	-2.7619	-1.56386	-6.78017
L151T_A	294	0.597402597403	0.588235294118	0.598540145985	-2.65763	-7.3946	-27.3205
K18A_A	302	0.590909090909	0.529411764706	0.598540145985	-2.52996	-6.94956	-26.6085
T1084H_C	317	0.520547945205	0.52380952381	0.519230769231	-2.8602	-1.83046	-6.19873
H20F_A	327	0.551948051948	0.5	0.557142857143	-3.69623	-7.22568	-25.8986
H1092S_C	333	0.506849315068	0.5	0.509803921569	-3.38607	-0.938924	-6.88925
T150D_A	344	0.532467532468	0.428571428571	0.542857142857	-3.39173	-5.70158	-26.1667
R106C_A	350	0.532467532468	0.428571428571	0.542857142857	-3.38585	-5.64073	-25.0232
E1079F_C	357	0.465753424658	0.5	0.450980392157	-2.47332	-1.42219	-5.90562
E1051F_C	367	0.479452054795	0.545454545455	0.450980392157	-2.55598	-2.11869	-5.66984
L94I_A	375	0.519480519481	0.384615384615	0.531914893617	-2.5574	-5.17879	-24.1535
E1094Q_C	386	0.438356164384	0.5	0.411764705882	-2.40897	-1.94395	-6.63078
M1040I_C	395	0.452054794521	0.5	0.43137254902	-2.39471	-2.25296	-5.79757
V1062N_C	401	0.438356164384	0.5	0.411764705882	-2.18324	-1.26138	-7.51876
F137L_A	411	0.512987012987	0.357142857143	0.528571428571	-0.817446	-5.63851	-25.3256
K138F_A	420	0.5	0.357142857143	0.514285714286	-0.812565	-5.69331	-24.196
E11M_A	436	0.493506493506	0.384615384615	0.503546099291	-2.14616	-2.26307	-24.6076
P132A_A	443	0.480519480519	0.384615384615	0.489361702128	-2.27719	-2.28503	-23.6625
K3S_A	454	0.480519480519	0.357142857143	0.492857142857	-0.367183	0.481226	-24.1845
W134I_A	473	0.474025974026	0.357142857143	0.485714285714	-0.362108	0.57392	-24.9979
C13F_A	486	0.461038961039	0.357142857143	0.471428571429	0.13285	1.51322	-25.7388
L6Y_A	496	0.461038961039	0.357142857143	0.471428571429	0.027639	0.558362	-24.7313
Y1075D_C	506	0.397260273973	0.55	0.339622641509	-0.319628	-0.476613	-5.19877
K14M_A	515	0.441558441558	0.285714285714	0.457142857143	-0.153107	1.01116	-24.8398
M1040W_C	525	0.397260273973	0.578947368421	0.333333333333	-0.153448	-0.37776	-4.84949
I105R_A	534	0.428571428571	0.285714285714	0.442857142857	0.42273	1.10024	-24.5222
A37M_A	543	0.422077922078	0.285714285714	0.435714285714	0.774074	1.22276	-26.1988
N124Q_A	556	0.409090909091	0.285714285714	0.421428571429	0.698259	1.27716	-24.757
I18T_A	563	0.409090909091	0.266666666667	0.424460431655	0.758819	1.12346	-27.3782
L1045M_C	576	0.356164383562	0.470588235294	0.321428571429	1.13065	0.4958	-7.42607
F24Y_A	598	0.402597402597	0.25	0.420289855072	1.0533	-2.26459	-25.839
I112M_A	607	0.38961038961	0.25	0.405797101449	0.979874	-2.38238	-24.2172
W98K_A	614	0.38961038961	0.25	0.405797101449	1.12635	-2.38238	-24.0626
D106K_A	620	0.376623376623	0.25	0.391304347826	1.11809	-2.36712	-24.6375
N150D_A	627	0.383116883117	0.25	0.398550724638	1.12045	-2.28211	-24.6997
S3C_A	632	0.37012987013	0.25	0.384057971014	1.19234	-2.21752	-24.7808
L1059Y_C	639	0.328767123288	0.470588235294	0.285714285714	1.1688	0.310031	-9.64676
S27H_A	648	0.357142857143	0.2	0.374100719424	1.2637	-2.46878	-24.8343
G1031Q_C	661	0.315068493151	0.375	0.298245614035	1.00581	0.140307	-5.6493
Y1066M_C	669	0.315068493151	0.4	0.293103448276	1.84204	1.54405	-4.40004
F1079L_C	681	0.315068493151	0.4	0.293103448276	1.85145	1.5478	-4.33723
I17Q_A	703	0.331168831169	0.1875	0.347826086957	2.66472	3.91238	-23.949
M1060L_C	713	0.287671232877	0.375	0.263157894737	2.688	-0.239176	-5.09846
I1035M_C	725	0.27397260274	0.375	0.245614035088	2.7171	-0.168654	-4.94608
S1061Q_C	751	0.246575342466	0.3125	0.228070175439	2.79683	-1.00692	-7.05896
T132Q_A	771	0.324675324675	0.142857142857	0.342857142857	2.94223	3.91198	-24.422
Y6P_A	796	0.324675324675	0.142857142857	0.342857142857	2.98709	3.93284	-24.4595
G50M_A	801	0.318181818182	0.142857142857	0.335714285714	2.85805	3.73164	-24.4816
Q1042A_C	827	0.232876712329	0.25	0.228070175439	2.80965	0.615146	-5.37804
R1050W_C	833	0.232876712329	0.25	0.228070175439	2.44772	1.06913	-5.58923
H80L_A	841	0.337662337662	0.142857142857	0.357142857143	2.43864	3.53902	-24.5555
W19Q_A	852	0.344155844156	0.142857142857	0.364285714286	0.679209	1.17809	-23.8683
F16L_A	863	0.337662337662	0.2	0.352517985612	-0.28604	1.07326	-24.9208
C1043L_C	881	0.232876712329	0.263157894737	0.222222222222	-0.796836	0.893424	-6.79335
T1093A_C	888	0.232876712329	0.263157894737	0.222222222222	-0.733267	0.895293	-5.53032
G67D_A	901	0.324675324675	0.133333333333	0.345323741007	-0.782435	0.603325	-25.5233
S140N_A	908	0.324675324675	0.133333333333	0.345323741007	-0.78202	0.699871	-24.0069
K15M_A	914	0.318181818182	0.133333333333	0.338129496403	-0.574409	0.845743	-26.1915
E1071T_C	919	0.232876712329	0.263157894737	0.222222222222	-0.469555	-0.0852936	-6.61571
P22L_A	928	0.311688311688	0.133333333333	0.330935251799	-1.62166	-0.123452	-24.0041
E100R_A	942	0.311688311688	0.133333333333	0.330935251799	-1.04654	0.0709014	-23.2655
L49Q_A	950	0.318181818182	0.2	0.330935251799	-1.38363	-0.802818	-24.0613
M50N_A	956	0.324675324675	0.266666666667	0.330935251799	-0.362493	1.23402	-23.5924
H27Y_A	970	0.324675324675	0.266666666667	0.330935251799	-0.607334	1.59397	-23.6555
D17Y_A	980	0.318181818182	0.266666666667	0.323741007194	-1.87865	-0.0979834	-25.5228
K106D_A	990	0.318181818182	0.266666666667	0.323741007194	-1.70647	-0.192797	-24.3233
V113I_A	998	0.318181818182	0.266666666667	0.323741007194	-1.7045	-0.176127	-30.1888
