name	count	identity	evolved_interaction	ancestral_interaction	stability
N98E_A	1	0.993506493506	-10.5028	-10.5196	-25.8537
L114E_A	8	0.961038961039	-10.4003	-10.3555	-24.2787
Q151I_A	20	0.935064935065	-10.6511	-10.6187	-24.632
P123A_A	29	0.909090909091	-10.9227	-11.2462	-24.5873
S95H_A	38	0.88961038961	-9.45811	-11.0563	-25.8925
E143S_A	45	0.87012987013	-9.23881	-10.9295	-27.6727
H1023F_C	54	0.86301369863	-9.24233	-8.71487	-9.40723
K76D_A	61	0.857142857143	-9.96497	-11.5692	-24.2091
K1041P_C	71	0.808219178082	-8.43839	-8.20773	-9.94213
S39L_A	90	0.837662337662	-8.3159	-11.3337	-25.2901
Q7F_A	99	0.811688311688	-7.8099	-11.3659	-23.2366
S3Q_A	109	0.805194805195	-7.62492	-10.8881	-23.286
N126H_A	119	0.798701298701	-7.52301	-11.2549	-24.922
E1079L_C	126	0.72602739726	-5.86385	-7.84527	-7.23102
D19S_A	132	0.75974025974	-5.33845	-7.17161	-25.5649
S1033H_C	143	0.671232876712	-5.0298	-6.75449	-6.96657
H20E_A	152	0.720779220779	-2.61822	-1.94843	-24.1226
T1043V_C	167	0.657534246575	-2.68928	-6.55119	-9.38638
D145L_A	181	0.701298701299	-2.74187	-2.74792	-24.328
C1066P_C	190	0.630136986301	-2.72828	-7.24101	-8.35236
W66C_A	196	0.688311688312	-4.83921	-6.13192	-23.6918
A1074K_C	206	0.58904109589	-4.83342	-7.16536	-10.8151
D121G_A	221	0.681818181818	-4.78012	-6.05154	-24.4453
G1044F_C	230	0.547945205479	-4.79347	-6.62997	-7.30419
H1033C_C	236	0.547945205479	-4.70759	-6.57512	-6.81928
T1062S_C	245	0.547945205479	-4.02469	-6.30811	-9.21857
D3K_A	251	0.655844155844	-3.54749	-5.81409	-24.4691
Q101A_A	261	0.636363636364	-3.2501	-5.38826	-24.6502
S138I_A	268	0.62987012987	-3.06183	-5.3125	-23.7692
D1080N_C	283	0.479452054795	-3.23875	-3.54354	-6.25774
V148N_A	294	0.597402597403	-3.53734	-4.64987	-23.4565
W16Y_A	304	0.584415584416	-3.38663	-4.95211	-25.24
N1080D_C	318	0.479452054795	-3.43858	-3.39903	-6.69766
H95A_A	331	0.571428571429	-2.09836	-1.72971	-24.291
T1061R_C	348	0.452054794521	-2.56502	-3.34787	-7.63382
K1027Q_C	355	0.424657534247	-1.69347	-1.62751	-7.91296
Y1070Q_C	361	0.424657534247	-0.204207	2.54984	-7.51447
M1038D_C	371	0.424657534247	-0.202436	2.39648	-6.33106
I1088N_C	380	0.41095890411	0.853997	1.31736	-6.21419
H1047A_C	390	0.397260273973	0.830175	5.29785	-6.30894
T131D_A	402	0.525974025974	0.880256	-0.426835	-25.5824
P132W_A	417	0.512987012987	1.1846	-0.169972	-24.1034
H117M_A	424	0.506493506494	0.923169	-0.168198	-25.9511
H139R_A	431	0.512987012987	0.942045	-0.198399	-24.5862
V1094Y_C	440	0.356164383562	0.797447	0.270797	-8.32863
L74M_A	447	0.506493506494	0.773211	-0.949384	-24.1676
L1025V_C	461	0.342465753425	1.20266	4.15841	-5.98285
V1025C_C	469	0.342465753425	1.17094	4.09766	-5.74352
G21Q_A	476	0.493506493506	1.19065	-0.542205	-26.2084
Q1027M_C	483	0.342465753425	1.28288	-0.771831	-7.26968
N111I_A	489	0.5	1.22213	-1.88928	-27.1483
L38N_A	495	0.493506493506	0.957222	-1.91522	-24.802
R1077G_C	502	0.315068493151	0.5855	0.244722	-8.91058
M36T_A	508	0.487012987013	0.17873	-1.47532	-26.5652
G50H_A	517	0.480519480519	0.187086	-1.41822	-24.0184
I5T_A	529	0.487012987013	-0.323945	-1.9242	-24.9301
Q79W_A	537	0.474025974026	-0.511025	-1.932	-24.4362
H100S_A	545	0.474025974026	-0.939367	-1.77048	-26.8674
A134F_A	551	0.461038961039	-0.927002	-1.77437	-29.1973
D76Q_A	558	0.448051948052	-1.4091	-2.05888	-27.0854
H1090Y_C	565	0.342465753425	-2.1515	-3.47123	-7.55547
K18D_A	574	0.441558441558	0.387698	-1.47455	-24.5556
N124G_A	582	0.428571428571	0.234022	-1.82814	-23.0784
S1082E_C	588	0.328767123288	0.0512162	-3.80801	-6.90205
G115D_A	598	0.422077922078	0.0279348	-2.12902	-23.0413
L70Y_A	604	0.415584415584	0.129683	-2.33448	-23.8259
S82H_A	613	0.415584415584	0.0312516	-2.38208	-24.5157
R29N_A	619	0.402597402597	0.151857	-2.3006	-22.5528
C1025T_C	630	0.328767123288	0.188113	-3.34046	-6.55836
N1087H_C	638	0.328767123288	-2.38064	-3.90958	-6.45489
L9A_A	645	0.38961038961	-1.97157	-3.59651	-24.1467
R1093K_C	662	0.315068493151	-1.48573	-3.87211	-6.50838
I156M_A	669	0.376623376623	-1.66672	-2.90586	-27.2814
N98E_A	678	0.363636363636	-0.350124	-2.65844	-24.6364
L145Q_A	687	0.363636363636	-0.449495	-2.53192	-23.9574
V1061E_C	699	0.315068493151	-0.635905	-4.80153	-6.66989
A43M_A	711	0.357142857143	-0.622442	-2.79311	-26.5629
A9L_A	718	0.363636363636	-0.99383	-3.41581	-31.0887
T1034K_C	724	0.301369863014	-1.09477	-5.09021	-11.0464
R61Q_A	729	0.357142857143	-0.42688	-3.1118	-25.452
E1070G_C	738	0.301369863014	-0.562005	-4.93294	-9.30675
A137C_A	746	0.344155844156	-0.0122855	-1.67504	-24.8583
Y138V_A	751	0.344155844156	0.00299467	-1.82799	-25.1676
P5T_A	757	0.337662337662	0.231864	-1.86817	-24.2158
I71M_A	770	0.337662337662	0.242593	-1.92545	-24.3467
D29F_A	779	0.344155844156	0.412241	-2.13541	-25.6996
D37Y_A	785	0.344155844156	0.40732	-2.14037	-25.9458
D148I_A	799	0.337662337662	-2.79581	-3.71125	-29.4662
L9D_A	804	0.331168831169	-2.93576	-3.94645	-26.3014
T66M_A	812	0.324675324675	-3.01504	-3.73616	-26.1678
E1050Q_C	822	0.287671232877	-2.74818	-4.39059	-6.28095
D9I_A	834	0.324675324675	-3.31164	-4.46307	-27.8445
C137W_A	839	0.324675324675	-2.67372	-4.47428	-24.8903
F126M_A	852	0.324675324675	-2.45746	-4.21686	-25.2473
A1047C_C	861	0.27397260274	-2.45024	-4.51058	-5.69176
L12D_A	877	0.331168831169	-3.23845	-4.25009	-28.6833
T51W_A	884	0.318181818182	-3.24163	-3.82808	-25.3948
K89M_A	898	0.318181818182	-3.49247	-4.09393	-24.5443
D149Q_A	904	0.311688311688	-3.49347	-4.09547	-25.6577
M110W_A	913	0.311688311688	-3.60781	-4.71813	-24.5281
V1041E_C	922	0.260273972603	-3.68563	-2.52423	-7.29247
I1090F_C	934	0.260273972603	-4.06283	-3.56104	-6.55397
Y144I_A	943	0.311688311688	-4.06857	-4.54844	-26.5386
E1076L_C	949	0.232876712329	-2.12482	-0.813945	-5.29592
A129E_A	967	0.305194805195	-2.12552	-4.46071	-23.808
K79F_A	977	0.298701298701	-2.12578	-4.47603	-24.44
K1093L_C	994	0.219178082192	-2.08501	-0.618079	-4.95439
