name	count	identity	evolved_interaction	ancestral_interaction	stability
G80A_A	1	0.993506493506	-10.4946	-10.5197	-22.7375
E49T_A	6	0.974025974026	-9.17967	-10.6742	-26.6938
Q1073G_C	12	0.945205479452	-9.70751	-9.00758	-10.5126
A1091Q_C	24	0.931506849315	-9.41435	-8.98961	-11.702
S95E_A	29	0.909090909091	-9.02332	-10.9044	-26.0884
S1062H_C	35	0.876712328767	-9.00899	-8.91545	-10.4092
L138R_A	41	0.88961038961	-8.40513	-9.75264	-26.6563
H83L_A	47	0.857142857143	-8.81831	-9.80947	-24.9524
D1059Q_C	53	0.849315068493	-8.85891	-8.99046	-8.773
H1092F_C	60	0.808219178082	-8.64631	-8.73633	-6.41867
K31T_A	67	0.818181818182	-9.09682	-9.86853	-24.4068
Q93L_A	77	0.798701298701	-8.90498	-10.0263	-25.7104
F1036Q_C	84	0.780821917808	-8.93818	-8.43919	-6.05461
S156A_A	91	0.75974025974	-8.96729	-10.1363	-25.0696
S1032D_C	100	0.739726027397	-5.47288	-8.40264	-6.97038
K40T_A	105	0.733766233766	-5.55176	-4.57108	-25.8972
P73M_A	110	0.714285714286	-5.88342	-4.8155	-24.4624
S136N_A	120	0.701298701299	-5.44776	-5.13059	-25.1036
D100S_A	130	0.688311688312	-5.45727	-5.24371	-24.8663
I107F_A	146	0.662337662338	-5.58173	-5.21783	-24.2147
Y17F_A	156	0.662337662338	-6.02561	-5.45775	-24.6723
I45V_A	175	0.649350649351	-6.27095	-5.65951	-23.6442
L89E_A	194	0.655844155844	-6.90338	-6.34944	-24.1187
Q154K_A	205	0.642857142857	-6.16721	-6.36834	-24.3072
A32F_A	210	0.62987012987	-6.30419	-6.07501	-25.0491
K61Q_A	218	0.623376623377	-6.20113	-5.73638	-24.3555
Q1036P_C	226	0.643835616438	-6.0577	-3.77312	-10.3229
D118L_A	235	0.597402597403	-6.11272	-5.35107	-24.71
K1058M_C	246	0.575342465753	-6.1121	-3.90375	-6.50454
E1082K_C	257	0.547945205479	-2.87566	-1.09036	-7.62905
E11L_A	269	0.564935064935	-3.3619	-1.77499	-25.5013
L4D_A	276	0.558441558442	-2.74424	-1.84585	-23.8499
A80M_A	285	0.558441558442	-2.66462	-1.74671	-24.0693
K27G_A	291	0.545454545455	-1.7906	-1.34785	-25.1251
M1079F_C	300	0.506849315068	-1.15142	0.849899	-6.94509
F107I_A	320	0.558441558442	-1.14329	-1.24795	-25.1121
L11F_A	325	0.551948051948	-1.16139	-1.3457	-26.7849
R1064Q_C	331	0.493150684932	-0.654259	0.645881	-6.23139
G119L_A	337	0.551948051948	-0.821637	0.809966	-27.7413
S1088G_C	346	0.479452054795	-0.307555	0.755332	-7.0236
W1055I_C	363	0.479452054795	-0.883686	-0.609581	-6.16997
V1042N_C	384	0.479452054795	-0.876111	-0.222284	-6.50963
N124G_A	396	0.519480519481	-0.873647	-0.574441	-26.0244
L109M_A	403	0.5	0.283499	-0.217896	-23.3787
W44V_A	415	0.487012987013	0.000729899	-0.602947	-24.6763
L1081F_C	427	0.452054794521	0.869463	-0.338943	-6.23781
P1061F_C	443	0.479452054795	1.16697	-3.93515	-7.23809
V108M_A	451	0.474025974026	1.14766	0.224925	-27.2306
P132G_A	457	0.461038961039	0.931582	1.03475	-24.0921
R67Q_A	465	0.454545454545	0.885942	1.01325	-24.2622
K20C_A	472	0.454545454545	1.20973	2.19909	-24.959
E95L_A	485	0.454545454545	1.97907	1.92998	-21.4331
G1029V_C	496	0.452054794521	1.03198	-4.96368	-7.56826
D46E_A	507	0.461038961039	1.18309	2.06714	-21.9932
Q1046W_C	514	0.452054794521	1.18329	-4.97705	-7.428
W1023V_C	525	0.424657534247	1.31	-4.65291	-8.95985
D27A_A	535	0.461038961039	0.51687	0.804715	-22.7106
Q147V_A	550	0.461038961039	1.14501	0.882016	-22.5487
Y87R_A	571	0.454545454545	1.15251	0.881713	-23.9186
E1094N_C	576	0.369863013699	0.962245	-4.40929	-6.20077
E89Q_A	582	0.448051948052	0.961493	2.57423	-23.6819
Q57K_A	591	0.448051948052	-0.067383	2.13944	-24.0914
R19H_A	601	0.441558441558	-0.197623	2.68694	-23.7945
H19V_A	612	0.435064935065	0.224682	2.59872	-24.669
P4H_A	621	0.435064935065	0.225222	2.5985	-22.9507
K48P_A	629	0.422077922078	0.215642	2.59665	-24.382
M1074P_C	638	0.301369863014	0.0410299	-4.37309	-7.20248
H1034S_C	647	0.301369863014	0.317874	-4.65818	-6.36214
F1061K_C	654	0.301369863014	1.33234	-4.59966	-7.69692
N1036W_C	659	0.301369863014	1.46692	-4.79374	-7.28275
H153L_A	672	0.402597402597	1.46699	3.39791	-26.5261
V1029L_C	679	0.301369863014	1.89998	-3.9824	-7.68439
A43M_A	686	0.396103896104	3.24581	4.19187	-24.8614
Q127S_A	693	0.402597402597	2.64635	4.05886	-22.704
E1084R_C	706	0.287671232877	2.24073	0.179777	-11.6295
Q111E_A	711	0.396103896104	2.22518	4.0468	-22.5376
K76M_A	724	0.38961038961	0.116417	4.09139	-23.7956
H13C_A	735	0.383116883117	0.484493	4.91505	-24.7525
M95Y_A	742	0.37012987013	0.484493	4.91505	-24.6736
R1084D_C	754	0.246575342466	0.785859	1.07908	-7.27795
T86I_A	761	0.37012987013	0.756234	5.04266	-26.281
V11W_A	779	0.37012987013	0.780131	5.04332	-24.6462
E12D_A	791	0.363636363636	0.729941	5.05732	-23.8165
M93K_A	803	0.37012987013	-1.48231	1.39032	-24.3119
T102L_A	818	0.37012987013	-1.88779	1.2825	-27.2538
C1032E_C	826	0.219178082192	-1.86425	2.5454	-8.79131
V15R_A	837	0.363636363636	-1.89712	1.45122	-25.1427
E111Y_A	845	0.363636363636	-2.40262	1.49308	-26.2993
Y35R_A	850	0.363636363636	-2.47325	1.26627	-27.4609
F81L_A	855	0.344155844156	-2.4169	1.55067	-25.885
L1066R_C	862	0.219178082192	-1.97501	2.0396	-10.786
T48F_A	868	0.331168831169	-1.7763	1.55293	-27.9389
S1053C_C	874	0.219178082192	-2.05359	-1.70428	-11.5973
M141C_A	883	0.324675324675	-2.21975	3.46906	-25.1227
Y7M_A	894	0.318181818182	-2.16053	3.49095	-25.438
Q80G_A	902	0.324675324675	-2.72165	1.83159	-31.3444
R1079A_C	907	0.205479452055	-2.41611	2.00046	-7.94475
I126W_A	913	0.305194805195	-2.55505	2.26034	-24.9837
L1029F_C	925	0.205479452055	-2.04677	0.554061	-8.11548
G1027Q_C	936	0.191780821918	-1.70598	-3.64107	-10.3332
M1023D_C	946	0.191780821918	-1.7802	-3.65333	-9.06666
N3V_A	954	0.305194805195	-1.79242	2.24453	-24.232
V1051H_C	963	0.191780821918	-1.88546	1.19807	-10.1377
L143F_A	977	0.305194805195	-2.14528	3.5357	-24.7783
Q1071F_C	999	0.164383561644	-2.88551	3.40332	-5.53686
