name	count	identity	interface_identity	non_interface_identity	evolved_interaction	ancestral_interaction	stability
F1037L_C	1	0.986301369863	1.0	0.980392156863	-10.4946	-10.3781	-7.1482
S136T_A	7	0.980519480519	0.947368421053	0.985185185185	-10.1092	-10.1549	-27.3217
G115I_A	13	0.948051948052	0.947368421053	0.948148148148	-10.2229	-10.3023	-25.4126
R139W_A	21	0.915584415584	0.888888888889	0.919117647059	-5.6257	-3.99915	-24.9721
V1028W_C	38	0.917808219178	0.863636363636	0.941176470588	-5.28762	-9.1454	-9.32547
D19E_A	46	0.876623376623	0.833333333333	0.882352941176	-6.78571	-5.1682	-24.4129
R74C_A	52	0.87012987013	0.842105263158	0.874074074074	-6.5381	-5.03282	-25.5039
L149K_A	57	0.837662337662	0.842105263158	0.837037037037	-5.69844	-4.06078	-26.281
D118R_A	64	0.831168831169	0.842105263158	0.82962962963	-5.67331	-4.17615	-28.3833
I96S_A	70	0.805194805195	0.789473684211	0.807407407407	-5.44729	-3.9549	-24.8585
L44H_A	77	0.792207792208	0.75	0.798507462687	-4.4543	-5.60155	-24.7128
T1042W_C	84	0.794520547945	0.739130434783	0.82	-4.52792	-5.70731	-10.9351
N13I_A	92	0.772727272727	0.75	0.776119402985	-4.55628	-5.34852	-25.824
Q1095R_C	99	0.767123287671	0.695652173913	0.8	-5.16403	-6.75918	-6.7347
P46L_A	105	0.727272727273	0.7	0.731343283582	-5.46124	-5.53282	-26.9667
T1039I_C	110	0.780821917808	0.695652173913	0.82	-5.49852	-7.05252	-10.0846
S1032I_C	117	0.753424657534	0.652173913043	0.8	-4.27017	-5.42605	-10.1519
A106N_A	124	0.694805194805	0.736842105263	0.688888888889	-4.5627	-5.57809	-26.9953
E19M_A	131	0.681818181818	0.736842105263	0.674074074074	-4.14708	-5.15483	-27.9795
Q1073I_C	137	0.671232876712	0.636363636364	0.686274509804	-3.76947	-4.77115	-7.03961
Y52F_A	157	0.668831168831	0.7	0.664179104478	-2.48333	-3.23352	-24.3649
T120S_A	173	0.655844155844	0.666666666667	0.654411764706	-1.09917	-1.62874	-24.1628
H1056T_C	181	0.630136986301	0.65	0.622641509434	-1.10188	-4.15421	-7.2182
L46A_A	197	0.655844155844	0.666666666667	0.654411764706	-1.10086	-1.62811	-21.5188
L38M_A	209	0.649350649351	0.684210526316	0.644444444444	-3.48838	-4.92105	-25.7162
V149D_A	214	0.642857142857	0.684210526316	0.637037037037	-3.54328	-4.9634	-26.6569
H116M_A	220	0.636363636364	0.684210526316	0.62962962963	-3.37599	-4.96086	-25.2951
I60E_A	226	0.616883116883	0.684210526316	0.607407407407	-3.35984	-4.75078	-24.357
Y31Q_A	239	0.616883116883	0.684210526316	0.607407407407	-3.37113	-4.75964	-24.3818
R1071W_C	247	0.520547945205	0.545454545455	0.509803921569	-3.66013	-3.9325	-8.83332
V13F_A	255	0.603896103896	0.681818181818	0.590909090909	-5.72151	-3.32852	-25.46
E12L_A	261	0.603896103896	0.666666666667	0.593984962406	-6.26686	-3.48341	-24.3228
C93N_A	270	0.590909090909	0.666666666667	0.578947368421	-6.22502	-4.34962	-24.9566
I127W_A	275	0.584415584416	0.619047619048	0.578947368421	-6.18824	-4.40386	-25.8462
L1037C_C	283	0.506849315068	0.545454545455	0.490196078431	-6.14609	-4.61897	-5.90717
F52E_A	293	0.571428571429	0.619047619048	0.563909774436	-6.16107	-4.22576	-24.5171
A1051R_C	302	0.493150684932	0.545454545455	0.470588235294	-6.67013	-4.41941	-6.80798
R118M_A	310	0.558441558442	0.636363636364	0.545454545455	-6.66303	-3.74193	-23.287
I1035V_C	324	0.479452054795	0.545454545455	0.450980392157	-6.65288	-4.39957	-6.89399
I1070T_C	330	0.465753424658	0.5	0.450980392157	-6.63307	-4.27998	-6.7413
N121R_A	340	0.532467532468	0.636363636364	0.515151515152	-6.41578	-3.58526	-27.9195
E63F_A	352	0.519480519481	0.636363636364	0.5	-6.42087	-3.59551	-25.0318
A1040I_C	360	0.452054794521	0.5	0.43137254902	-6.41511	-4.1917	-6.65361
Q7V_A	372	0.512987012987	0.631578947368	0.496296296296	-5.70531	-3.75316	-24.1355
T18Q_A	391	0.519480519481	0.611111111111	0.507352941176	-6.16799	-3.9813	-24.3663
L124W_A	398	0.512987012987	0.588235294118	0.503649635036	-6.6881	-3.88342	-24.3724
D66P_A	416	0.506493506494	0.588235294118	0.496350364964	-6.68268	-3.9287	-26.3211
V40I_A	422	0.5	0.588235294118	0.489051094891	-6.74905	-4.05661	-24.4497
M1059K_C	441	0.438356164384	0.521739130435	0.4	-6.62089	-4.52054	-7.70825
S57L_A	449	0.5	0.611111111111	0.485294117647	-7.35042	-3.98635	-26.3009
A1053T_C	457	0.397260273973	0.521739130435	0.34	-7.33602	-4.88466	-7.0734
D1079R_C	462	0.397260273973	0.521739130435	0.34	-7.08604	-4.716	-6.84724
T146H_A	471	0.474025974026	0.631578947368	0.451851851852	-7.80962	-3.84134	-26.6256
F13W_A	478	0.467532467532	0.636363636364	0.439393939394	-9.75702	-8.56468	-26.243
I1040V_C	489	0.383561643836	0.5	0.326530612245	-9.35355	-4.70565	-6.43007
A142M_A	514	0.448051948052	0.578947368421	0.42962962963	-9.40238	-7.96599	-23.1435
R1091P_C	524	0.383561643836	0.5	0.326530612245	-8.55448	-4.15865	-7.13542
R143S_A	532	0.441558441558	0.578947368421	0.422222222222	-9.44623	-7.92004	-22.3455
N1092H_C	550	0.397260273973	0.583333333333	0.30612244898	-10.1036	-5.27224	-7.13635
R126M_A	558	0.428571428571	0.578947368421	0.407407407407	-10.1121	-7.6898	-22.8438
P59Y_A	568	0.422077922078	0.526315789474	0.407407407407	-9.97046	-8.16399	-25.0471
S95I_A	575	0.409090909091	0.555555555556	0.389705882353	-8.42595	-7.79728	-26.1217
R1051L_C	586	0.383561643836	0.583333333333	0.285714285714	-8.51849	-5.84378	-6.56014
T1070A_C	595	0.383561643836	0.565217391304	0.3	-8.69569	-5.7608	-6.37167
T1056L_C	604	0.369863013699	0.565217391304	0.28	-7.84009	-6.26155	-8.83269
I101S_A	610	0.396103896104	0.578947368421	0.37037037037	-7.45902	-8.38806	-23.868
R81K_A	619	0.383116883117	0.526315789474	0.362962962963	-4.82197	-3.73493	-23.3704
Q46F_A	627	0.376623376623	0.526315789474	0.355555555556	-4.68363	-2.10579	-23.6885
E1093S_C	635	0.356164383562	0.565217391304	0.26	-3.50447	-4.86282	-6.74154
R102L_A	647	0.383116883117	0.5	0.367647058824	-3.49888	-2.04495	-24.307
L1045Y_C	658	0.369863013699	0.565217391304	0.28	-3.46822	-4.25887	-6.74905
S143K_A	672	0.383116883117	0.526315789474	0.362962962963	-3.08379	-2.86628	-25.0241
M67A_A	680	0.376623376623	0.526315789474	0.355555555556	-3.31673	-2.88216	-23.926
V13L_A	691	0.376623376623	0.55	0.350746268657	-3.87016	-1.74978	-26.1021
K1059M_C	709	0.356164383562	0.52380952381	0.288461538462	-0.183646	-4.12279	-7.44688
M116Y_A	717	0.376623376623	0.473684210526	0.362962962963	-0.0957604	1.17149	-23.598
A67Q_A	739	0.376623376623	0.473684210526	0.362962962963	-0.0488652	1.02917	-23.1131
R111K_A	751	0.37012987013	0.5	0.350746268657	-0.370186	1.1269	-23.5357
D1095I_C	758	0.342465753425	0.521739130435	0.26	-0.36773	-4.35719	-6.14938
Y70W_A	783	0.363636363636	0.47619047619	0.345864661654	-0.369997	1.1817	-23.2297
N93V_A	795	0.357142857143	0.47619047619	0.338345864662	-0.369577	1.11692	-23.6015
D1030L_C	805	0.315068493151	0.434782608696	0.26	-0.727844	-4.5061	-7.22067
T1071L_C	813	0.315068493151	0.458333333333	0.244897959184	-1.92521	-4.52431	-8.14889
L1051W_C	821	0.301369863014	0.458333333333	0.224489795918	-2.18692	-4.60238	-7.57875
V93A_A	828	0.363636363636	0.5	0.345588235294	-0.830005	0.926785	-24.6176
T1074V_C	840	0.301369863014	0.416666666667	0.244897959184	-0.831704	-4.20382	-9.97974
M131E_A	855	0.37012987013	0.5	0.352941176471	-0.863638	0.930452	-24.674
W1027I_C	860	0.287671232877	0.416666666667	0.224489795918	-0.643658	-3.94901	-7.20703
K82L_A	865	0.363636363636	0.5	0.345588235294	-0.692795	0.384096	-24.0858
K1025R_C	872	0.27397260274	0.416666666667	0.204081632653	-0.675438	-4.05429	-7.63217
Y151W_A	881	0.37012987013	0.5	0.352941176471	-1.71181	0.261752	-24.4335
M36V_A	886	0.363636363636	0.5	0.345588235294	-1.57976	0.551512	-23.768
Y156T_A	897	0.363636363636	0.5	0.345588235294	-1.02767	-0.798297	-23.2157
V1029Q_C	911	0.260273972603	0.347826086957	0.22	-0.801349	-4.10436	-6.07767
N75I_A	929	0.350649350649	0.5	0.330882352941	-0.823037	0.44043	-25.5335
N32D_A	935	0.350649350649	0.5	0.330882352941	1.83621	3.03911	-23.4261
F93R_A	947	0.344155844156	0.5	0.323529411765	1.83648	3.03405	-25.0932
L1094K_C	956	0.260273972603	0.363636363636	0.21568627451	1.89158	-6.21437	-7.67819
C22H_A	968	0.344155844156	0.444444444444	0.330882352941	1.72735	2.93459	-23.5546
Q31M_A	974	0.337662337662	0.444444444444	0.323529411765	1.72664	2.93475	-23.2922
V1036T_C	983	0.232876712329	0.304347826087	0.2	1.18746	-6.33697	-6.16007
N30H_A	989	0.344155844156	0.444444444444	0.330882352941	1.07323	1.85739	-24.1497
