name	count	identity	evolved_interaction	ancestral_interaction	stability
R1046C_C	1	0.986301369863	-10.4798	-10.5208	-8.08109
K76M_A	10	0.980519480519	-11.6398	-11.5815	-27.5849
Y155E_A	17	0.954545454545	-11.6589	-11.6008	-29.5556
Q111V_A	24	0.935064935065	-11.6682	-11.5992	-29.635
Y64W_A	29	0.902597402597	-11.3914	-11.3475	-24.7337
S127E_A	38	0.883116883117	-10.5409	-10.4989	-25.2542
E1034C_C	46	0.86301369863	-10.3188	-10.4877	-6.95989
S1050V_C	54	0.849315068493	-10.5895	-10.7738	-8.88401
V1028T_C	61	0.835616438356	-10.529	-10.7434	-8.84497
Q110N_A	67	0.805194805195	-10.5716	-10.2641	-25.4851
E1084Q_C	74	0.794520547945	-7.15302	-9.36932	-10.0687
F82I_A	80	0.785714285714	-6.88746	-8.23696	-24.7776
I82D_A	92	0.772727272727	-7.1405	-8.23363	-26.0472
V113S_A	98	0.746753246753	-6.92583	-6.59722	-24.9467
D1087Y_C	114	0.753424657534	-5.68929	-5.63704	-9.28133
T91Y_A	131	0.727272727273	-6.33144	-7.4507	-25.0633
Q1095L_C	143	0.712328767123	-6.37468	-5.5287	-6.91301
N95S_A	152	0.701298701299	-4.94975	-1.53894	-25.0524
K15N_A	166	0.681818181818	-4.97834	-1.58901	-25.7323
L1026I_C	173	0.671232876712	-4.9439	-5.47453	-6.66543
E1094Q_C	186	0.630136986301	-5.00571	-5.52861	-8.90547
V1084D_C	197	0.602739726027	-4.56071	-6.98288	-9.10731
E63M_A	206	0.662337662338	-4.56111	-4.11294	-24.0524
K32F_A	216	0.649350649351	-4.55424	-4.31474	-27.6088
E42R_A	222	0.636363636364	-5.09862	-4.79693	-29.5967
K10D_A	227	0.623376623377	-5.18761	-2.6647	-27.3147
S113C_A	235	0.61038961039	-5.17649	-2.90905	-25.7325
K1038Q_C	240	0.534246575342	-5.04114	-6.11532	-11.4697
D1084S_C	247	0.506849315068	-1.68455	0.435683	-7.61193
V148D_A	256	0.577922077922	-1.68464	-2.24456	-23.7908
Y68M_A	267	0.558441558442	-1.63485	-2.38695	-25.3549
V116I_A	274	0.538961038961	-1.67869	-2.53774	-25.4682
C71S_A	280	0.525974025974	-2.13209	-1.98677	-24.7491
W103I_A	285	0.519480519481	-2.08366	-1.98911	-24.0763
V108K_A	300	0.512987012987	-0.638097	-2.34335	-25.5542
E1025Y_C	310	0.506849315068	1.836	-1.94033	-5.94259
P128T_A	317	0.493506493506	1.73875	0.17907	-23.6107
E1068V_C	326	0.493150684932	0.398339	14.1149	-5.84795
I140Y_A	342	0.493506493506	0.445808	1.14979	-26.1907
H118V_A	359	0.487012987013	0.442085	1.82877	-23.8697
V31A_A	369	0.487012987013	0.453966	1.86449	-24.7218
D10F_A	379	0.493506493506	-0.47126	1.79151	-28.5613
I145F_A	388	0.480519480519	1.31895	2.05473	-25.1341
E99D_A	399	0.474025974026	0.836739	1.66533	-23.9029
S70N_A	418	0.467532467532	0.990922	1.69288	-25.9388
Q1056C_C	429	0.438356164384	3.14275	2.45992	-5.33968
P21F_A	435	0.454545454545	3.17173	1.23559	-26.2949
F1036Y_C	444	0.424657534247	2.24818	1.18085	-6.4697
S39T_A	458	0.461038961039	3.17356	0.607355	-24.2543
R1047E_C	463	0.383561643836	2.26065	1.51625	-9.01952
T128K_A	474	0.461038961039	3.08963	-1.8901	-26.415
D1042H_C	483	0.369863013699	2.98424	2.38999	-7.69105
P1062L_C	491	0.369863013699	1.09067	1.22444	-6.99457
K27R_A	503	0.448051948052	0.690824	-2.60014	-25.0756
W12A_A	520	0.435064935065	0.698291	-2.61306	-25.1527
S3Q_A	536	0.422077922078	0.644911	-1.74951	-23.969
N15L_A	545	0.422077922078	0.646235	-1.94897	-24.833
F44Y_A	558	0.415584415584	0.54308	-1.95923	-25.5054
K1050Y_C	565	0.356164383562	-0.332663	0.965434	-7.69478
T1036E_C	582	0.356164383562	0.647953	1.00658	-7.21601
N4K_A	593	0.415584415584	0.348531	-1.84619	-24.6927
Y1081N_C	607	0.356164383562	-0.101423	1.35663	-5.75132
Q151F_A	624	0.396103896104	-0.127167	-1.49398	-24.4953
M53Y_A	640	0.402597402597	-0.12735	-1.39008	-25.4203
S145V_A	666	0.396103896104	-0.355064	-0.797787	-24.9024
I1088A_C	673	0.328767123288	0.161556	2.45747	-5.70738
L1066H_C	680	0.328767123288	-2.02098	-0.939593	-5.99934
M146Q_A	687	0.402597402597	0.0596823	-1.2276	-24.5694
S71N_A	694	0.38961038961	-0.197151	-1.48924	-24.1918
H153L_A	706	0.38961038961	0.679598	-1.43976	-23.4755
A30N_A	716	0.38961038961	0.710797	-1.68528	-23.3552
K142E_A	735	0.383116883117	0.723188	-0.169531	-25.2636
C128T_A	750	0.383116883117	0.56966	-0.0178087	-23.5503
V3Y_A	762	0.37012987013	0.637604	-0.0971264	-23.4532
W16A_A	768	0.363636363636	-0.722336	-0.246686	-24.1039
Y87D_A	776	0.357142857143	0.330604	1.79363	-23.5385
Q1074E_C	786	0.301369863014	0.39337	0.424496	-7.26518
I17A_A	792	0.363636363636	0.915296	1.86274	-26.6246
I103V_A	802	0.363636363636	0.562434	1.73269	-26.1913
M119Y_A	809	0.357142857143	-0.149775	0.705662	-25.8102
D111M_A	815	0.357142857143	-0.0945053	0.687145	-24.9507
I115V_A	826	0.357142857143	-0.119656	0.644995	-23.9804
E1077Q_C	836	0.27397260274	0.890367	0.305907	-5.75375
H1087D_C	849	0.287671232877	0.904032	-3.52621	-6.19179
D1030E_C	858	0.27397260274	2.60307	-2.78015	-5.9037
Q1042T_C	866	0.287671232877	2.80616	-1.26817	-6.56638
C10R_A	878	0.357142857143	3.70738	1.32221	-25.4809
L150F_A	887	0.350649350649	2.77277	1.86769	-25.114
V75M_A	902	0.344155844156	3.29392	1.98668	-25.6593
I67K_A	926	0.350649350649	2.81296	2.04766	-24.5259
E14H_A	940	0.350649350649	2.14068	1.32068	-24.5324
T108N_A	950	0.344155844156	1.53183	-0.108216	-25.0822
V1025T_C	964	0.287671232877	1.36627	0.411736	-4.16687
Q15S_A	971	0.344155844156	1.38637	1.09241	-25.9801
K1058L_C	984	0.301369863014	2.45445	0.263842	-4.88772
H1044F_C	994	0.301369863014	2.45394	0.263842	-5.55113
