name	count	identity	interface_identity	non_interface_identity	evolved_interaction	ancestral_interaction	stability
L114D_A	1	0.993506493506	1.0	0.992592592593	-10.3519	-10.3602	-24.4033
R17L_A	7	0.967532467532	0.894736842105	0.977777777778	-4.59415	-4.64481	-26.1938
R1055Q_C	15	0.945205479452	1.0	0.924528301887	-4.71798	-9.49348	-9.54084
L94W_A	20	0.928571428571	0.894736842105	0.933333333333	-4.69111	-4.59698	-28.0474
E1034P_C	26	0.890410958904	0.95	0.867924528302	-3.3589	-7.84545	-6.23948
I107L_A	39	0.88961038961	0.894736842105	0.888888888889	-3.35315	-4.31149	-25.1182
R1071K_C	56	0.86301369863	0.95	0.830188679245	-3.27721	-7.5816	-6.95372
D1080M_C	67	0.835616438356	0.95	0.792452830189	-3.26549	-7.48478	-7.30731
Q101W_A	80	0.837662337662	0.894736842105	0.82962962963	-3.50055	-4.67892	-24.8493
A1074M_C	94	0.780821917808	0.954545454545	0.705882352941	-3.57808	-7.59696	-9.16939
S3T_A	115	0.818181818182	0.894736842105	0.807407407407	-3.59378	-4.67256	-23.9737
R87L_A	126	0.811688311688	0.894736842105	0.8	-3.49197	-4.63995	-24.2633
K146N_A	134	0.805194805195	0.888888888889	0.794117647059	-4.13395	-4.72783	-23.8006
V1025D_C	150	0.698630136986	0.818181818182	0.647058823529	-4.09788	-8.25024	-8.67153
N146M_A	164	0.772727272727	0.888888888889	0.757352941176	-4.09863	-4.63963	-24.3133
D143F_A	174	0.766233766234	0.866666666667	0.755395683453	-3.91575	-4.58815	-27.029
R1064E_C	182	0.630136986301	0.681818181818	0.607843137255	-0.896763	-7.27854	-6.74681
N124F_A	205	0.74025974026	0.857142857143	0.728571428571	-1.03972	-1.79777	-25.6095
P1034A_C	218	0.602739726027	0.681818181818	0.56862745098	-1.21806	-7.75959	-8.73938
Q1055D_C	223	0.575342465753	0.636363636364	0.549019607843	-1.35736	-6.5246	-6.79259
F1028V_C	234	0.58904109589	0.681818181818	0.549019607843	-1.23034	-6.55904	-6.92365
K141M_A	248	0.720779220779	0.866666666667	0.705035971223	-1.72585	-1.60312	-24.8469
G150C_A	254	0.707792207792	0.866666666667	0.690647482014	-1.65402	-1.65867	-25.1225
E67L_A	262	0.688311688312	0.866666666667	0.669064748201	-1.72911	-1.40571	-25.405
C93N_A	272	0.681818181818	0.866666666667	0.661870503597	-1.7237	-1.53864	-25.0193
L104H_A	280	0.681818181818	0.866666666667	0.661870503597	-1.72278	-1.45138	-24.5217
K74F_A	288	0.662337662338	0.857142857143	0.642857142857	-1.6416	-1.02119	-27.0216
A120C_A	297	0.649350649351	0.857142857143	0.628571428571	-1.44282	-1.06101	-25.7298
M64F_A	309	0.636363636364	0.857142857143	0.614285714286	-1.6186	-0.926542	-25.6797
A35F_A	316	0.62987012987	0.857142857143	0.607142857143	-1.62786	-0.942889	-26.197
K93Q_A	322	0.616883116883	0.785714285714	0.6	-1.26112	-0.737434	-25.3579
F124I_A	330	0.603896103896	0.785714285714	0.585714285714	-1.25861	-0.74241	-26.5873
Y25C_A	336	0.597402597403	0.714285714286	0.585714285714	-0.495112	-0.48277	-25.4093
Q126N_A	343	0.590909090909	0.642857142857	0.585714285714	-0.645786	-0.548139	-26.2476
Q134K_A	349	0.584415584416	0.642857142857	0.578571428571	-0.634983	-0.407395	-25.8388
S122M_A	356	0.564935064935	0.642857142857	0.557142857143	-0.638411	-0.408086	-23.4265
V6A_A	371	0.564935064935	0.6	0.561151079137	-0.892508	-0.41624	-24.3611
E1066Y_C	383	0.520547945205	0.583333333333	0.489795918367	-0.771822	-4.45219	-6.73691
D145T_A	389	0.551948051948	0.6	0.546762589928	-1.15492	-2.03003	-25.7348
G1062P_C	398	0.534246575342	0.64	0.479166666667	-1.24228	-4.53979	-7.89395
V120F_A	407	0.545454545455	0.5625	0.54347826087	-1.43573	-0.623635	-24.4852
A32R_A	417	0.538961038961	0.5625	0.536231884058	-1.84096	-0.417504	-23.6865
D1082S_C	423	0.506849315068	0.583333333333	0.469387755102	-1.66292	-4.29441	-7.40448
M1094R_C	434	0.493150684932	0.56	0.458333333333	-2.32203	-4.0922	-6.55487
I127Q_A	443	0.532467532468	0.5625	0.528985507246	-2.31857	-1.41136	-23.5554
K154I_A	451	0.525974025974	0.5625	0.521739130435	-1.77706	-0.283043	-25.4269
S70H_A	457	0.506493506494	0.466666666667	0.510791366906	1.85426	3.39211	-25.6231
N1053P_C	463	0.465753424658	0.5	0.452830188679	1.63689	-2.15742	-7.64362
H1050R_C	470	0.465753424658	0.5	0.452830188679	1.5633	-2.14506	-7.96865
T75I_A	485	0.493506493506	0.5	0.492857142857	1.11824	2.03386	-25.6021
H1036N_C	493	0.438356164384	0.5	0.415094339623	0.861666	-2.65185	-9.70913
H1047A_C	498	0.452054794521	0.5	0.433962264151	0.655939	0.181485	-8.86817
Q1056A_C	515	0.424657534247	0.45	0.415094339623	0.430034	-0.0943115	-5.97832
R1033L_C	527	0.369863013699	0.4	0.358490566038	0.531497	0.213099	-7.35599
Q105R_A	542	0.506493506494	0.5	0.507142857143	0.534348	1.91417	-25.9979
R102F_A	550	0.5	0.466666666667	0.503597122302	-0.484907	2.08139	-24.4964
V113L_A	561	0.487012987013	0.466666666667	0.489208633094	0.123604	2.17398	-25.1239
A1055T_C	573	0.356164383562	0.35	0.358490566038	0.0651663	0.904196	-6.43005
S1082L_C	584	0.356164383562	0.35	0.358490566038	0.0347131	0.952565	-6.32992
C1050I_C	593	0.356164383562	0.35	0.358490566038	0.132604	0.944114	-6.78302
H108P_A	601	0.454545454545	0.466666666667	0.453237410072	0.1228	2.06791	-24.4325
E135Y_A	612	0.448051948052	0.466666666667	0.446043165468	0.125306	2.16273	-25.5617
I48C_A	618	0.435064935065	0.466666666667	0.431654676259	0.131069	2.01036	-24.4262
K40I_A	630	0.428571428571	0.466666666667	0.424460431655	-0.497668	2.12328	-24.8844
M52S_A	641	0.428571428571	0.466666666667	0.424460431655	-0.49796	2.17954	-24.3233
E9H_A	653	0.428571428571	0.466666666667	0.424460431655	0.326987	2.69925	-28.8908
G55Q_A	660	0.415584415584	0.4	0.41726618705	0.28486	2.60432	-24.1586
A128L_A	666	0.402597402597	0.4	0.402877697842	0.221424	2.60066	-24.4791
S95M_A	688	0.38961038961	0.4	0.388489208633	0.147172	2.95133	-27.6144
D1073K_C	694	0.315068493151	0.35	0.301886792453	0.49021	2.06507	-5.55641
V1070M_C	700	0.301369863014	0.35	0.283018867925	0.954689	2.93303	-8.26633
A118W_A	710	0.363636363636	0.368421052632	0.362962962963	-0.652009	2.92527	-25.1961
E1029I_C	722	0.301369863014	0.35	0.283018867925	-1.19839	2.40823	-5.21362
D142P_A	745	0.357142857143	0.333333333333	0.360294117647	-1.32386	2.67442	-24.4914
Q55F_A	752	0.357142857143	0.3	0.365671641791	-0.0332126	2.31165	-25.0946
M1088C_C	759	0.315068493151	0.333333333333	0.307692307692	0.359865	0.20541	-11.1125
N140T_A	766	0.337662337662	0.3	0.34328358209	1.73217	3.84124	-24.7791
L1033G_C	771	0.315068493151	0.333333333333	0.307692307692	0.444398	-0.309572	-7.40406
K33E_A	778	0.331168831169	0.3	0.335820895522	0.503566	3.17416	-25.59
G149T_A	789	0.331168831169	0.3	0.335820895522	0.514927	3.1611	-25.6345
E99V_A	802	0.324675324675	0.3	0.328358208955	0.501661	3.15895	-26.2409
D22T_A	814	0.331168831169	0.35	0.328358208955	-0.638246	1.10996	-26.8417
V14A_A	824	0.324675324675	0.35	0.320895522388	-0.646598	1.12503	-26.6348
R105M_A	841	0.324675324675	0.35	0.320895522388	-0.591833	1.06096	-27.1284
K153I_A	860	0.318181818182	0.35	0.313432835821	-1.01072	1.03412	-27.6812
A145W_A	867	0.311688311688	0.35	0.305970149254	-1.00883	1.03408	-26.9763
V148M_A	875	0.305194805195	0.35	0.298507462687	-1.00915	1.03383	-26.3012
L121Q_A	881	0.305194805195	0.35	0.298507462687	-1.3512	0.951142	-27.4753
Y10W_A	889	0.305194805195	0.35	0.298507462687	-1.6168	0.950389	-27.3146
A1040K_C	898	0.27397260274	0.260869565217	0.28	-2.21072	2.12548	-8.22977
I116L_A	903	0.298701298701	0.388888888889	0.286764705882	-2.20875	1.10754	-28.1905
M35W_A	911	0.298701298701	0.388888888889	0.286764705882	-2.02583	1.39242	-27.6007
Y1027I_C	920	0.27397260274	0.260869565217	0.28	-1.83902	2.01287	-5.94295
A108N_A	937	0.298701298701	0.444444444444	0.279411764706	-0.866631	-0.229799	-26.6199
A5S_A	948	0.298701298701	0.444444444444	0.279411764706	-1.04517	-0.243921	-27.1515
H1055E_C	959	0.287671232877	0.304347826087	0.28	-1.15099	2.4844	-6.96062
W118R_A	965	0.298701298701	0.444444444444	0.279411764706	-1.14358	-0.0768868	-28.4436
Q1061M_C	974	0.301369863014	0.304347826087	0.3	-0.709081	-2.03495	-7.94044
L1049I_C	981	0.301369863014	0.304347826087	0.3	-0.349777	-1.85634	-8.44062
F24C_A	988	0.298701298701	0.375	0.289855072464	-0.290262	-0.127601	-25.8885
