name	count	identity	evolved_interaction	ancestral_interaction	stability
A1051Q_C	1	0.986301369863	-10.4947	-10.3781	-9.30265
E49S_A	7	0.980519480519	-10.2462	-10.487	-25.6171
R8I_A	14	0.961038961039	-10.558	-10.806	-24.8439
D1068H_C	21	0.890410958904	-7.59773	-4.68102	-11.3348
L1088C_C	28	0.849315068493	-6.68676	-3.77066	-11.2754
F22C_A	40	0.935064935065	-4.55403	-7.20129	-23.2564
Q1095N_C	52	0.780821917808	-4.63636	-6.13456	-6.06483
D118Y_A	63	0.909090909091	-4.6476	-9.11862	-25.0058
P78W_A	68	0.883116883117	-4.64764	-9.12602	-24.0356
E1064T_C	75	0.72602739726	-4.76785	-6.23985	-6.41621
N52A_A	84	0.844155844156	-4.79793	-8.70337	-24.5564
M1060E_C	98	0.671232876712	-4.87933	-6.39648	-6.06425
Q1073T_C	114	0.643835616438	-5.17437	-6.33421	-7.27738
A1095Y_C	127	0.630136986301	-5.05395	-6.38526	-9.21925
F1042I_C	134	0.602739726027	-5.10327	-6.27984	-8.50258
L150I_A	139	0.811688311688	0.477647	-2.63268	-27.231
S1086G_C	146	0.58904109589	0.35506	-5.50114	-8.71945
H89R_A	153	0.805194805195	0.807087	-1.32044	-26.3921
H1032Y_C	159	0.602739726027	0.740867	-8.13175	-7.73743
S1029P_C	165	0.575342465753	0.577153	-7.70819	-5.93072
A1074V_C	179	0.561643835616	0.567555	-7.67329	-6.42203
R101I_A	185	0.746753246753	0.569038	-0.995793	-24.6054
Q1076C_C	195	0.534246575342	0.568735	-7.71184	-6.46943
N124S_A	207	0.727272727273	-3.31076	-5.5454	-23.9932
G1038F_C	228	0.506849315068	-2.31187	-5.99684	-9.71442
F1037H_C	237	0.493150684932	-4.27066	-6.07712	-8.14302
L6I_A	245	0.701298701299	-3.16911	-6.0989	-26.7099
I1042H_C	252	0.479452054795	-3.15753	-5.61447	-9.59433
K27A_A	260	0.662337662338	-1.0249	-2.7619	-26.0612
Q154V_A	266	0.649350649351	-0.792983	-2.67848	-24.6131
Y21M_A	278	0.642857142857	0.494034	-2.03675	-24.5902
I1035Y_C	289	0.452054794521	0.230727	-5.08139	-6.8019
T1064V_C	297	0.452054794521	0.509019	-4.57642	-8.99098
H131T_A	303	0.623376623377	0.376504	-2.14095	-24.6413
Q106P_A	314	0.62987012987	1.03236	-1.1921	-24.7556
C145N_A	325	0.62987012987	1.03038	-1.21275	-24.7297
G1023D_C	334	0.438356164384	1.02991	-5.30309	-6.22383
S122Y_A	350	0.616883116883	-1.18802	-1.26791	-24.4564
K14S_A	364	0.61038961039	-1.31285	-0.00970096	-24.9505
E1059K_C	371	0.383561643836	-1.56247	-3.67195	-8.33201
Q7S_A	379	0.597402597403	-1.54978	-0.00965704	-25.6997
A79Q_A	387	0.590909090909	-1.57814	-0.011918	-26.4527
M1083I_C	393	0.342465753425	-1.99024	-1.6472	-6.0285
I22P_A	441	0.577922077922	-0.406004	2.02326	-25.1359
F143E_A	453	0.571428571429	-0.581916	1.98364	-24.6742
W78D_A	460	0.564935064935	-0.574827	2.009	-24.1272
P123E_A	466	0.538961038961	-0.661903	1.98836	-26.9545
A27F_A	482	0.525974025974	-1.17322	1.09377	-26.325
W29G_A	491	0.519480519481	-1.08552	1.30824	-23.9891
L9V_A	500	0.512987012987	-1.13732	1.03384	-24.0932
T131P_A	518	0.512987012987	-1.21295	1.05787	-25.3489
C1050A_C	529	0.328767123288	-1.08607	-1.95603	-6.82455
D1032Y_C	544	0.328767123288	-1.00873	-2.00983	-6.66631
M67Y_A	555	0.5	-1.00308	0.786424	-26.3643
S124F_A	560	0.493506493506	-0.622016	0.680477	-27.6791
L38F_A	566	0.480519480519	-0.817362	0.320223	-25.3944
S49Q_A	572	0.467532467532	-0.770381	0.771157	-25.8645
F42W_A	579	0.467532467532	-0.846531	0.104201	-26.5818
L129K_A	586	0.467532467532	-0.455159	0.878862	-24.4008
Y67N_A	597	0.467532467532	-0.0986974	2.1165	-25.3098
K153Y_A	609	0.454545454545	-0.297909	2.14521	-25.6254
S136L_A	625	0.435064935065	-0.264232	2.21476	-26.9552
V10K_A	630	0.428571428571	-0.279918	1.98619	-29.7991
K1059H_C	640	0.301369863014	-0.31362	-1.31513	-7.88176
P62G_A	655	0.409090909091	-0.108409	2.20129	-25.3044
H1059V_C	664	0.315068493151	-0.111216	-1.10806	-7.10087
E1023M_C	678	0.315068493151	-0.106098	-1.11643	-6.4826
G29N_A	686	0.402597402597	-0.107365	2.18089	-26.1429
Y101W_A	695	0.402597402597	-0.126239	2.23711	-24.5484
P106A_A	706	0.409090909091	-1.19332	2.40428	-26.0446
C71I_A	715	0.38961038961	-1.27647	2.25709	-25.0014
V1085M_C	736	0.315068493151	-1.33512	0.252276	-6.26672
L1062D_C	751	0.315068493151	-1.4806	0.30525	-7.06284
M147H_A	759	0.38961038961	-1.731	-1.31169	-22.4843
R104T_A	769	0.38961038961	-1.74026	-1.30829	-24.334
Y138M_A	778	0.383116883117	-1.19347	-2.46044	-23.8842
Y143G_A	785	0.38961038961	-1.41371	-2.4641	-24.6731
T7A_A	792	0.383116883117	-0.74734	-3.09445	-24.9484
R1047M_C	801	0.27397260274	-0.12657	0.109979	-7.52111
Q1068N_C	810	0.27397260274	0.414994	-0.59895	-7.20703
V1059R_C	818	0.260273972603	0.364419	-0.259702	-9.0986
D1075G_C	827	0.246575342466	0.403231	-0.939833	-6.2832
W1076M_C	837	0.246575342466	0.579926	-1.2891	-6.01004
L145N_A	852	0.350649350649	0.717651	-3.4722	-21.6477
G1033E_C	867	0.246575342466	0.508498	-0.500709	-6.30783
R1035H_C	893	0.246575342466	0.503599	-0.415077	-5.49585
E135A_A	907	0.357142857143	0.478178	-3.49607	-21.4851
K1084T_C	931	0.232876712329	0.698381	-0.21187	-5.92549
F1052N_C	941	0.219178082192	0.387629	-0.915474	-5.79742
S110H_A	950	0.363636363636	0.995878	-0.880923	-24.2459
M1092S_C	958	0.219178082192	0.838327	-0.266127	-6.02089
L29M_A	975	0.357142857143	0.873671	-0.334903	-24.8079
Y87N_A	985	0.350649350649	0.893429	-0.397578	-24.921
V67E_A	992	0.357142857143	1.08021	0.10885	-26.212
W1070Q_C	1000	0.232876712329	0.338632	-1.64479	-8.0633
