name	count	identity	evolved_interaction	ancestral_interaction	stability
N52I_A	1	0.993506493506	-10.4739	-10.5042	-27.0205
M1049H_C	7	0.972602739726	-10.4792	-10.4644	-9.02732
Y25W_A	16	0.941558441558	-10.2558	-10.4229	-26.3208
L1045Y_C	22	0.958904109589	-10.3256	-10.4845	-7.23664
Q39L_A	27	0.909090909091	-10.2003	-10.6951	-25.9872
H1092N_C	36	0.917808219178	-7.43001	-7.4597	-6.68497
K147F_A	54	0.863636363636	-8.39807	-10.5351	-24.63
I107F_A	61	0.857142857143	-8.46335	-10.3341	-24.4428
P67A_A	70	0.850649350649	-8.73179	-10.3323	-24.7388
L117R_A	80	0.837662337662	-8.92026	-10.468	-24.6633
D141W_A	87	0.824675324675	-8.89458	-10.4191	-24.1037
A54L_A	96	0.792207792208	-8.96363	-10.467	-24.0991
A26K_A	104	0.772727272727	-9.75944	-11.1049	-25.814
D145G_A	112	0.746753246753	-10.6542	-10.7788	-25.7412
Y10F_A	127	0.727272727273	-10.6979	-10.7733	-25.2146
R1064M_C	136	0.753424657534	-9.35947	-7.91761	-7.67838
F1036L_C	142	0.712328767123	-11.388	-8.0188	-6.97203
A142F_A	152	0.694805194805	-10.5599	-9.75008	-24.7338
Y87E_A	163	0.681818181818	-10.7246	-9.71486	-24.528
A43G_A	175	0.668831168831	-10.908	-9.68893	-23.6565
D1087R_C	189	0.643835616438	-4.78662	-5.0385	-6.13451
A1074I_C	204	0.630136986301	-5.77682	-4.69288	-5.38067
S1033I_C	215	0.602739726027	-5.79366	-4.27885	-6.60581
Q1076F_C	224	0.58904109589	-5.74928	-4.21687	-7.2073
S7V_A	229	0.636363636364	-5.54201	-9.6264	-23.3932
G32C_A	255	0.636363636364	-5.03171	-10.0378	-23.7796
P108C_A	264	0.623376623377	-0.860104	-3.19872	-24.9307
I6L_A	280	0.616883116883	-0.859451	-3.20301	-25.4044
F1024K_C	286	0.58904109589	-1.95454	-3.48123	-6.67964
N98C_A	296	0.603896103896	-1.64609	-3.91585	-25.2597
A142T_A	313	0.590909090909	-3.41921	-5.47504	-23.9394
K30D_A	325	0.584415584416	-3.48356	-4.7522	-25.0654
C32V_A	333	0.571428571429	-3.59392	-4.82455	-25.0432
V32W_A	365	0.564935064935	-3.54306	-4.92683	-24.4318
R25I_A	372	0.564935064935	-2.35114	-2.94244	-25.4758
W135Q_A	381	0.551948051948	-2.37961	-2.83389	-23.5738
F10C_A	392	0.551948051948	-0.674811	-5.05883	-23.4528
Q1025R_C	398	0.547945205479	-0.640834	-2.77209	-6.45335
A27F_A	404	0.538961038961	-1.10197	-5.76332	-24.4999
T142S_A	415	0.525974025974	-1.06405	-5.73634	-22.8103
R1025T_C	426	0.520547945205	-1.15043	-2.96686	-7.04273
W1071D_C	435	0.493150684932	0.977388	0.0717565	-7.35988
P1088S_C	442	0.465753424658	-2.23173	-2.38806	-6.41972
T153Y_A	451	0.519480519481	-2.50302	-4.96869	-24.2459
P21C_A	456	0.512987012987	-1.81423	-2.96728	-24.1143
C70Y_A	482	0.506493506494	-1.78592	-4.51722	-23.0161
Q1043C_C	493	0.465753424658	-1.77035	-2.61987	-8.58616
Q1056K_C	505	0.438356164384	-1.03194	-3.05256	-6.18594
G1095R_C	525	0.424657534247	-1.70631	-1.65009	-6.72358
D1030M_C	530	0.41095890411	-1.82326	-1.65028	-7.48445
Y144D_A	537	0.487012987013	-1.74731	-3.61092	-24.6388
I1074R_C	547	0.41095890411	-1.94074	-1.52867	-8.98522
H32Y_A	554	0.467532467532	-2.42684	-5.57616	-24.0465
L49E_A	563	0.467532467532	-3.27529	-4.0507	-27.6847
A146K_A	570	0.467532467532	-2.21685	-2.96019	-24.5706
A102D_A	577	0.467532467532	-2.38716	-2.92894	-24.7623
V118K_A	588	0.454545454545	-2.39963	-3.32014	-25.3961
A1062Y_C	603	0.397260273973	-1.9649	-4.93676	-7.84688
M122F_A	616	0.448051948052	-2.07312	-2.72844	-24.1267
I1070Y_C	624	0.356164383562	-2.03019	-5.71642	-7.7971
D1057N_C	640	0.342465753425	-2.62291	-5.28697	-6.8171
A67F_A	650	0.448051948052	-2.56019	-2.40553	-25.8662
N126G_A	661	0.422077922078	-2.70624	-2.46302	-24.177
C139L_A	668	0.422077922078	-2.71285	-2.46227	-26.8496
Q151S_A	680	0.422077922078	-1.76849	-2.45852	-24.3277
T1090V_C	686	0.301369863014	-3.28924	-5.32448	-7.78565
D1086E_C	700	0.315068493151	-3.52562	-5.57344	-6.20319
K18Y_A	707	0.428571428571	-3.66058	-1.2894	-24.1148
R151G_A	714	0.435064935065	-3.60214	-1.46166	-24.4217
T1050W_C	721	0.315068493151	-3.61889	-5.27747	-6.45144
M1046K_C	733	0.315068493151	-3.71332	-5.2837	-6.53324
D100N_A	740	0.422077922078	-3.71304	-2.29425	-25.7137
R95I_A	746	0.422077922078	-3.7508	-2.29151	-24.7405
Q141F_A	759	0.422077922078	-3.75068	-2.29039	-24.0706
V1035K_C	766	0.315068493151	-3.71647	-5.20738	-9.62693
D1085W_C	778	0.287671232877	-2.79058	-3.64417	-7.61714
S89T_A	785	0.422077922078	-3.37984	-1.5202	-24.9217
L114F_A	797	0.415584415584	-3.12361	-3.68275	-24.8594
I108N_A	802	0.415584415584	-3.12481	-3.68632	-25.9022
Q1023W_C	811	0.260273972603	-2.71494	-2.97452	-7.76718
K1046C_C	824	0.246575342466	-2.72511	-3.4823	-9.70874
H7P_A	835	0.396103896104	-3.21503	-2.8898	-24.2345
M45V_A	855	0.396103896104	-3.22551	-2.85751	-24.1005
A1053L_C	871	0.205479452055	-3.4821	-3.19282	-6.88078
L1092Q_C	893	0.205479452055	-2.98531	-2.9379	-6.47274
Y111L_A	904	0.396103896104	-2.98153	-2.85313	-24.7033
H154W_A	926	0.396103896104	-2.97688	-2.84926	-25.0794
C14S_A	934	0.38961038961	-2.85355	-2.59915	-25.6408
F1070T_C	941	0.219178082192	-2.03138	-3.41387	-7.66598
W1023Q_C	949	0.219178082192	-0.92396	-3.43882	-7.55095
D1059Y_C	956	0.219178082192	-0.914955	-3.35844	-7.91825
W149F_A	967	0.37012987013	-1.72925	0.0101992	-24.8569
Y87S_A	978	0.363636363636	-1.78194	0.671385	-24.9617
Y1066W_C	986	0.205479452055	-1.71485	-3.28765	-5.8022
P125N_A	991	0.357142857143	-1.33262	2.07121	-26.0424
K146F_A	998	0.344155844156	-1.10822	2.14016	-24.45
