name	count	identity	interface_identity	non_interface_identity	evolved_interaction	ancestral_interaction	stability
I107T_A	1	0.993506493506	1.0	0.992592592593	-10.4946	-10.5197	-24.168
D1030V_C	8	0.972602739726	0.909090909091	1.0	-9.44386	-10.0254	-7.03247
T91A_A	13	0.948051948052	0.947368421053	0.948148148148	-9.48286	-9.96985	-28.4201
Q7K_A	19	0.928571428571	0.947368421053	0.925925925926	-9.55688	-9.99048	-27.7064
A91T_A	24	0.915584415584	0.947368421053	0.911111111111	-9.52605	-9.9345	-25.9587
D1061W_C	31	0.890410958904	0.909090909091	0.882352941176	-9.53504	-10.113	-6.4001
R13K_A	48	0.87012987013	0.888888888889	0.867647058824	-4.59665	-6.04984	-26.6065
S122G_A	54	0.850649350649	0.888888888889	0.845588235294	-4.57883	-5.89867	-27.5628
F1076D_C	64	0.849315068493	0.9	0.830188679245	-4.64991	-7.18745	-6.05946
D70W_A	73	0.818181818182	0.888888888889	0.808823529412	-4.35697	-5.46313	-25.895
D37E_A	78	0.798701298701	0.888888888889	0.786764705882	-4.36753	-5.47611	-24.6556
N52T_A	86	0.772727272727	0.833333333333	0.764705882353	-3.6861	-4.37958	-26.5336
S1071W_C	95	0.794520547945	0.9	0.754716981132	-3.98122	-6.57421	-6.51754
C5A_A	103	0.74025974026	0.777777777778	0.735294117647	-3.99729	-4.04298	-24.3653
V75M_A	109	0.74025974026	0.777777777778	0.735294117647	-4.02831	-4.05466	-24.0457
E99I_A	119	0.733766233766	0.75	0.731343283582	-3.13521	-4.34153	-24.1879
K1027F_C	124	0.712328767123	0.7	0.716981132075	-3.77245	-5.81798	-6.41576
N140L_A	135	0.707792207792	0.75	0.701492537313	-3.75217	-3.46357	-24.2215
A54Y_A	144	0.694805194805	0.75	0.686567164179	-3.70788	-3.76453	-24.6139
Y144W_A	154	0.688311688312	0.777777777778	0.676470588235	-3.293	-3.75625	-24.952
D33Y_A	163	0.662337662338	0.777777777778	0.647058823529	-3.30818	-3.81924	-24.88
K15Y_A	172	0.642857142857	0.777777777778	0.625	-3.31567	-3.92	-24.224
I6Y_A	183	0.636363636364	0.777777777778	0.617647058824	-3.68862	-4.79367	-26.774
I1070A_C	189	0.630136986301	0.52380952381	0.673076923077	-3.72471	-0.832472	-6.38712
S76A_A	197	0.62987012987	0.777777777778	0.610294117647	-3.7749	-4.19775	-24.5449
R1047P_C	208	0.58904109589	0.52380952381	0.615384615385	-4.21903	-2.43967	-7.90023
P154K_A	215	0.61038961039	0.777777777778	0.588235294118	-4.13295	-4.44905	-25.0097
Q1095P_C	223	0.575342465753	0.47619047619	0.615384615385	-4.17564	-2.45144	-6.47766
T63H_A	229	0.584415584416	0.764705882353	0.56204379562	-4.3166	-4.46848	-26.894
P65K_A	234	0.577922077922	0.764705882353	0.554744525547	-4.31595	-4.47851	-24.7933
T153I_A	243	0.564935064935	0.764705882353	0.540145985401	-4.324	-4.55449	-25.4023
Q1073T_C	255	0.547945205479	0.47619047619	0.576923076923	-4.40429	-2.33301	-6.64491
H147K_A	266	0.551948051948	0.705882352941	0.532846715328	-3.4383	-3.98546	-24.9116
K1074P_C	272	0.534246575342	0.5	0.549019607843	-3.88208	-2.3305	-7.92823
L109H_A	281	0.545454545455	0.733333333333	0.525179856115	-1.08544	-1.66525	-24.5155
S1033I_C	290	0.493150684932	0.4	0.528301886792	-1.09212	-0.75913	-7.53644
G44C_A	303	0.532467532468	0.666666666667	0.517985611511	-1.81543	-3.46547	-27.3383
E1054M_C	308	0.493150684932	0.416666666667	0.530612244898	-1.91559	-4.68105	-7.3528
L1045V_C	318	0.479452054795	0.416666666667	0.510204081633	-1.88711	-4.57695	-6.05908
I112D_A	324	0.5	0.666666666667	0.482014388489	-1.98864	-4.00509	-25.1526
Q130H_A	334	0.487012987013	0.666666666667	0.467625899281	-2.66008	-3.66489	-24.5104
A5K_A	347	0.487012987013	0.666666666667	0.467625899281	-2.47787	-3.66564	-25.4333
E1066A_C	352	0.493150684932	0.4	0.541666666667	-2.28717	-2.51497	-7.60874
G101E_A	359	0.487012987013	0.6	0.474820143885	-2.40347	-3.65936	-24.5204
L68F_A	368	0.487012987013	0.6	0.474820143885	-2.40197	-3.66071	-24.4663
I1033V_C	383	0.479452054795	0.4	0.520833333333	-2.40377	-2.99294	-7.7584
Q145S_A	390	0.487012987013	0.6	0.474820143885	-2.4641	-3.6001	-25.0711
N100M_A	400	0.480519480519	0.6	0.467625899281	-1.48795	-4.90791	-25.1223
K42F_A	412	0.480519480519	0.6	0.467625899281	-1.40867	-3.33272	-25.0747
C1081K_C	423	0.452054794521	0.375	0.489795918367	-1.28328	-3.11927	-6.47561
T1077K_C	440	0.438356164384	0.375	0.469387755102	-1.3647	-3.16741	-7.51579
M4N_A	450	0.448051948052	0.6	0.431654676259	-1.38322	-3.17726	-25.4135
Q1073P_C	461	0.41095890411	0.391304347826	0.42	-1.4622	-3.33778	-6.89993
A1066I_C	470	0.41095890411	0.416666666667	0.408163265306	-1.82367	-3.44203	-7.99869
N52I_A	477	0.441558441558	0.5625	0.427536231884	-2.8224	-4.25856	-26.0305
A1029K_C	486	0.41095890411	0.434782608696	0.4	-1.84471	-4.01585	-7.94337
L1086G_C	500	0.397260273973	0.434782608696	0.38	-1.0334	-3.47008	-9.93208
I124C_A	515	0.435064935065	0.5625	0.420289855072	-1.03813	-4.4145	-23.966
T35L_A	525	0.435064935065	0.5625	0.420289855072	-0.993475	-4.35483	-25.9716
R95A_A	533	0.435064935065	0.6	0.41726618705	-0.971921	-4.406	-24.5741
I1072F_C	545	0.383561643836	0.428571428571	0.365384615385	-0.00191892	-3.18399	-9.35751
Q1056E_C	556	0.369863013699	0.428571428571	0.346153846154	0.359074	-3.28796	-8.10775
K31I_A	562	0.415584415584	0.466666666667	0.410071942446	0.297437	-2.25451	-23.4061
T1082M_C	570	0.356164383562	0.380952380952	0.346153846154	0.213095	-2.43963	-7.99982
C44Y_A	578	0.415584415584	0.5	0.405797101449	0.19119	-1.58948	-24.2276
N1076Y_C	584	0.342465753425	0.333333333333	0.346153846154	-0.593591	-2.31537	-10.4662
A1084K_C	589	0.342465753425	0.333333333333	0.346153846154	-0.85768	0.316341	-7.82528
L25P_A	596	0.422077922078	0.5	0.411764705882	-0.83592	-2.17741	-23.3834
V65S_A	606	0.422077922078	0.5	0.411764705882	-0.505935	-2.17743	-23.7014
E74Q_A	615	0.428571428571	0.578947368421	0.407407407407	-0.999224	-1.88627	-24.8793
N66F_A	631	0.422077922078	0.578947368421	0.4	-0.637046	-1.86453	-24.0377
K13I_A	636	0.415584415584	0.578947368421	0.392592592593	-1.41799	-0.337334	-24.7318
A26R_A	642	0.409090909091	0.526315789474	0.392592592593	-1.80799	0.527165	-24.2038
I1027L_C	653	0.287671232877	0.333333333333	0.269230769231	-1.02538	0.589135	-6.22927
K1056T_C	665	0.287671232877	0.304347826087	0.28	-0.264202	0.694068	-6.25301
L1093T_C	670	0.287671232877	0.304347826087	0.28	-0.271633	0.672395	-6.26738
W144F_A	683	0.396103896104	0.526315789474	0.377777777778	-0.301319	0.690532	-24.751
R59L_A	691	0.396103896104	0.526315789474	0.377777777778	-0.321426	1.15383	-24.8928
D49Q_A	704	0.396103896104	0.526315789474	0.377777777778	-0.195617	0.632576	-23.6894
E121A_A	722	0.396103896104	0.526315789474	0.377777777778	-0.202512	0.618004	-24.627
Q18A_A	732	0.38961038961	0.526315789474	0.37037037037	-0.140055	-0.203456	-24.8396
V1033Q_C	739	0.246575342466	0.304347826087	0.22	-0.164077	0.889412	-5.94321
F52N_A	745	0.396103896104	0.526315789474	0.377777777778	-0.182079	-0.18117	-24.2517
K147M_A	755	0.383116883117	0.526315789474	0.362962962963	-0.142582	-0.179699	-24.4889
Q39S_A	764	0.376623376623	0.526315789474	0.355555555556	-0.130702	-0.179695	-24.6024
E1058R_C	774	0.232876712329	0.304347826087	0.2	-0.141881	0.963069	-7.41602
R1058M_C	779	0.232876712329	0.304347826087	0.2	-0.189452	1.39767	-7.50412
T1056F_C	789	0.232876712329	0.304347826087	0.2	-0.0347199	1.41152	-7.80891
R25Y_A	796	0.383116883117	0.578947368421	0.355555555556	-1.73097	-2.43049	-25.6454
C124D_A	808	0.376623376623	0.578947368421	0.348148148148	-1.7541	-2.38477	-24.1753
Q61E_A	835	0.376623376623	0.578947368421	0.348148148148	-1.75356	-2.46103	-23.4157
T1093C_C	844	0.232876712329	0.318181818182	0.196078431373	-1.69596	1.25946	-7.78078
Q1088L_C	854	0.232876712329	0.318181818182	0.196078431373	-2.35554	0.600143	-8.56443
K1084E_C	864	0.246575342466	0.363636363636	0.196078431373	-1.67464	-2.84559	-7.75738
C126Q_A	871	0.37012987013	0.578947368421	0.340740740741	-1.50675	-2.34626	-25.8486
V116L_A	877	0.363636363636	0.578947368421	0.333333333333	-2.09957	-2.69905	-25.2221
Y1050K_C	882	0.260273972603	0.363636363636	0.21568627451	-2.6683	-2.89321	-9.03035
F1046N_C	892	0.260273972603	0.380952380952	0.211538461538	-1.56053	-2.79311	-7.20721
F1036L_C	898	0.246575342466	0.380952380952	0.192307692308	-1.56488	-2.79146	-7.33742
P105L_A	910	0.363636363636	0.578947368421	0.333333333333	-1.34933	0.10416	-24.7601
L9M_A	922	0.357142857143	0.578947368421	0.325925925926	-1.36124	0.102954	-25.0262
S10G_A	937	0.357142857143	0.578947368421	0.325925925926	-1.53013	0.187319	-24.0149
D124Y_A	951	0.357142857143	0.578947368421	0.325925925926	-1.48727	0.193051	-25.4296
P125S_A	960	0.350649350649	0.555555555556	0.323529411765	-0.6123	0.0203751	-24.3818
Y155R_A	967	0.344155844156	0.555555555556	0.316176470588	-0.632069	0.0607437	-25.7105
L88Q_A	982	0.337662337662	0.555555555556	0.308823529412	-0.678649	0.0406225	-25.1747
K39T_A	994	0.324675324675	0.5625	0.297101449275	-0.666147	0.143202	-25.2648
