name	count	identity	evolved_interaction	ancestral_interaction	stability
D33E_A	1	0.993506493506	-10.5229	-10.5553	-25.4324
F1052H_C	7	0.958904109589	-9.81674	-9.72866	-6.37294
S156Q_A	13	0.948051948052	-9.46981	-10.1881	-27.4268
S127C_A	24	0.922077922078	-9.47921	-10.178	-24.5292
Q1073R_C	34	0.931506849315	-6.60147	-9.697	-6.90705
I1024M_C	41	0.917808219178	-6.59607	-9.7354	-7.00448
M103H_A	46	0.883116883117	-6.51325	-7.14865	-25.0349
W48R_A	54	0.883116883117	-6.72493	-7.21148	-26.3921
F1036M_C	65	0.808219178082	-7.56049	-10.7011	-6.984
Q130Y_A	73	0.863636363636	-7.58699	-7.19339	-27.0605
N126R_A	87	0.837662337662	-7.27946	-7.34957	-25.5659
A1053M_C	97	0.753424657534	-6.65766	-10.0896	-6.43575
E1059A_C	107	0.72602739726	-6.57455	-9.73639	-10.0892
F114Q_A	114	0.805194805195	-3.60941	-3.90985	-24.8352
A1059Y_C	126	0.684931506849	-3.4831	-6.63896	-6.91602
R13S_A	142	0.785714285714	-1.45859	-1.69169	-25.8596
R104K_A	148	0.75974025974	-1.46816	-1.83179	-24.3998
E106Q_A	162	0.753246753247	-3.48226	-4.03303	-25.0727
D102A_A	176	0.746753246753	-3.40944	-3.94768	-24.1878
W121Q_A	184	0.727272727273	-1.70847	-1.58405	-25.4915
K33G_A	194	0.727272727273	-1.73461	-1.5621	-25.1239
V62I_A	203	0.714285714286	-1.73411	-1.54174	-25.6875
S35L_A	212	0.688311688312	-1.79792	-2.12771	-24.6322
V57W_A	220	0.675324675325	-1.86628	-3.09072	-24.3677
K71N_A	227	0.655844155844	-1.90643	-2.98946	-24.0107
S3E_A	236	0.655844155844	-1.9074	-3.02372	-24.9138
V116L_A	246	0.636363636364	-0.507919	-1.74045	-26.915
N10L_A	257	0.636363636364	-0.622594	-2.60005	-25.2056
A1091S_C	263	0.561643835616	-0.431515	-2.07878	-6.09308
A1042G_C	272	0.547945205479	-0.435898	-2.05766	-5.92665
C1080Q_C	280	0.547945205479	-1.29273	-1.86284	-10.8814
N70R_A	288	0.616883116883	-2.78102	-3.58676	-24.22
D142A_A	298	0.623376623377	-3.46712	-3.48886	-23.6809
Y150L_A	320	0.623376623377	-3.53017	-3.69667	-24.0765
K13A_A	329	0.623376623377	-2.17775	-2.44267	-24.0872
E1084L_C	348	0.479452054795	-1.34543	-2.03138	-6.66898
H1034F_C	365	0.465753424658	-0.901886	-1.39485	-6.36648
F1034W_C	380	0.452054794521	0.276358	-0.138686	-6.74735
E111F_A	392	0.590909090909	0.229343	0.204404	-24.4891
Q121F_A	407	0.571428571429	0.262114	0.279136	-26.6814
N140G_A	414	0.551948051948	0.318851	0.389033	-28.4088
Q117R_A	434	0.538961038961	0.378495	0.227318	-23.9334
H57F_A	445	0.538961038961	0.715662	0.340274	-24.3998
I154R_A	452	0.532467532468	0.858245	0.350408	-24.0449
W70M_A	465	0.532467532468	0.328338	-1.88657	-23.5042
F22S_A	472	0.512987012987	0.86648	1.69644	-24.5821
E42K_A	482	0.493506493506	-0.871699	0.206021	-23.9542
M1044N_C	490	0.438356164384	-0.837972	0.196061	-5.66517
A1074K_C	503	0.424657534247	-0.658125	0.211641	-6.85468
L88M_A	509	0.461038961039	-0.647329	0.812389	-25.4733
H20K_A	515	0.448051948052	0.472111	1.14959	-25.7387
V1032C_C	521	0.424657534247	1.29009	-2.50604	-6.17898
A63L_A	545	0.435064935065	1.24443	1.04198	-25.8056
D95N_A	556	0.422077922078	1.23467	0.906567	-24.9974
N1044V_C	565	0.41095890411	0.267222	-2.4021	-5.8069
H96P_A	580	0.415584415584	0.277846	-0.8182	-25.7241
A1084R_C	587	0.397260273973	-0.369518	-2.19953	-7.20206
R135M_A	597	0.38961038961	-0.61185	-1.67859	-25.5946
G33L_A	603	0.383116883117	-0.612055	-1.69376	-26.3098
Y87E_A	613	0.363636363636	-0.381419	-1.25997	-24.3748
K1077I_C	624	0.41095890411	-0.375303	-1.89989	-6.08737
D1070T_C	636	0.41095890411	-0.176117	-1.78437	-6.37932
L131T_A	647	0.357142857143	-0.229554	-0.409476	-25.2471
F1065W_C	658	0.397260273973	1.4669	-1.70915	-6.40124
L15D_A	668	0.357142857143	1.40566	0.332073	-26.7628
S1062N_C	675	0.356164383562	0.937439	-1.78477	-7.5723
D1094L_C	691	0.342465753425	0.825942	-2.1309	-9.06224
I107F_A	700	0.337662337662	0.826156	0.311246	-25.1107
A1051D_C	707	0.328767123288	0.917738	-2.06438	-8.16004
Y68F_A	714	0.318181818182	0.581248	0.61774	-24.9187
C1046E_C	725	0.342465753425	0.606343	-2.97101	-8.72886
K104W_A	737	0.311688311688	-1.38463	-1.45328	-27.6863
F71S_A	744	0.311688311688	-1.41304	-1.43287	-24.4708
R101V_A	755	0.311688311688	-0.947606	-1.43285	-26.2735
Q122T_A	766	0.311688311688	0.251111	-1.21605	-24.0871
C1060T_C	777	0.287671232877	0.235236	-1.76339	-6.91479
E1050W_C	790	0.260273972603	-1.81504	-0.920769	-9.69463
K1059A_C	797	0.246575342466	-1.83434	-0.992863	-8.21024
M1061L_C	809	0.246575342466	-2.16845	-0.901474	-7.20888
T1079I_C	819	0.246575342466	-2.17509	-0.903785	-7.77338
W31L_A	830	0.298701298701	-1.52653	-1.11553	-24.978
E156Q_A	836	0.298701298701	-1.14885	-1.02507	-24.7096
I1077K_C	847	0.246575342466	-1.15664	-0.109423	-8.65267
C114V_A	856	0.298701298701	-1.00629	-1.06987	-26.7507
I91E_A	862	0.298701298701	1.99222	-1.10738	-25.498
V106C_A	874	0.298701298701	1.92909	-1.24184	-24.1269
E146R_A	892	0.292207792208	1.70522	-0.764339	-24.8427
M32K_A	897	0.292207792208	1.89635	-1.08479	-26.8445
F1063V_C	903	0.232876712329	1.8998	6.37866	-6.82572
F7N_A	909	0.285714285714	2.10433	-0.732705	-24.0068
A1059E_C	917	0.232876712329	1.76266	5.49642	-8.81045
V1063K_C	923	0.232876712329	1.8678	5.18634	-7.60368
G140N_A	930	0.279220779221	1.96709	-0.352327	-23.2174
F1026V_C	943	0.232876712329	0.9768	9.48829	-6.31948
V42Q_A	949	0.272727272727	0.76842	-0.307603	-22.27
K32G_A	961	0.272727272727	0.689306	-0.301409	-22.3634
V101Y_A	966	0.272727272727	0.689306	-0.30156	-22.915
L139G_A	974	0.279220779221	0.707371	-0.323924	-22.4538
T147A_A	982	0.279220779221	0.878218	-0.280168	-22.5844
