name	count	identity	interface_identity	non_interface_identity	evolved_interaction	ancestral_interaction	stability
M1049A_C	1	0.986301369863	1.0	0.980392156863	-10.4667	-10.3457	-7.68627
Q117N_A	12	0.974025974026	1.0	0.97037037037	-10.3951	-10.5057	-24.4371
E1059I_C	18	0.945205479452	1.0	0.921568627451	-10.272	-10.3661	-7.57171
M36H_A	24	0.928571428571	0.947368421053	0.925925925926	-10.2856	-10.7466	-27.3906
R13Q_A	31	0.902597402597	0.944444444444	0.897058823529	-7.54352	-7.90377	-24.739
T1043W_C	40	0.890410958904	0.954545454545	0.862745098039	-7.54144	-10.4134	-6.66223
K1070T_C	48	0.876712328767	0.954545454545	0.843137254902	-7.38571	-10.0664	-6.94607
W7V_A	58	0.857142857143	0.833333333333	0.860294117647	-7.31809	-7.18006	-24.1576
A1051F_C	63	0.821917808219	0.863636363636	0.803921568627	-7.41797	-10.9156	-10.3827
L114N_A	69	0.837662337662	0.833333333333	0.838235294118	-7.3352	-7.11394	-25.6375
V1034Q_C	81	0.767123287671	0.772727272727	0.764705882353	-7.23046	-10.0475	-8.50169
R17A_A	98	0.818181818182	0.777777777778	0.823529411765	-3.17565	-2.84714	-24.4099
K15G_A	105	0.798701298701	0.777777777778	0.801470588235	-3.19672	-2.91602	-24.0898
Q1076R_C	126	0.684931506849	0.75	0.660377358491	-3.11205	-6.25823	-6.15751
N126Y_A	132	0.785714285714	0.736842105263	0.792592592593	-3.24051	-2.92267	-24.9771
K40F_A	139	0.753246753247	0.684210526316	0.762962962963	-4.47242	-4.02309	-24.6721
R104S_A	152	0.733766233766	0.684210526316	0.740740740741	-4.36746	-4.05534	-24.3395
K1058W_C	159	0.630136986301	0.772727272727	0.56862745098	-5.08527	-6.44902	-8.14891
F22Y_A	165	0.707792207792	0.578947368421	0.725925925926	-5.23423	-4.77994	-25.0065
S127A_A	174	0.681818181818	0.526315789474	0.703703703704	-5.00689	-4.96757	-27.353
T1077L_C	180	0.616438356164	0.727272727273	0.56862745098	-4.97865	-7.16718	-6.75243
I102W_A	188	0.668831168831	0.526315789474	0.688888888889	-5.03569	-4.45297	-25.4678
K1042L_C	195	0.616438356164	0.727272727273	0.56862745098	-4.69797	-6.04989	-6.76927
A1049I_C	213	0.616438356164	0.727272727273	0.56862745098	-4.69603	-6.04519	-7.58547
H36M_A	218	0.636363636364	0.473684210526	0.659259259259	-4.93778	-3.88781	-26.3073
M36D_A	224	0.623376623377	0.473684210526	0.644444444444	-4.7474	-3.68613	-24.6556
L38P_A	231	0.616883116883	0.473684210526	0.637037037037	-4.92511	-4.00964	-26.4314
M1085A_C	242	0.602739726027	0.714285714286	0.557692307692	-5.01254	-2.72222	-7.66928
I1046R_C	247	0.616438356164	0.714285714286	0.576923076923	-5.11243	-5.97366	-7.62105
S1059A_C	254	0.616438356164	0.714285714286	0.576923076923	-5.15284	-5.97343	-7.83513
A1025T_C	268	0.616438356164	0.714285714286	0.576923076923	-5.19789	-5.98172	-7.923
A1053C_C	277	0.58904109589	0.666666666667	0.557692307692	-5.62968	-6.25565	-5.94211
V1028W_C	289	0.534246575342	0.666666666667	0.480769230769	-5.39875	-5.86313	-9.03817
I1039Y_C	299	0.506849315068	0.666666666667	0.442307692308	-5.43168	-5.96831	-7.42486
D1082G_C	318	0.493150684932	0.666666666667	0.423076923077	-5.45865	-5.2595	-7.40415
W95Q_A	327	0.545454545455	0.5	0.55223880597	-5.57567	-3.77843	-24.4479
T63W_A	346	0.545454545455	0.5	0.55223880597	-5.15818	-3.808	-25.5019
Y68M_A	354	0.538961038961	0.5	0.544776119403	-5.1017	-3.81772	-24.654
E82W_A	364	0.532467532468	0.5	0.537313432836	-4.71534	-3.88527	-24.9247
Y1067C_C	384	0.438356164384	0.571428571429	0.384615384615	-5.78315	-6.03821	-7.09479
A1064T_C	403	0.438356164384	0.571428571429	0.384615384615	-6.10239	-6.33292	-6.59141
I60L_A	414	0.512987012987	0.5	0.514925373134	-6.18466	-3.73178	-24.2705
I1093R_C	425	0.438356164384	0.619047619048	0.365384615385	-7.80469	-5.48834	-5.74667
I150V_A	440	0.506493506494	0.5	0.507575757576	-7.95216	-4.0066	-24.1877
D7S_A	452	0.493506493506	0.5	0.492537313433	-7.43829	-4.03664	-23.5966
R1032L_C	470	0.397260273973	0.571428571429	0.326923076923	-5.66367	-2.1091	-5.78635
E1046F_C	478	0.383561643836	0.571428571429	0.307692307692	-5.62948	-2.06452	-7.60708
A141L_A	491	0.5	0.5	0.5	-5.35427	-3.69014	-24.5651
S10M_A	500	0.5	0.5	0.5	-5.30871	-3.68228	-25.521
Y22L_A	507	0.5	0.52380952381	0.496240601504	-2.95568	-1.21821	-25.0713
A32S_A	520	0.493506493506	0.52380952381	0.488721804511	-2.90735	-0.933701	-24.7409
M146N_A	530	0.480519480519	0.428571428571	0.488721804511	-1.32415	0.608169	-23.4693
D89F_A	545	0.474025974026	0.380952380952	0.488721804511	-0.907383	0.483925	-24.0733
I1088Y_C	554	0.356164383562	0.473684210526	0.314814814815	0.673684	1.62159	-8.47186
T153A_A	562	0.461038961039	0.4	0.470149253731	0.347673	0.24472	-23.421
L1059P_C	569	0.356164383562	0.473684210526	0.314814814815	0.378415	1.5859	-8.89216
Y1068T_C	580	0.356164383562	0.473684210526	0.314814814815	0.946765	1.06014	-7.73284
A1094W_C	588	0.356164383562	0.473684210526	0.314814814815	1.1604	1.21783	-6.41716
M31R_A	601	0.428571428571	0.4	0.432835820896	1.45541	1.27524	-24.5654
S138Q_A	608	0.422077922078	0.380952380952	0.428571428571	2.65795	1.21659	-24.6175
H106S_A	616	0.415584415584	0.333333333333	0.428571428571	2.68812	1.05616	-23.9025
H22T_A	628	0.415584415584	0.333333333333	0.428571428571	3.07981	1.23624	-24.514
F1046K_C	637	0.328767123288	0.5	0.272727272727	1.11719	1.01942	-7.2998
G1082N_C	646	0.328767123288	0.5	0.272727272727	1.1123	0.967079	-8.83941
K44Y_A	652	0.396103896104	0.3	0.410447761194	1.11046	1.40187	-26.3296
L87Y_A	658	0.402597402597	0.3	0.417910447761	1.42292	1.39516	-24.5657
C1058R_C	669	0.301369863014	0.388888888889	0.272727272727	1.40774	1.47135	-7.61073
I1038N_C	677	0.301369863014	0.388888888889	0.272727272727	1.40447	1.47212	-8.40468
Q95Y_A	685	0.402597402597	0.3	0.417910447761	1.68904	1.84525	-25.6979
L75V_A	692	0.409090909091	0.3	0.425373134328	2.38975	1.56012	-24.6781
D12L_A	706	0.409090909091	0.3	0.425373134328	2.20111	1.45523	-26.9385
V113S_A	716	0.396103896104	0.25	0.417910447761	2.18754	1.45889	-23.7687
G115D_A	724	0.396103896104	0.25	0.417910447761	2.14589	1.75936	-30.1923
N1038L_C	731	0.287671232877	0.277777777778	0.290909090909	1.00269	2.2332	-5.78691
A40C_A	740	0.383116883117	0.2	0.410447761194	0.706484	0.68956	-25.0444
K1095V_C	762	0.27397260274	0.263157894737	0.277777777778	0.638989	2.6606	-5.37899
D143T_A	771	0.37012987013	0.210526315789	0.392592592593	0.599422	0.689182	-25.8274
C40W_A	780	0.363636363636	0.235294117647	0.379562043796	1.24184	0.83677	-26.8387
L120M_A	789	0.344155844156	0.235294117647	0.357664233577	1.24675	0.706708	-24.3193
S94T_A	795	0.344155844156	0.235294117647	0.357664233577	1.19061	0.811286	-26.0802
T7F_A	802	0.337662337662	0.235294117647	0.350364963504	1.39731	1.17649	-24.9978
D1061V_C	809	0.260273972603	0.277777777778	0.254545454545	1.41179	4.14941	-5.4253
L1029S_C	825	0.27397260274	0.388888888889	0.236363636364	0.647198	1.15121	-5.5746
S49R_A	835	0.337662337662	0.235294117647	0.350364963504	1.55997	1.4958	-25.7708
N131C_A	842	0.337662337662	0.235294117647	0.350364963504	1.52967	1.4958	-26.3302
D115R_A	850	0.337662337662	0.235294117647	0.350364963504	1.33349	1.49526	-23.9598
L21I_A	862	0.337662337662	0.235294117647	0.350364963504	1.4433	1.51215	-24.5596
K74F_A	871	0.324675324675	0.235294117647	0.335766423358	1.44319	1.51224	-24.3472
K1033V_C	878	0.260273972603	0.352941176471	0.232142857143	1.44472	-0.761534	-5.11678
W124F_A	890	0.311688311688	0.235294117647	0.321167883212	1.40087	1.55386	-27.8523
S106F_A	898	0.305194805195	0.235294117647	0.313868613139	2.36454	1.88575	-25.7674
R1047P_C	905	0.246575342466	0.333333333333	0.218181818182	2.13888	-0.743344	-6.23229
Q55N_A	911	0.292207792208	0.235294117647	0.299270072993	2.00522	0.666854	-24.2633
Y135I_A	921	0.285714285714	0.235294117647	0.29197080292	1.78019	0.278269	-24.4604
H149S_A	933	0.292207792208	0.235294117647	0.299270072993	1.10757	-0.397754	-24.7694
V67N_A	940	0.292207792208	0.25	0.297101449275	1.42642	0.647769	-28.3654
D3M_A	945	0.285714285714	0.25	0.289855072464	1.61322	0.84537	-25.5219
I42H_A	953	0.279220779221	0.25	0.282608695652	1.62037	0.89064	-24.247
C91K_A	972	0.285714285714	0.294117647059	0.284671532847	1.18601	-0.041793	-25.2722
A1075N_C	998	0.232876712329	0.333333333333	0.2	1.12647	-1.2151	-4.88875
