name	count	identity	evolved_interaction	ancestral_interaction	stability
E42T_A	1	0.993506493506	-10.6284	-10.653	-25.9722
K48C_A	12	0.967532467532	-10.8725	-10.766	-25.3809
E143R_A	22	0.935064935065	-10.8738	-10.769	-27.9651
M36I_A	32	0.902597402597	-10.8341	-10.7228	-27.1221
E1094M_C	44	0.945205479452	-10.9637	-10.5723	-7.44343
T91H_A	53	0.857142857143	-10.8964	-10.7264	-24.6856
I60L_A	64	0.850649350649	-10.9038	-10.7406	-24.3786
N98H_A	72	0.837662337662	-11.1315	-10.719	-24.3183
T1056F_C	80	0.835616438356	-10.5732	-11.1477	-7.15753
V1028Y_C	88	0.794520547945	-10.8342	-11.4277	-6.60746
R17P_A	97	0.798701298701	-6.7172	-6.3033	-24.1851
H29A_A	106	0.785714285714	-6.78624	-6.27202	-25.6698
L60I_A	116	0.779220779221	-6.88404	-6.35157	-27.6791
V1041F_C	123	0.767123287671	-6.98764	-10.624	-6.69179
K110T_A	132	0.753246753247	-6.96653	-6.72105	-24.3525
L150W_A	139	0.74025974026	-6.83124	-6.75827	-24.0858
F1074K_C	145	0.712328767123	-6.40151	-10.5052	-6.09731
Y16N_A	153	0.727272727273	-6.45568	-5.58601	-24.9763
L38Q_A	162	0.707792207792	-6.24836	-5.6397	-23.9696
M1094A_C	172	0.712328767123	-6.21385	-10.1029	-5.998
T61N_A	188	0.668831168831	-5.14562	-6.1344	-25.6064
S17P_A	195	0.668831168831	-5.30759	-6.60266	-25.4161
A79G_A	202	0.649350649351	-3.76776	-4.75019	-25.3606
I1088L_C	224	0.671232876712	-3.40715	-7.8174	-4.90109
W32P_A	245	0.623376623377	-3.439	-4.31462	-25.9225
S95A_A	254	0.616883116883	-2.19414	-4.3004	-25.5404
S89G_A	260	0.61038961039	-3.39341	-6.97438	-26.1499
A26T_A	265	0.590909090909	-4.90712	-8.67932	-26.6829
W48R_A	270	0.590909090909	-4.87482	-9.20145	-26.8731
N16V_A	277	0.584415584416	-4.84106	-9.51002	-26.1009
D1085P_C	282	0.58904109589	-5.00171	-7.31637	-8.1407
E67N_A	287	0.551948051948	-5.16979	-9.42344	-23.1929
E63Y_A	296	0.538961038961	-5.1874	-9.46483	-25.2451
P32I_A	303	0.532467532468	-5.88155	-9.2608	-24.2928
C39S_A	311	0.525974025974	-5.35881	-8.2175	-23.1666
A95H_A	323	0.519480519481	-5.05401	-7.35009	-23.6638
Q1087G_C	333	0.506849315068	-6.62133	-7.23659	-7.4568
F53W_A	342	0.519480519481	-6.6031	-7.23597	-25.3909
M1023K_C	355	0.506849315068	-3.80606	-8.15592	-6.91062
T136S_A	363	0.506493506494	-3.86965	-3.72712	-24.2418
I11K_A	370	0.506493506494	-1.11878	-0.438933	-24.9096
H95T_A	377	0.5	-1.18735	-0.401116	-24.8901
A1032Y_C	389	0.452054794521	-1.7021	-5.6058	-10.2752
E1046R_C	397	0.452054794521	-1.71201	-6.21873	-7.47711
W1085V_C	410	0.452054794521	-1.69303	-5.8294	-6.921
W150E_A	422	0.474025974026	-1.61693	-3.5199	-25.0944
F81M_A	428	0.467532467532	-1.61319	-3.47468	-24.3724
C1043D_C	434	0.438356164384	-0.158966	-5.51923	-6.29461
R1027M_C	443	0.397260273973	0.1167	-4.80549	-7.2258
F1037I_C	453	0.369863013699	-0.27672	-3.61843	-5.84962
K146A_A	462	0.448051948052	-0.174767	-3.39813	-23.9347
R11Y_A	479	0.441558441558	-0.185818	-3.72185	-23.4706
N61W_A	487	0.441558441558	-0.184382	-3.277	-26.5866
R126V_A	494	0.435064935065	-0.164827	-3.28757	-26.6212
Q114E_A	502	0.428571428571	-0.0955656	-3.15537	-24.3474
Y1044H_C	521	0.369863013699	-0.337292	-4.11663	-6.367
I1063F_C	530	0.369863013699	-0.480934	-4.04519	-5.74268
H147A_A	539	0.422077922078	-0.131465	-4.79715	-23.0622
V1040T_C	551	0.383561643836	-0.150977	-4.12754	-7.86482
K1057R_C	562	0.369863013699	-0.143125	-4.81659	-6.8579
A1023C_C	575	0.369863013699	-0.174743	-4.12967	-7.29457
R3S_A	584	0.422077922078	-0.151769	-4.70725	-24.5743
L87C_A	589	0.428571428571	-0.0342094	-3.24212	-27.9016
I17G_A	600	0.422077922078	-0.92007	-3.23199	-24.7766
A106I_A	610	0.402597402597	-1.32781	-3.51732	-24.9078
D33K_A	620	0.396103896104	-1.32866	-3.841	-23.679
C74S_A	632	0.396103896104	-1.79865	-3.53259	-24.7476
C138M_A	640	0.402597402597	-0.629803	-3.09553	-25.0894
L31D_A	645	0.396103896104	0.243496	-3.04832	-24.6548
R1038K_C	653	0.342465753425	-1.93034	-3.82144	-7.03309
I1058M_C	661	0.342465753425	-2.80373	-4.80397	-7.62732
S76W_A	666	0.383116883117	-2.87229	-3.36719	-24.7691
G1053S_C	680	0.328767123288	-2.85162	-4.76252	-8.64011
W76M_A	695	0.376623376623	-2.90783	-3.21251	-26.7873
T1095I_C	701	0.315068493151	-2.07038	-5.76857	-6.32737
K1080L_C	708	0.301369863014	-2.05712	-5.62615	-6.96401
E1090N_C	726	0.287671232877	-1.24832	-2.03956	-7.20066
P1033W_C	735	0.287671232877	-1.32221	-2.21536	-9.12728
E1050C_C	742	0.260273972603	-1.36996	-2.20015	-9.32372
D31G_A	749	0.376623376623	-1.25362	-3.13409	-24.9901
Y1086C_C	760	0.260273972603	1.1929	-1.83193	-7.82814
R61E_A	773	0.383116883117	1.0528	-0.59478	-25.3084
F1051I_C	781	0.260273972603	1.0449	-0.947347	-8.34006
M28V_A	789	0.376623376623	1.18685	-0.184865	-25.0773
G1087I_C	796	0.232876712329	2.82263	0.00785439	-7.95126
Y155M_A	802	0.357142857143	2.73981	-1.80854	-23.5206
I1051Y_C	808	0.219178082192	2.56362	-0.574262	-5.76136
M1049F_C	817	0.205479452055	2.54461	-0.505895	-7.01704
K18D_A	825	0.344155844156	3.17378	1.43847	-25.1908
D18I_A	838	0.344155844156	1.98172	1.25758	-26.1531
L97K_A	845	0.324675324675	2.17	1.93776	-23.7776
W1085T_C	867	0.191780821918	2.06912	-0.522627	-6.06226
S131V_A	877	0.324675324675	2.0829	1.37963	-24.9401
P88A_A	884	0.318181818182	2.06075	1.37592	-23.7973
H1070W_C	894	0.191780821918	1.52878	-0.26905	-7.4064
P6M_A	906	0.318181818182	1.33644	-0.992266	-24.5891
R36I_A	914	0.318181818182	1.33587	-0.446185	-23.9095
C3N_A	923	0.318181818182	1.33679	-0.487242	-25.4445
G129I_A	931	0.318181818182	1.33679	-0.387533	-25.963
D67M_A	938	0.318181818182	1.54464	-0.0208432	-24.8649
F22V_A	945	0.305194805195	2.26283	1.89498	-24.0318
I1091C_C	950	0.191780821918	2.30787	-0.706501	-5.79837
K54F_A	966	0.305194805195	1.91223	2.42702	-27.5374
R119M_A	975	0.298701298701	1.91361	2.44364	-24.8743
A1076C_C	982	0.191780821918	1.05949	-0.789038	-6.84496
R1047Y_C	992	0.178082191781	0.985541	-0.696195	-11.0373
V131N_A	997	0.298701298701	1.11187	2.67994	-27.0423
