name	count	identity	interface_identity	non_interface_identity	evolved_interaction	ancestral_interaction	stability
K153R_A	1	0.993506493506	1.0	0.992592592593	-10.4476	-10.5019	-27.1088
N124F_A	8	0.980519480519	1.0	0.977777777778	-10.5225	-10.5094	-28.7531
E49N_A	13	0.967532467532	1.0	0.962962962963	-10.5882	-10.5566	-28.4325
K147M_A	21	0.941558441558	0.947368421053	0.940740740741	-10.0653	-10.2598	-25.1641
Y155R_A	26	0.928571428571	0.947368421053	0.925925925926	-10.1647	-10.2468	-27.0741
R1071I_C	33	0.835616438356	0.869565217391	0.82	-10.1999	-10.4746	-7.75092
E1051Q_C	42	0.821917808219	0.826086956522	0.82	-9.08036	-9.38062	-7.58098
M32W_A	48	0.896103896104	0.944444444444	0.889705882353	-8.22796	-9.91088	-25.6756
Q1095P_C	54	0.753424657534	0.681818181818	0.78431372549	-8.2132	-8.1805	-11.8265
A1091Q_C	60	0.72602739726	0.590909090909	0.78431372549	-8.14842	-8.09189	-7.25221
K27I_A	69	0.844155844156	0.875	0.840579710145	-8.25003	-10.1631	-27.1558
V75Q_A	77	0.824675324675	0.875	0.81884057971	-8.35068	-10.1741	-24.0154
E1079C_C	85	0.684931506849	0.608695652174	0.72	-8.22158	-7.93841	-7.47376
T1087C_C	100	0.671232876712	0.608695652174	0.7	-8.28203	-7.31651	-7.25208
Y1042R_C	109	0.671232876712	0.590909090909	0.705882352941	-7.22874	-7.27257	-6.79593
A96P_A	127	0.798701298701	0.8125	0.797101449275	-6.69702	-8.86425	-31.3545
C40E_A	135	0.779220779221	0.8125	0.775362318841	-6.52486	-8.78505	-25.1845
V68F_A	148	0.75974025974	0.75	0.760869565217	-6.4197	-8.6518	-28.2526
P28E_A	156	0.727272727273	0.733333333333	0.726618705036	-3.47285	-5.28185	-25.9615
W67D_A	169	0.727272727273	0.733333333333	0.726618705036	-3.54908	-5.30037	-24.128
F1093N_C	174	0.671232876712	0.608695652174	0.7	-4.34138	-7.15631	-9.21707
D118Q_A	191	0.707792207792	0.785714285714	0.7	-4.5759	-5.52297	-25.2035
D67L_A	197	0.707792207792	0.785714285714	0.7	-4.39803	-5.37031	-27.6203
F91H_A	205	0.694805194805	0.785714285714	0.685714285714	-4.24786	-5.43414	-25.0122
C1023Q_C	212	0.616438356164	0.565217391304	0.64	-2.38084	-6.53128	-8.34324
V113M_A	217	0.668831168831	0.615384615385	0.673758865248	-1.92307	-1.43074	-25.351
S95D_A	227	0.655844155844	0.615384615385	0.659574468085	-2.94803	-1.38073	-26.0491
C1064I_C	234	0.602739726027	0.565217391304	0.62	-2.91938	-5.74134	-8.44796
E40R_A	240	0.649350649351	0.615384615385	0.652482269504	-1.42934	-1.62247	-27.1016
T61I_A	245	0.62987012987	0.615384615385	0.631205673759	-1.62806	-1.64579	-25.4852
Y87E_A	251	0.61038961039	0.615384615385	0.609929078014	-1.7722	-1.58904	-25.2248
W66L_A	265	0.603896103896	0.615384615385	0.602836879433	-1.7288	-1.58901	-25.6903
T21V_A	272	0.590909090909	0.615384615385	0.58865248227	-1.6001	-1.87495	-25.6424
P1042C_C	278	0.534246575342	0.521739130435	0.54	-1.81292	-2.86726	-8.11091
W1058V_C	284	0.534246575342	0.521739130435	0.54	-1.80936	-2.85158	-7.53702
V1032M_C	293	0.520547945205	0.521739130435	0.52	-2.10282	-3.135	-7.4975
I1064Q_C	301	0.534246575342	0.521739130435	0.54	-1.782	-4.03452	-6.70058
A133P_A	308	0.558441558442	0.642857142857	0.55	-1.93406	-2.30511	-25.2811
Y151Q_A	317	0.545454545455	0.642857142857	0.535714285714	-3.34155	-3.03664	-24.6446
I107R_A	326	0.532467532468	0.571428571429	0.528571428571	-1.93691	-1.18547	-24.3621
Q111F_A	337	0.519480519481	0.571428571429	0.514285714286	-2.71189	-1.56696	-26.2001
R127N_A	348	0.5	0.571428571429	0.492857142857	-2.71189	-1.49574	-24.6501
D95M_A	364	0.5	0.6	0.489208633094	-3.17322	-1.43348	-26.7343
L29V_A	377	0.506493506494	0.6	0.496402877698	-3.36517	-1.42445	-26.8639
N145F_A	386	0.512987012987	0.6	0.503597122302	-3.13255	-1.09812	-28.3887
P1036Y_C	392	0.520547945205	0.521739130435	0.52	-3.06752	-4.52014	-6.6904
F57W_A	398	0.5	0.6	0.489208633094	-3.95377	-1.86325	-28.0005
F111N_A	405	0.5	0.6	0.489208633094	-3.86639	-1.83442	-24.8261
I1070E_C	420	0.506849315068	0.478260869565	0.52	-3.43878	-5.76438	-7.03372
N94I_A	438	0.493506493506	0.6	0.482014388489	-3.44866	-1.67695	-27.9169
L38F_A	447	0.480519480519	0.533333333333	0.474820143885	-3.54681	-1.7514	-23.8092
R128L_A	456	0.480519480519	0.533333333333	0.474820143885	-2.56826	-1.74781	-24.2613
F52M_A	473	0.480519480519	0.533333333333	0.474820143885	-2.61069	-1.63783	-23.9242
E1084T_C	484	0.465753424658	0.347826086957	0.52	-2.99513	-3.7813	-6.71312
D102H_A	492	0.467532467532	0.5625	0.45652173913	-3.04234	-1.92807	-24.0204
A89C_A	501	0.467532467532	0.5625	0.45652173913	-3.01282	-1.46691	-24.9928
Q1056K_C	513	0.438356164384	0.347826086957	0.48	-3.74586	-0.946147	-7.43794
H1093A_C	526	0.438356164384	0.363636363636	0.470588235294	-3.77485	-1.82027	-7.04592
F88C_A	547	0.435064935065	0.388888888889	0.441176470588	-3.77004	-1.51979	-23.8876
W81Y_A	558	0.435064935065	0.388888888889	0.441176470588	-3.65615	-1.51687	-24.7125
V8W_A	571	0.422077922078	0.333333333333	0.433823529412	-3.40366	-0.946834	-25.4562
K1087L_C	579	0.424657534247	0.363636363636	0.450980392157	-2.93831	-5.10945	-5.81836
E1090T_C	585	0.397260273973	0.318181818182	0.43137254902	-2.54391	-3.17547	-5.95424
N1091E_C	591	0.383561643836	0.272727272727	0.43137254902	-2.85066	-1.29862	-7.12234
Q101F_A	596	0.415584415584	0.352941176471	0.423357664234	-2.47389	-0.811681	-25.9172
F156I_A	603	0.415584415584	0.352941176471	0.423357664234	-2.36948	-0.758002	-26.6149
E1091Q_C	610	0.383561643836	0.272727272727	0.43137254902	-2.30683	-0.777434	-7.62869
A1074I_C	625	0.356164383562	0.272727272727	0.392156862745	-3.65334	-1.49436	-6.11994
Q75V_A	638	0.415584415584	0.315789473684	0.42962962963	-3.85488	-0.798395	-25.7934
E1041I_C	653	0.342465753425	0.238095238095	0.384615384615	-2.2301	-0.813749	-6.36269
I61V_A	661	0.409090909091	0.347826086957	0.419847328244	-2.90759	-0.410138	-25.1841
F1092G_C	669	0.328767123288	0.238095238095	0.365384615385	-1.18717	-0.703353	-6.77328
C1061W_C	675	0.328767123288	0.238095238095	0.365384615385	-1.11779	-0.78935	-7.88546
R1075K_C	685	0.315068493151	0.238095238095	0.346153846154	-1.26113	-0.766871	-7.6376
C26E_A	692	0.402597402597	0.391304347826	0.404580152672	-1.25963	-0.387563	-27.5901
L30F_A	699	0.396103896104	0.428571428571	0.390977443609	-0.187011	-0.977375	-26.7326
F1080R_C	707	0.315068493151	0.238095238095	0.346153846154	-1.02012	-0.480045	-6.50236
K7Q_A	716	0.396103896104	0.4	0.39552238806	-1.1159	-1.11207	-26.9916
K1075L_C	723	0.315068493151	0.238095238095	0.346153846154	-0.46989	-0.0414121	-7.00399
S130Q_A	730	0.396103896104	0.368421052632	0.4	-0.862919	-1.12228	-26.9713
G50D_A	739	0.38961038961	0.368421052632	0.392592592593	-0.907724	-1.15984	-24.9935
A1045D_C	748	0.315068493151	0.238095238095	0.346153846154	-0.903867	-0.671659	-6.97907
M28Q_A	759	0.37012987013	0.368421052632	0.37037037037	-0.910071	-1.16365	-27.0208
W57R_A	766	0.357142857143	0.315789473684	0.362962962963	-0.899198	-1.24348	-26.4945
P99Q_A	773	0.350649350649	0.315789473684	0.355555555556	-0.619461	-0.534179	-25.1836
W14Y_A	780	0.350649350649	0.315789473684	0.355555555556	0.00654485	-0.588647	-25.51
V74Y_A	789	0.350649350649	0.333333333333	0.352941176471	-0.10259	1.36479	-26.5797
D50Q_A	794	0.344155844156	0.333333333333	0.345588235294	-0.210513	1.35554	-27.3918
K102R_A	800	0.350649350649	0.333333333333	0.352941176471	-0.10416	0.019701	-28.4206
K101Y_A	805	0.350649350649	0.277777777778	0.360294117647	0.895859	2.28716	-29.8228
M132E_A	810	0.344155844156	0.277777777778	0.352941176471	0.915256	2.36203	-26.6933
V61K_A	819	0.337662337662	0.277777777778	0.345588235294	0.933959	2.336	-26.7761
F10N_A	829	0.331168831169	0.277777777778	0.338235294118	1.01418	2.21758	-24.1929
L94V_A	842	0.324675324675	0.294117647059	0.328467153285	1.01955	2.16551	-24.1497
F137L_A	856	0.324675324675	0.294117647059	0.328467153285	0.732698	1.99685	-25.0898
Q135E_A	864	0.324675324675	0.277777777778	0.330882352941	1.66173	2.73742	-27.8655
A106Y_A	873	0.311688311688	0.277777777778	0.316176470588	1.66244	2.73882	-26.4308
H42C_A	881	0.305194805195	0.277777777778	0.308823529412	1.54105	2.6617	-25.3882
W1061N_C	891	0.27397260274	0.105263157895	0.333333333333	0.480105	-0.0736719	-5.36738
K1040T_C	897	0.260273972603	0.105263157895	0.314814814815	0.295722	-0.0847576	-3.80618
V1092M_C	917	0.260273972603	0.105263157895	0.314814814815	0.476744	-0.205	-3.45571
H48A_A	930	0.305194805195	0.263157894737	0.311111111111	0.666639	2.14395	-24.1386
N1061Q_C	936	0.260273972603	0.111111111111	0.309090909091	0.728224	-2.00924	-5.44802
N67E_A	957	0.305194805195	0.263157894737	0.311111111111	0.716853	2.22476	-25.6734
Y11R_A	974	0.298701298701	0.263157894737	0.303703703704	0.730204	2.01068	-23.9052
R1047I_C	980	0.246575342466	0.111111111111	0.290909090909	0.732885	-2.00924	-6.5217
K18H_A	990	0.292207792208	0.210526315789	0.303703703704	0.401506	2.98589	-24.3774
