name	count	identity	evolved_interaction	ancestral_interaction	stability
P46H_A	1	0.993506493506	-10.581	-10.6072	-23.7101
K14A_A	9	0.980519480519	-10.1874	-10.1539	-24.4594
R13T_A	19	0.967532467532	-7.38766	-7.2001	-25.1931
K1038M_C	28	0.890410958904	-2.8887	-8.99605	-11.0028
K71E_A	33	0.922077922078	-3.14083	-4.70773	-27.2256
E1034R_C	39	0.849315068493	-1.33974	-6.27645	-10.6506
K30G_A	44	0.876623376623	-1.31748	-1.51675	-24.5874
C68F_A	51	0.87012987013	-1.04362	-1.54683	-26.9146
Q35K_A	67	0.863636363636	-1.06156	-1.30207	-24.5079
A128Q_A	77	0.863636363636	-1.11718	-1.38596	-25.2074
R1064A_C	85	0.753424657534	-0.837936	-4.91183	-7.64074
C5S_A	93	0.844155844156	4.1315	-1.21783	-24.8928
A1093Y_C	103	0.712328767123	4.15211	1.28254	-6.96736
N98D_A	114	0.811688311688	2.41666	-1.23336	-25.061
K146W_A	123	0.798701298701	0.0321075	-1.05755	-24.5461
V1036M_C	133	0.72602739726	-0.349214	-2.01512	-8.96957
E1090K_C	143	0.684931506849	-0.47335	-0.392078	-6.8343
Q1064F_C	156	0.684931506849	1.7566	5.16155	-6.96283
K48Q_A	167	0.753246753247	1.70009	0.773268	-27.138
I1089K_C	175	0.657534246575	1.69595	5.35989	-6.0917
D37H_A	185	0.720779220779	1.69103	0.77048	-24.3164
T1068L_C	215	0.630136986301	1.13664	4.82665	-6.77547
Q39K_A	224	0.688311688312	0.363431	0.892114	-26.0768
Q154Y_A	233	0.662337662338	0.351271	0.965232	-24.3929
D1075H_C	246	0.58904109589	0.671127	4.92202	-5.89069
H1062I_C	256	0.575342465753	1.94749	2.12977	-7.3458
R135G_A	263	0.636363636364	1.84562	-1.12749	-23.6247
Q19C_A	270	0.623376623377	1.77283	-1.20681	-26.323
N1086D_C	282	0.547945205479	0.681825	-0.848688	-5.60217
L1026V_C	292	0.534246575342	0.538571	2.88365	-7.22147
T21F_A	306	0.603896103896	0.470572	0.437639	-26.3222
V91R_A	312	0.597402597403	0.320608	0.549116	-27.3261
M57I_A	321	0.577922077922	0.324717	0.525499	-24.0052
R104M_A	332	0.564935064935	0.324691	0.525906	-24.2939
H150C_A	343	0.551948051948	0.26122	0.548908	-24.5268
A63S_A	353	0.571428571429	0.312969	0.111836	-25.6374
G10M_A	363	0.571428571429	1.15996	0.726132	-26.5308
E12A_A	371	0.564935064935	1.15737	0.559274	-24.4341
G44Q_A	384	0.558441558442	1.66074	0.071732	-25.7861
H147L_A	392	0.551948051948	-0.515259	-0.270488	-27.6087
R20P_A	407	0.545454545455	-1.00419	2.20585	-23.8826
Q138W_A	416	0.545454545455	-1.01972	2.28567	-25.2289
M1060I_C	423	0.493150684932	-1.29155	-2.19868	-6.14799
A26S_A	438	0.532467532468	-1.19887	2.03514	-24.3128
S26C_A	449	0.525974025974	-1.24413	2.10274	-25.0816
S27A_A	457	0.525974025974	-1.62581	2.17533	-25.5591
D1079V_C	462	0.479452054795	-1.62581	-4.67214	-6.31264
Y1075E_C	469	0.452054794521	-1.61564	-4.79148	-6.12299
A1041W_C	483	0.438356164384	-1.6158	-4.659	-6.28115
G139T_A	491	0.5	-1.62455	0.421522	-24.1095
L147W_A	499	0.487012987013	-1.89119	2.30811	-24.1232
A1074T_C	523	0.369863013699	-2.036	-3.77608	-5.86892
V71A_A	544	0.487012987013	-1.34052	2.31623	-24.4266
A95K_A	559	0.480519480519	-2.30194	1.72827	-24.9629
W1041L_C	581	0.356164383562	-2.26617	-4.02215	-7.71424
F27W_A	592	0.454545454545	-4.89054	0.665528	-25.3251
E1051C_C	597	0.342465753425	-5.58833	-3.69159	-6.61169
C1051K_C	612	0.342465753425	-5.13409	-3.42909	-7.6505
W105Y_A	623	0.454545454545	-5.13489	0.469831	-24.8512
S70F_A	633	0.454545454545	-6.19819	-0.230859	-24.0154
C1048G_C	641	0.342465753425	-6.12499	-2.68666	-7.21374
T139S_A	660	0.448051948052	-4.76503	0.067639	-23.99
V31I_A	669	0.441558441558	-4.82451	-0.0396747	-23.4546
S30L_A	684	0.441558441558	-4.82982	-0.0887328	-24.3555
I1062D_C	691	0.328767123288	-4.76075	-2.72298	-7.16254
Y105D_A	697	0.441558441558	-4.21184	-0.930588	-24.4872
N1042W_C	715	0.315068493151	-4.1976	-2.74263	-7.0354
T89P_A	728	0.435064935065	-4.30606	-0.923262	-25.589
G1048E_C	736	0.287671232877	-5.39902	-0.840742	-7.75428
W39K_A	741	0.428571428571	-3.62527	-0.596525	-23.1511
E1093N_C	749	0.287671232877	-4.81815	5.64692	-5.36675
W1068A_C	765	0.27397260274	-3.41377	0.425807	-6.06887
E1050K_C	773	0.260273972603	-3.49552	0.213058	-6.29075
W1042L_C	786	0.260273972603	-3.47531	0.220759	-5.65291
V1075I_C	801	0.260273972603	-3.47066	0.223849	-6.78632
G79Q_A	815	0.38961038961	-3.13575	-0.158781	-23.6598
K18G_A	823	0.383116883117	-2.73452	0.582615	-24.361
I31K_A	832	0.396103896104	-2.7473	0.643752	-26.7254
R42H_A	839	0.38961038961	-3.09717	0.337494	-25.7853
T35V_A	847	0.383116883117	-3.00628	0.23063	-25.4714
F13M_A	859	0.376623376623	-2.67478	-0.0653255	-28.2517
H42L_A	865	0.376623376623	-2.95921	-0.0953442	-27.9706
V116M_A	874	0.357142857143	-3.00785	0.779659	-23.5665
M36A_A	884	0.350649350649	-3.08675	0.837652	-23.2593
Y1067K_C	896	0.232876712329	-3.50416	1.61557	-7.17562
W53M_A	906	0.350649350649	-2.89783	0.721256	-23.9167
W147Q_A	924	0.344155844156	-2.18752	0.857571	-23.1715
Q19L_A	941	0.344155844156	-2.20252	1.11035	-23.2762
A43C_A	950	0.337662337662	-2.39184	0.677379	-25.5401
I12H_A	957	0.337662337662	-2.41468	0.864979	-24.4283
L1064V_C	963	0.232876712329	-1.64708	-3.64542	-5.62319
E68Y_A	972	0.337662337662	-1.72349	0.497784	-25.8532
Q151W_A	981	0.324675324675	-1.63148	0.668028	-24.6103
W135C_A	987	0.324675324675	-1.79763	1.00031	-24.4986
P132R_A	992	0.318181818182	-1.79831	0.878326	-23.8205
S136M_A	998	0.311688311688	-1.79813	0.814813	-26.0662
