name	count	identity	interface_identity	non_interface_identity	evolved_interaction	ancestral_interaction	stability
E1059F_C	1	0.986301369863	1.0	0.980392156863	-10.4906	-10.3769	-7.90868
P28M_A	8	0.974025974026	0.947368421053	0.977777777778	-10.4836	-10.5138	-26.0166
K1076W_C	14	0.958904109589	1.0	0.941176470588	-10.9236	-10.6428	-7.82475
N140C_A	24	0.941558441558	1.0	0.933823529412	-10.6967	-10.9308	-26.3118
K48A_A	32	0.915584415584	1.0	0.904411764706	-10.5223	-10.3956	-25.1194
M1083L_C	42	0.904109589041	0.863636363636	0.921568627451	-10.5899	-10.4807	-8.20561
S127G_A	48	0.863636363636	1.0	0.845588235294	-10.5717	-10.4878	-25.6018
A1074T_C	54	0.86301369863	0.869565217391	0.86	-7.047	-10.1482	-9.29757
P1044I_C	70	0.849315068493	0.869565217391	0.84	-7.05932	-10.1528	-6.21547
G127F_A	87	0.831168831169	1.0	0.808823529412	-7.21902	-7.37281	-26.2297
F42M_A	104	0.824675324675	0.944444444444	0.808823529412	-7.26544	-7.14716	-25.1463
S1033E_C	121	0.794520547945	0.869565217391	0.76	-2.65666	-9.03243	-7.44468
N124E_A	134	0.779220779221	0.888888888889	0.764705882353	-2.64944	-2.98411	-30.0381
L4W_A	139	0.75974025974	0.888888888889	0.742647058824	-2.6503	-2.99174	-30.2413
K146R_A	149	0.74025974026	0.888888888889	0.720588235294	-2.75309	-2.97624	-24.8113
Q130Y_A	158	0.727272727273	0.894736842105	0.703703703704	-2.49159	-2.98856	-25.7736
D1082K_C	165	0.698630136986	0.695652173913	0.7	-2.4995	-7.3301	-6.20736
W17L_A	170	0.714285714286	0.894736842105	0.688888888889	-3.37434	-4.01523	-24.645
V126Q_A	185	0.707792207792	0.894736842105	0.681481481481	-3.37125	-4.01884	-26.099
A1025P_C	197	0.684931506849	0.695652173913	0.68	-1.91145	-6.52511	-7.39274
S95L_A	205	0.688311688312	0.842105263158	0.666666666667	-2.09132	-3.20301	-27.2853
R1046Y_C	217	0.643835616438	0.652173913043	0.64	-2.05757	-6.26886	-7.39043
K40M_A	227	0.655844155844	0.833333333333	0.632352941176	-2.07871	-3.36184	-25.1004
F1036T_C	240	0.616438356164	0.652173913043	0.6	-2.31364	-7.50232	-7.05625
M28P_A	252	0.636363636364	0.777777777778	0.617647058824	-1.83298	-2.13689	-25.1071
Q126M_A	260	0.623376623377	0.722222222222	0.610294117647	0.3222	-0.155879	-25.8337
S1062I_C	272	0.575342465753	0.65	0.547169811321	0.954009	-5.20377	-7.61156
A1053M_C	286	0.561643835616	0.684210526316	0.518518518519	0.842479	-4.78407	-9.68737
T100E_A	300	0.603896103896	0.722222222222	0.588235294118	2.23913	-0.624746	-24.6614
E124F_A	313	0.597402597403	0.684210526316	0.585185185185	1.35349	-2.12919	-29.3051
A150L_A	319	0.603896103896	0.684210526316	0.592592592593	0.812891	-2.13094	-29.4767
G118S_A	324	0.590909090909	0.684210526316	0.577777777778	0.81649	-2.13131	-25.4069
I4A_A	331	0.584415584416	0.684210526316	0.57037037037	0.798756	-2.137	-25.3484
N102M_A	341	0.577922077922	0.684210526316	0.562962962963	0.842394	-2.13912	-25.5937
I1084M_C	349	0.493150684932	0.52380952381	0.480769230769	1.26972	-3.86179	-7.22258
L1088V_C	365	0.479452054795	0.52380952381	0.461538461538	-1.10249	-2.21763	-6.74182
C27E_A	379	0.558441558442	0.571428571429	0.556390977444	-2.54652	-1.62719	-24.4957
R1047H_C	390	0.452054794521	0.52380952381	0.423076923077	-2.47186	-4.08787	-6.25953
M1087I_C	399	0.452054794521	0.5	0.43137254902	-1.91844	-4.24602	-7.54243
K14T_A	410	0.538961038961	0.52380952381	0.541353383459	-2.09062	-0.646428	-24.8999
A1034W_C	417	0.424657534247	0.409090909091	0.43137254902	-2.01932	-3.27162	-6.80805
W1058V_C	424	0.41095890411	0.409090909091	0.411764705882	-0.681153	-2.56841	-7.29568
E1093G_C	439	0.397260273973	0.409090909091	0.392156862745	-0.500831	-2.39518	-6.44621
K29F_A	453	0.532467532468	0.470588235294	0.540145985401	-0.469614	-1.17632	-25.7904
Y1095I_C	460	0.397260273973	0.409090909091	0.392156862745	-0.287982	-2.14374	-6.17218
S44I_A	469	0.506493506494	0.444444444444	0.514705882353	-0.272409	-0.320937	-25.6698
T142K_A	475	0.5	0.444444444444	0.507352941176	1.24733	-0.934945	-26.1307
T42L_A	492	0.493506493506	0.444444444444	0.5	1.22371	-0.902617	-24.7304
Q1070E_C	503	0.397260273973	0.409090909091	0.392156862745	2.50016	-0.913468	-6.78324
K15L_A	520	0.467532467532	0.352941176471	0.481751824818	2.93646	1.64035	-24.2563
S118T_A	536	0.467532467532	0.352941176471	0.481751824818	2.98068	1.63806	-23.945
V1088T_C	550	0.397260273973	0.409090909091	0.392156862745	2.32773	-1.54624	-7.36644
V116S_A	555	0.448051948052	0.333333333333	0.463235294118	1.76903	2.09893	-24.1278
Q1073S_C	563	0.383561643836	0.391304347826	0.38	1.75835	-1.54624	-6.31062
S145E_A	571	0.435064935065	0.333333333333	0.448529411765	0.453619	2.15524	-24.1079
Q151I_A	578	0.428571428571	0.375	0.434782608696	1.30506	1.58062	-25.4805
D1023C_C	586	0.369863013699	0.347826086957	0.38	1.3392	-1.93728	-7.27003
L42H_A	594	0.409090909091	0.375	0.413043478261	1.30917	1.22705	-23.8588
C1023L_C	601	0.342465753425	0.304347826087	0.36	1.68847	-3.44482	-9.73631
F1065E_C	610	0.342465753425	0.304347826087	0.36	1.24963	-3.46427	-8.22502
E11Y_A	626	0.38961038961	0.375	0.391304347826	1.59119	0.497717	-23.0627
E62I_A	637	0.383116883117	0.375	0.384057971014	1.50854	0.495398	-26.0628
P49R_A	648	0.383116883117	0.375	0.384057971014	0.744022	0.894078	-23.3673
V1028I_C	660	0.328767123288	0.238095238095	0.365384615385	-0.140363	-3.2042	-6.55076
R1040L_C	668	0.328767123288	0.238095238095	0.365384615385	-0.116615	-3.19498	-6.8086
N101S_A	675	0.363636363636	0.3125	0.369565217391	-2.08963	0.210274	-26.3432
G125Y_A	685	0.357142857143	0.3125	0.36231884058	-2.09431	0.210436	-25.2752
L1024M_C	699	0.328767123288	0.238095238095	0.365384615385	-2.33775	-3.67733	-6.86346
Y17V_A	711	0.344155844156	0.3125	0.347826086957	-2.64095	-0.265004	-25.1006
R49D_A	720	0.337662337662	0.3125	0.340579710145	-2.39905	-0.153871	-25.0515
Y1039M_C	736	0.328767123288	0.227272727273	0.372549019608	-2.07817	-2.75307	-7.64237
V1087D_C	746	0.342465753425	0.304347826087	0.36	-1.70387	-5.16606	-7.7192
W67D_A	753	0.337662337662	0.3125	0.340579710145	-1.78027	-1.16599	-23.7879
L95A_A	761	0.331168831169	0.294117647059	0.335766423358	-3.29572	-1.16723	-24.589
M146N_A	770	0.324675324675	0.294117647059	0.328467153285	-3.29612	-1.16712	-23.7404
Q7M_A	784	0.318181818182	0.294117647059	0.321167883212	-3.16588	-0.845155	-23.9546
D36Y_A	791	0.324675324675	0.3125	0.326086956522	-3.98255	-1.28912	-27.0006
E1065R_C	797	0.328767123288	0.291666666667	0.34693877551	-3.81533	-4.11855	-8.63986
I1071G_C	805	0.315068493151	0.25	0.34693877551	-2.22366	-3.46285	-8.16286
P105L_A	814	0.305194805195	0.3125	0.304347826087	-2.24834	-0.746442	-23.7861
L1038V_C	830	0.315068493151	0.25	0.34693877551	-2.24895	-3.46047	-6.68539
G1071A_C	844	0.315068493151	0.25	0.34693877551	-2.40297	-3.49289	-8.79662
K135L_A	852	0.305194805195	0.3125	0.304347826087	-2.42136	-1.45819	-24.7728
Q1031I_C	865	0.315068493151	0.217391304348	0.36	-3.05537	-3.57598	-7.19908
W63R_A	874	0.285714285714	0.3125	0.282608695652	-2.90772	-1.55795	-23.902
H1042T_C	887	0.328767123288	0.217391304348	0.38	-2.84497	-3.2317	-6.82072
I82V_A	897	0.285714285714	0.333333333333	0.280575539568	-3.26813	-1.87759	-23.9515
E1094K_C	905	0.301369863014	0.227272727273	0.333333333333	-3.15908	-1.89201	-5.9397
S116M_A	921	0.285714285714	0.333333333333	0.280575539568	-3.21988	-1.65662	-26.1415
W13H_A	930	0.285714285714	0.3125	0.282608695652	-3.54509	-2.51821	-24.1908
C1092I_C	939	0.315068493151	0.227272727273	0.352941176471	-3.45752	4.07761	-5.40359
F1052M_C	947	0.301369863014	0.227272727273	0.333333333333	-3.44642	2.48732	-4.39401
G48C_A	957	0.285714285714	0.3125	0.282608695652	-3.94441	-2.56479	-24.6746
C1088H_C	968	0.301369863014	0.227272727273	0.333333333333	-2.75223	-4.66255	-4.62585
H138V_A	978	0.285714285714	0.3125	0.282608695652	-3.87755	-2.73643	-24.1392
H13W_A	985	0.285714285714	0.3125	0.282608695652	-4.44625	-2.35696	-25.8896
A1032K_C	997	0.301369863014	0.227272727273	0.333333333333	-4.28361	14.4295	-5.44035
