name	count	identity	evolved_interaction	ancestral_interaction	stability
P28T_A	1	0.993506493506	-10.443	-10.4646	-22.1355
K1058E_C	10	0.958904109589	-7.99911	-9.56114	-7.76075
A106L_A	20	0.961038961039	-7.92597	-7.69792	-25.1484
V140Y_A	28	0.935064935065	-7.92029	-7.67559	-26.3806
I1072M_C	35	0.917808219178	-5.65525	-9.50409	-7.69263
K14C_A	40	0.88961038961	-4.59796	-7.73518	-27.768
A133T_A	45	0.87012987013	-4.59743	-7.73797	-26.5682
F67K_A	55	0.857142857143	-4.63587	-7.74859	-26.029
Q154Y_A	64	0.837662337662	-4.20378	-7.5031	-24.5111
T61M_A	70	0.811688311688	-1.02065	-4.33084	-26.4076
V57I_A	79	0.798701298701	-3.20154	-4.35342	-26.86
V62I_A	87	0.792207792208	-3.24864	-4.36084	-28.3928
N52Q_A	96	0.772727272727	-2.46935	-4.38127	-26.8606
D1080Y_C	102	0.753424657534	-2.4534	-5.65683	-5.43381
W14E_A	108	0.75974025974	-3.06288	-2.94113	-26.5879
S93R_A	116	0.753246753247	-3.06655	-2.93925	-26.5674
N124M_A	127	0.733766233766	-3.06674	-2.94151	-31.1237
V65K_A	135	0.714285714286	-2.98985	-1.93416	-26.0819
E1059C_C	148	0.698630136986	-2.98936	-1.831	-7.40483
T1087K_C	159	0.671232876712	-0.587757	2.44189	-7.11973
F100K_A	166	0.662337662338	0.226097	-0.354895	-25.2407
A1094C_C	172	0.671232876712	0.142009	2.89558	-7.96578
K40R_A	185	0.649350649351	0.218354	0.556513	-24.9628
S1070C_C	201	0.657534246575	0.707924	-3.55992	-7.16591
G28C_A	212	0.62987012987	0.794748	0.713072	-25.5675
A147K_A	217	0.636363636364	0.850014	0.804674	-27.2321
H139E_A	224	0.636363636364	0.804263	0.701781	-26.5894
L1038M_C	250	0.630136986301	0.60617	-1.38093	-6.52554
D1061S_C	262	0.58904109589	0.236946	-2.1855	-7.24576
E1050W_C	270	0.561643835616	0.377412	-2.09621	-7.10134
E14N_A	278	0.597402597403	-0.0255329	0.174806	-25.2585
P36I_A	288	0.584415584416	-0.0333201	0.127108	-26.3595
S156W_A	294	0.564935064935	0.455117	0.484445	-23.7879
W67E_A	312	0.571428571429	0.477654	2.84734	-24.6434
F19Y_A	320	0.564935064935	0.467559	2.90785	-25.5289
P59L_A	325	0.551948051948	0.511942	0.716518	-25.2857
V119M_A	335	0.545454545455	0.246016	-0.0633392	-26.6552
H1066F_C	344	0.547945205479	-0.196501	-2.47632	-8.28128
N1032H_C	350	0.534246575342	0.58324	-3.17885	-7.53202
S138V_A	356	0.519480519481	0.576175	0.11471	-28.4157
A156R_A	361	0.512987012987	0.497305	0.18564	-28.2859
V148P_A	375	0.5	0.630595	0.214305	-24.3597
Y114F_A	384	0.493506493506	0.0563026	0.0381152	-24.5351
C1049Q_C	392	0.520547945205	1.05059	-2.51929	-7.20645
I1039W_C	402	0.506849315068	1.94983	-3.34704	-7.55529
E91Q_A	410	0.467532467532	1.7307	2.14663	-25.3199
L106W_A	424	0.461038961039	2.3008	1.73438	-23.8178
Y140L_A	443	0.448051948052	2.19991	1.75685	-25.6096
R1073Q_C	463	0.479452054795	2.23069	-2.99499	-5.71562
T4R_A	474	0.428571428571	2.30813	1.65571	-24.3465
K1040C_C	482	0.452054794521	2.2893	-3.09053	-6.19774
E131A_A	492	0.415584415584	2.24314	1.54154	-24.1182
T133C_A	502	0.415584415584	3.6998	2.19263	-24.6251
H1032T_C	512	0.438356164384	3.77078	-1.91104	-6.17129
S1033T_C	528	0.424657534247	3.63923	-1.9286	-6.82472
S22C_A	540	0.396103896104	4.08333	2.02871	-23.9136
M39Y_A	549	0.402597402597	4.07739	2.06897	-26.048
I36H_A	557	0.402597402597	2.90666	-0.0325053	-27.2358
L1079K_C	562	0.424657534247	2.93334	-1.29254	-6.77017
R1093F_C	568	0.41095890411	3.12845	-1.2015	-6.57949
Q1088S_C	576	0.41095890411	2.31306	-3.23078	-5.4866
H36E_A	603	0.396103896104	2.39713	1.26351	-25.0786
I62L_A	614	0.376623376623	2.39338	1.28132	-24.8939
F137M_A	622	0.37012987013	2.38858	1.2902	-25.4843
E10F_A	634	0.363636363636	0.950259	-2.37518	-24.9918
Q117M_A	640	0.350649350649	0.728953	-2.31625	-27.0399
E36C_A	646	0.344155844156	0.94952	-2.30064	-24.3349
R17A_A	657	0.344155844156	2.11451	1.60914	-24.4389
L62M_A	664	0.331168831169	1.73231	1.62255	-24.0113
Q13M_A	679	0.324675324675	1.72425	1.62896	-25.8682
M1062S_C	685	0.356164383562	1.57091	-2.00134	-5.74809
R15L_A	695	0.318181818182	1.53214	1.60585	-25.8695
K1079F_C	707	0.356164383562	1.53079	-2.01948	-6.34425
P148S_A	716	0.318181818182	1.37079	1.62583	-25.0226
Y1067M_C	731	0.328767123288	0.226763	-1.75537	-5.6441
Q111K_A	744	0.305194805195	0.155513	-2.49029	-24.1564
D37W_A	752	0.298701298701	0.26183	-2.51887	-24.9145
R115T_A	761	0.298701298701	0.263152	-2.5779	-23.9547
W106M_A	771	0.292207792208	0.195261	-2.63124	-23.7779
E99Q_A	786	0.285714285714	0.108442	-2.77715	-23.893
T115M_A	792	0.285714285714	0.20943	-2.73372	-25.2529
S11L_A	803	0.285714285714	0.171252	-2.72712	-25.733
C101K_A	814	0.285714285714	0.213838	-3.49821	-25.6454
F1079E_C	824	0.342465753425	0.203633	-1.54191	-8.55818
F1075C_C	830	0.328767123288	0.249849	-1.72544	-6.89377
F1071W_C	839	0.328767123288	0.0641923	-1.79985	-6.44971
T1032D_C	850	0.342465753425	0.0521858	-1.77973	-9.09838
A1045G_C	865	0.315068493151	0.00137263	-1.77684	-6.27197
I1077C_C	879	0.301369863014	-0.00261796	-1.77866	-5.45875
R1040E_C	894	0.315068493151	0.273781	-1.34995	-5.92523
H155R_A	904	0.266233766234	0.283956	-4.23932	-26.5244
S1094N_C	910	0.301369863014	0.281436	-1.31443	-6.15095
F10S_A	921	0.25974025974	1.56964	-2.71713	-25.6073
V98Y_A	931	0.246753246753	0.420176	-0.36265	-24.3737
W1071K_C	943	0.287671232877	0.868828	-4.1172	-6.77298
L6M_A	954	0.24025974026	1.99724	0.475167	-24.2051
C133Q_A	969	0.24025974026	2.29626	1.41075	-24.8478
A125V_A	974	0.24025974026	2.29745	1.39463	-24.9882
R96E_A	985	0.24025974026	2.28364	1.41075	-24.497
H91Y_A	1000	0.24025974026	2.33284	1.28635	-24.8796
