name	count	identity	interface_identity	non_interface_identity	evolved_interaction	ancestral_interaction	stability
D37P_A	1	0.993506493506	1.0	0.992592592593	-10.5042	-10.5348	-24.6025
D100L_A	10	0.980519480519	1.0	0.977777777778	-10.269	-10.5353	-24.4139
A1053Q_C	17	0.917808219178	0.904761904762	0.923076923077	-7.69154	-7.32899	-6.59845
A79W_A	26	0.941558441558	1.0	0.933823529412	-7.83064	-10.2391	-24.7747
A1091R_C	35	0.904109589041	0.863636363636	0.921568627451	-7.85778	-7.36766	-7.39168
W53F_A	50	0.88961038961	0.944444444444	0.882352941176	-7.81495	-10.2104	-25.8298
S1053C_C	61	0.904109589041	0.857142857143	0.923076923077	-7.47494	-7.38419	-5.99047
P37Y_A	73	0.87012987013	0.944444444444	0.860294117647	-7.67335	-9.90112	-26.0971
R1091D_C	78	0.849315068493	0.809523809524	0.865384615385	-7.62976	-7.29807	-6.27948
N1086D_C	92	0.821917808219	0.761904761905	0.846153846154	-8.14912	-7.652	-6.46991
S136Y_A	98	0.824675324675	0.944444444444	0.808823529412	-7.63893	-10.523	-31.8572
R1074I_C	104	0.794520547945	0.681818181818	0.843137254902	-6.65492	-6.03113	-6.35094
H20R_A	112	0.798701298701	0.9	0.783582089552	-3.97803	-10.7597	-24.6475
G115N_A	125	0.785714285714	0.85	0.776119402985	-4.41298	-9.70881	-23.4629
F1036Y_C	137	0.72602739726	0.695652173913	0.74	-4.85783	-4.25755	-7.33951
A54Y_A	148	0.733766233766	0.7	0.738805970149	-1.3052	-5.90112	-23.9119
R121F_A	157	0.714285714286	0.7	0.716417910448	-1.52438	-6.01442	-25.3677
N138M_A	173	0.701298701299	0.7	0.701492537313	-1.30587	-5.70012	-25.8024
I1070L_C	184	0.698630136986	0.619047619048	0.730769230769	-1.20569	-4.05062	-7.10682
A35D_A	195	0.681818181818	0.7	0.679104477612	-0.919431	-5.9114	-23.9419
F22R_A	217	0.675324675325	0.65	0.679104477612	-1.77992	-3.73288	-25.3733
E1059I_C	224	0.630136986301	0.47619047619	0.692307692308	-1.76477	-3.41153	-7.84891
E49W_A	236	0.62987012987	0.65	0.626865671642	-1.71246	-3.77477	-23.6743
M138E_A	243	0.642857142857	0.7	0.634328358209	-4.13757	-8.01216	-24.8008
K14M_A	252	0.616883116883	0.65	0.611940298507	-4.21233	-7.63562	-25.8533
V116C_A	259	0.584415584416	0.65	0.574626865672	-4.21217	-8.01073	-25.9399
W49N_A	271	0.577922077922	0.65	0.567164179104	-4.23894	-8.00631	-24.9088
N66P_A	278	0.571428571429	0.65	0.559701492537	-4.47502	-7.96221	-25.0128
T108Q_A	285	0.545454545455	0.6	0.537313432836	-4.49229	-7.59007	-25.317
K18M_A	293	0.525974025974	0.55	0.522388059701	-3.74104	-7.51532	-24.8229
V63M_A	304	0.525974025974	0.529411764706	0.525547445255	-3.78311	-7.54057	-23.9075
L129E_A	313	0.519480519481	0.529411764706	0.518248175182	-3.83902	-7.54033	-23.5515
E67K_A	320	0.512987012987	0.529411764706	0.510948905109	-3.88714	-7.51776	-24.1664
I1039R_C	326	0.547945205479	0.5	0.56862745098	-3.99409	-2.95478	-6.02437
N52G_A	336	0.5	0.529411764706	0.496350364964	-3.74073	-6.8029	-25.0817
C134T_A	341	0.480519480519	0.470588235294	0.481751824818	0.0445744	-1.31726	-25.737
L1042K_C	353	0.506849315068	0.473684210526	0.518518518519	-0.853494	-1.78265	-8.65048
E126P_A	361	0.480519480519	0.5	0.477611940299	-0.0307298	-1.22384	-23.9677
A137W_A	379	0.474025974026	0.5	0.470149253731	-0.0308749	-1.22159	-26.7793
A1077D_C	388	0.479452054795	0.473684210526	0.481481481481	0.122263	-3.23828	-6.05599
I1054C_C	395	0.479452054795	0.473684210526	0.481481481481	0.3309	-3.2459	-5.90905
W1023G_C	403	0.493150684932	0.473684210526	0.5	0.321255	-2.89382	-6.1483
E138Y_A	411	0.448051948052	0.411764705882	0.452554744526	0.321504	-1.2107	-25.7941
D1075G_C	420	0.479452054795	0.473684210526	0.481481481481	0.321409	-2.89437	-6.27494
N1050C_C	426	0.479452054795	0.473684210526	0.481481481481	0.361593	-3.09728	-6.27813
C122W_A	436	0.435064935065	0.411764705882	0.43795620438	0.494178	-2.67002	-24.0536
R1071I_C	454	0.452054794521	0.473684210526	0.444444444444	0.478915	-1.4622	-6.617
L114F_A	466	0.428571428571	0.411764705882	0.430656934307	0.441305	-2.0725	-24.7897
N1025R_C	477	0.438356164384	0.473684210526	0.425925925926	0.404672	-1.38798	-6.24735
H6C_A	490	0.415584415584	0.352941176471	0.423357664234	1.01943	-1.11842	-25.8412
D33R_A	499	0.409090909091	0.352941176471	0.416058394161	1.01303	-1.18294	-25.872
S1065Q_C	504	0.424657534247	0.444444444444	0.418181818182	1.0042	-1.4925	-7.65081
V40L_A	509	0.415584415584	0.352941176471	0.423357664234	1.00478	0.111644	-24.2019
N150Q_A	522	0.409090909091	0.352941176471	0.416058394161	1.22053	0.136586	-24.0016
R1039Y_C	532	0.41095890411	0.444444444444	0.4	1.19382	-0.734179	-7.64091
P1044F_C	545	0.397260273973	0.421052631579	0.388888888889	1.8542	-0.736386	-6.3688
E1034I_C	555	0.383561643836	0.444444444444	0.363636363636	1.49638	-1.18498	-6.27355
V113S_A	570	0.383116883117	0.235294117647	0.401459854015	1.36196	0.730969	-23.5742
V153R_A	576	0.383116883117	0.235294117647	0.401459854015	1.35491	0.688028	-28.0398
M14K_A	584	0.376623376623	0.235294117647	0.394160583942	1.3258	0.424229	-25.5264
V147W_A	592	0.376623376623	0.235294117647	0.394160583942	1.43175	0.374181	-26.7642
Y1067I_C	603	0.356164383562	0.318181818182	0.372549019608	0.151572	-1.38432	-5.92655
D1061L_C	621	0.342465753425	0.285714285714	0.365384615385	-0.0410762	-1.36761	-6.20509
Q1095S_C	626	0.328767123288	0.238095238095	0.365384615385	-0.215608	-1.51456	-6.4933
R33D_A	637	0.357142857143	0.125	0.384057971014	-0.0148036	1.11074	-25.3362
R1025Q_C	648	0.342465753425	0.238095238095	0.384615384615	-0.264562	-0.994282	-7.10844
M67N_A	655	0.350649350649	0.125	0.376811594203	-0.280794	0.88554	-26.5001
L23A_A	660	0.350649350649	0.125	0.376811594203	0.795332	1.5855	-24.2522
L61Q_A	682	0.357142857143	0.125	0.384057971014	0.395326	2.74689	-26.1604
D111Y_A	690	0.350649350649	0.125	0.376811594203	0.400065	1.99373	-24.4845
F1054R_C	700	0.328767123288	0.25	0.358490566038	0.403045	-1.77697	-7.40653
L9E_A	706	0.344155844156	0.125	0.369565217391	0.897425	2.70924	-25.0272
T1041Y_C	715	0.315068493151	0.25	0.339622641509	0.877857	-1.11919	-5.82474
H145I_A	729	0.331168831169	0.125	0.355072463768	0.884764	2.76391	-24.7556
I1034L_C	735	0.301369863014	0.2	0.339622641509	0.858873	-1.19263	-7.01123
Y1041E_C	746	0.301369863014	0.210526315789	0.333333333333	1.20028	-1.35074	-8.728
A143E_A	753	0.324675324675	0.133333333333	0.345323741007	1.2002	-0.811525	-27.5125
P72Q_A	759	0.331168831169	0.2	0.345323741007	0.950493	-1.94656	-28.0276
E143C_A	766	0.311688311688	0.2	0.323741007194	1.047	-2.4617	-23.9522
S1087L_C	776	0.287671232877	0.222222222222	0.309090909091	-0.331466	-0.272073	-8.85898
K98C_A	782	0.305194805195	0.2	0.31654676259	-0.479668	0.475558	-26.6348
M7Y_A	789	0.298701298701	0.2	0.309352517986	-0.487608	0.459482	-24.3606
K52M_A	798	0.292207792208	0.2	0.302158273381	-0.433307	0.498751	-25.551
C98D_A	810	0.292207792208	0.2	0.302158273381	-0.362973	-1.80543	-24.9735
V82Q_A	817	0.292207792208	0.2	0.302158273381	-0.364324	-1.43858	-24.5779
P126M_A	824	0.292207792208	0.2	0.302158273381	-0.340003	-1.38864	-24.502
D33P_A	829	0.292207792208	0.2	0.302158273381	-0.0341122	-1.65562	-24.0182
R48M_A	853	0.292207792208	0.25	0.297101449275	0.0146671	-1.58829	-23.731
Q128S_A	860	0.285714285714	0.25	0.289855072464	0.0128657	-1.5739	-25.349
A65T_A	881	0.285714285714	0.25	0.289855072464	0.0667199	-1.51488	-23.8134
L1063F_C	889	0.246575342466	0.166666666667	0.272727272727	0.165521	0.468739	-7.77588
F125E_A	900	0.279220779221	0.1875	0.289855072464	-0.896844	-1.14408	-24.3826
K146W_A	906	0.279220779221	0.1875	0.289855072464	-0.999122	-1.29867	-24.1362
Q31A_A	924	0.285714285714	0.1875	0.297101449275	-0.973175	-2.07501	-24.907
T1064A_C	930	0.260273972603	0.157894736842	0.296296296296	-0.976756	-0.781535	-8.76216
F1040P_C	935	0.260273972603	0.157894736842	0.296296296296	-1.00814	-0.819923	-8.90267
D1086A_C	944	0.27397260274	0.210526315789	0.296296296296	-1.01125	-0.990267	-6.75175
S1024M_C	960	0.27397260274	0.210526315789	0.296296296296	-1.02572	0.15572	-9.45719
M1062N_C	971	0.287671232877	0.210526315789	0.314814814815	-1.02591	0.15535	-7.08344
Y138S_A	976	0.292207792208	0.1875	0.304347826087	-0.92128	-1.84993	-24.8775
N1062C_C	982	0.287671232877	0.210526315789	0.314814814815	-0.921101	0.14714	-6.57206
D145E_A	991	0.279220779221	0.1875	0.289855072464	-0.763305	-1.78093	-25.9931
