name	count	identity	interface_identity	non_interface_identity	evolved_interaction	ancestral_interaction	stability
Y155R_A	1	0.993506493506	1.0	0.992592592593	-10.499	-10.5239	-26.6778
K153A_A	6	0.961038961039	0.947368421053	0.962962962963	-10.0625	-10.0491	-31.7461
G50T_A	11	0.935064935065	0.894736842105	0.940740740741	-9.99761	-10.1043	-26.7969
R91E_A	17	0.909090909091	0.842105263158	0.918518518519	-8.57698	-8.84651	-24.0637
R1047Q_C	24	0.945205479452	1.0	0.92	-5.74582	-10.1325	-9.86611
I107R_A	29	0.87012987013	0.789473684211	0.881481481481	-3.41456	-5.99157	-25.5282
R1055C_C	37	0.917808219178	0.954545454545	0.901960784314	-4.40978	-8.0927	-8.929
S122R_A	42	0.850649350649	0.789473684211	0.859259259259	-4.41891	-4.7625	-26.4564
L150S_A	55	0.831168831169	0.789473684211	0.837037037037	-4.20864	-4.77541	-25.4622
E1079D_C	63	0.849315068493	0.909090909091	0.823529411765	-4.14874	-7.44963	-9.30402
H27C_A	72	0.792207792208	0.75	0.797101449275	-3.47988	-4.08179	-24.2347
T139G_A	83	0.772727272727	0.6875	0.782608695652	-3.44433	-3.95594	-24.453
A129R_A	99	0.75974025974	0.6875	0.768115942029	-4.88586	-4.06656	-23.9889
D1075I_C	105	0.808219178082	0.909090909091	0.764705882353	-4.92892	-8.28643	-11.7201
K18L_A	114	0.74025974026	0.611111111111	0.757352941176	-4.78048	-4.16702	-23.8038
I1070G_C	121	0.712328767123	0.681818181818	0.725490196078	-5.04399	-9.1556	-9.05894
D1061I_C	133	0.671232876712	0.636363636364	0.686274509804	-5.02272	-9.44788	-7.73571
A152M_A	141	0.707792207792	0.470588235294	0.737226277372	-5.00929	-4.35476	-23.9775
C114Y_A	147	0.707792207792	0.470588235294	0.737226277372	-4.76403	-3.99726	-24.9491
V57F_A	155	0.694805194805	0.470588235294	0.722627737226	-4.86453	-4.13828	-25.4442
V39E_A	163	0.688311688312	0.470588235294	0.715328467153	-3.43875	-4.07248	-24.7614
Q146K_A	168	0.681818181818	0.470588235294	0.70802919708	-3.45263	-4.0813	-24.3937
Q10I_A	174	0.655844155844	0.411764705882	0.686131386861	-3.21519	-2.32566	-26.4082
D1079N_C	185	0.58904109589	0.545454545455	0.607843137255	-2.87679	-8.09701	-6.07814
H98Y_A	208	0.662337662338	0.444444444444	0.691176470588	-0.279064	-0.433011	-24.5515
N1025M_C	217	0.547945205479	0.578947368421	0.537037037037	-0.139418	-7.72005	-7.25181
L1080E_C	229	0.547945205479	0.578947368421	0.537037037037	-0.109717	-7.05126	-6.35435
F1065W_C	242	0.534246575342	0.578947368421	0.518518518519	-0.0929338	-7.12285	-6.48366
K30C_A	256	0.623376623377	0.473684210526	0.644444444444	0.0314802	-0.221783	-24.517
R1046D_C	266	0.493150684932	0.611111111111	0.454545454545	0.138741	-6.75933	-6.30073
C48I_A	274	0.61038961039	0.444444444444	0.632352941176	0.126381	-0.285275	-26.9504
R13F_A	281	0.597402597403	0.4	0.626865671642	2.3512	2.22935	-25.8353
D33Q_A	286	0.584415584416	0.4	0.611940298507	2.2791	2.11722	-24.7659
A1038C_C	298	0.438356164384	0.555555555556	0.4	2.44878	-5.35378	-6.4908
L4E_A	310	0.558441558442	0.35	0.589552238806	2.59938	1.6943	-25.2957
L1076F_C	320	0.424657534247	0.5	0.4	2.69601	-3.51403	-6.29299
F110I_A	327	0.545454545455	0.35	0.574626865672	1.78274	0.539914	-26.2156
P46A_A	333	0.532467532468	0.315789473684	0.562962962963	1.75132	0.883897	-24.3799
E1080W_C	343	0.397260273973	0.5	0.363636363636	1.76457	-3.69542	-6.92916
E99L_A	350	0.532467532468	0.315789473684	0.562962962963	2.08322	0.968944	-28.6393
K1035A_C	355	0.397260273973	0.5	0.363636363636	2.01901	-3.61493	-6.3545
K1088A_C	366	0.397260273973	0.5	0.363636363636	0.675464	-2.09774	-6.67571
C1070L_C	379	0.397260273973	0.5	0.363636363636	0.791125	-2.1183	-7.33313
K1058V_C	393	0.383561643836	0.5	0.345454545455	0.609862	-2.34618	-7.02983
Y71S_A	403	0.480519480519	0.263157894737	0.511111111111	0.66821	1.66217	-24.4737
W122I_A	413	0.474025974026	0.25	0.507462686567	-2.1283	-0.281469	-23.749
L149C_A	428	0.461038961039	0.25	0.492537313433	-2.13151	-0.292122	-24.5228
E1059Q_C	436	0.342465753425	0.409090909091	0.313725490196	-2.36213	-3.71122	-5.76628
N1035L_C	446	0.342465753425	0.434782608696	0.3	-2.40051	-3.71429	-5.2182
Q7Y_A	459	0.448051948052	0.25	0.477611940299	-2.58758	-2.25584	-26.3849
E106V_A	468	0.448051948052	0.25	0.477611940299	-2.59663	-2.25563	-26.9078
T50S_A	479	0.441558441558	0.25	0.470149253731	-2.63064	-2.23684	-25.6553
I39M_A	487	0.435064935065	0.25	0.462686567164	-2.64227	-2.22229	-26.1573
Y1033E_C	505	0.315068493151	0.434782608696	0.26	-1.93447	-3.84342	-5.80783
K17R_A	512	0.435064935065	0.3	0.455223880597	-2.42368	-1.2855	-24.9111
C50N_A	522	0.435064935065	0.3	0.455223880597	-1.29248	-0.562116	-26.1501
Y7G_A	532	0.428571428571	0.3	0.44776119403	-1.17196	-0.472319	-24.5368
E124M_A	544	0.428571428571	0.3	0.44776119403	-1.18382	-0.472475	-26.4112
G128L_A	557	0.422077922078	0.3	0.440298507463	-1.18545	-0.53565	-25.3164
N125W_A	571	0.415584415584	0.3	0.432835820896	-1.17305	-0.541976	-24.5593
V1074E_C	583	0.301369863014	0.375	0.265306122449	-1.19528	-4.75063	-6.92626
R1024M_C	598	0.301369863014	0.375	0.265306122449	-0.325375	-3.81209	-7.59796
I104F_A	606	0.383116883117	0.3	0.39552238806	-0.343825	0.60962	-25.3363
L99N_A	611	0.383116883117	0.3	0.39552238806	-0.180789	1.28791	-25.4181
Q111E_A	633	0.376623376623	0.3	0.388059701493	-0.806437	0.36739	-25.4696
A40D_A	646	0.376623376623	0.3	0.388059701493	-0.818572	0.399092	-24.5311
E14L_A	652	0.383116883117	0.3	0.39552238806	-0.900874	0.349799	-24.9941
T138E_A	663	0.383116883117	0.263157894737	0.4	-0.845405	0.443985	-24.9113
A79R_A	671	0.37012987013	0.263157894737	0.385185185185	-0.845434	0.447667	-25.4901
D100G_A	680	0.363636363636	0.277777777778	0.375	-1.67741	-2.19076	-24.2968
R79N_A	688	0.357142857143	0.277777777778	0.367647058824	-1.69652	-2.49054	-24.0759
L1048V_C	700	0.246575342466	0.347826086957	0.2	-1.05572	-3.89191	-6.00103
W10L_A	710	0.357142857143	0.277777777778	0.367647058824	-1.16466	-1.57749	-26.8286
A1038W_C	717	0.246575342466	0.347826086957	0.2	-1.17469	-3.89246	-6.40091
C5V_A	723	0.344155844156	0.277777777778	0.352941176471	-1.14451	-1.63762	-26.5185
Y1055V_C	729	0.246575342466	0.347826086957	0.2	-1.10701	-3.7784	-5.62485
K82H_A	736	0.344155844156	0.277777777778	0.352941176471	-0.697687	-1.53191	-25.2503
E1068Y_C	743	0.246575342466	0.347826086957	0.2	-1.94427	-3.60799	-8.20474
D127N_A	755	0.344155844156	0.222222222222	0.360294117647	-1.93675	-1.40566	-25.961
H1086A_C	761	0.246575342466	0.347826086957	0.2	-1.9771	-3.73439	-7.20724
I1092T_C	770	0.246575342466	0.347826086957	0.2	-2.02502	-3.79511	-6.49921
W30S_A	791	0.331168831169	0.222222222222	0.345588235294	-1.99428	-1.51339	-24.0436
Y98Q_A	797	0.337662337662	0.222222222222	0.352941176471	-1.83373	-1.59066	-24.5112
F54G_A	805	0.337662337662	0.222222222222	0.352941176471	-1.97538	-1.50215	-24.6272
K1084W_C	816	0.246575342466	0.363636363636	0.196078431373	-2.35124	-4.52706	-7.66442
L1070D_C	833	0.260273972603	0.363636363636	0.21568627451	-2.45141	-4.13134	-6.41879
C20L_A	849	0.311688311688	0.166666666667	0.330882352941	-2.68554	-1.7461	-25.3879
K22P_A	855	0.311688311688	0.166666666667	0.330882352941	-2.23877	-1.00837	-28.3491
V43S_A	864	0.305194805195	0.166666666667	0.323529411765	-2.01097	-0.350378	-27.6717
E1060F_C	882	0.260273972603	0.45	0.188679245283	-3.64162	-4.20574	-7.53492
V117D_A	890	0.285714285714	0.166666666667	0.301470588235	-3.65208	-2.477	-27.0597
M24L_A	895	0.285714285714	0.166666666667	0.301470588235	-3.70039	-2.51078	-25.3655
L145E_A	900	0.285714285714	0.166666666667	0.301470588235	-3.71599	-2.60032	-24.0936
V19G_A	910	0.285714285714	0.166666666667	0.301470588235	-3.80004	-3.10735	-24.8006
L14I_A	922	0.285714285714	0.166666666667	0.301470588235	-3.84616	-3.12614	-23.7769
M1050F_C	936	0.260273972603	0.45	0.188679245283	-3.76592	-3.94329	-7.69421
S26V_A	949	0.292207792208	0.222222222222	0.301470588235	-3.36926	-2.98065	-24.3131
Y131G_A	967	0.292207792208	0.222222222222	0.301470588235	-3.30101	-2.96956	-23.6327
E57Y_A	973	0.292207792208	0.222222222222	0.301470588235	-3.46002	-3.22409	-26.3616
V1046G_C	984	0.27397260274	0.47619047619	0.192307692308	-3.58182	-4.0587	-5.86053
L1042Y_C	999	0.260273972603	0.47619047619	0.173076923077	-3.51816	-4.34131	-6.86991
