name	count	identity	interface_identity	non_interface_identity	evolved_interaction	ancestral_interaction	stability
S1062Y_C	1	0.986301369863	1.0	0.980392156863	-10.4473	-10.4831	-8.7653
Q1056M_C	8	0.958904109589	1.0	0.941176470588	-10.4759	-10.4603	-7.26193
E63H_A	15	0.961038961039	1.0	0.955555555556	-10.4548	-10.4874	-24.6862
L1048N_C	22	0.931506849315	1.0	0.901960784314	-10.72	-10.446	-6.2153
E1079W_C	32	0.904109589041	1.0	0.862745098039	-10.8665	-10.9101	-6.83283
R17A_A	42	0.88961038961	0.947368421053	0.881481481481	-5.95231	-6.24566	-26.4511
L119T_A	53	0.876623376623	0.888888888889	0.875	-6.2234	-6.21611	-24.0791
S122V_A	64	0.850649350649	0.833333333333	0.852941176471	-3.51452	-3.36565	-24.6195
G1084D_C	72	0.86301369863	0.882352941176	0.857142857143	-3.83207	-11.3987	-6.36041
A1053C_C	81	0.849315068493	0.882352941176	0.839285714286	-3.77425	-11.4004	-5.81515
E154I_A	91	0.792207792208	0.842105263158	0.785185185185	-3.89999	-3.50578	-24.9608
Q1076L_C	105	0.821917808219	0.882352941176	0.803571428571	-3.85253	-11.3874	-7.30293
V62L_A	122	0.753246753247	0.842105263158	0.740740740741	-3.84723	-3.51022	-25.1642
R1047N_C	129	0.767123287671	0.823529411765	0.75	-3.82073	-11.4047	-6.02828
R1071V_C	139	0.753424657534	0.823529411765	0.732142857143	-3.88292	-10.1842	-5.79458
I154Q_A	149	0.746753246753	0.842105263158	0.733333333333	-3.78118	-3.22403	-24.1844
P33G_A	159	0.733766233766	0.789473684211	0.725925925926	-4.40196	-4.09345	-23.9985
W114Q_A	169	0.733766233766	0.75	0.731884057971	-4.49706	-4.08737	-25.0599
I1033P_C	181	0.671232876712	0.764705882353	0.642857142857	-4.52865	-10.4214	-7.22267
H136Q_A	190	0.714285714286	0.75	0.710144927536	-4.16223	-4.05012	-25.7985
V118K_A	206	0.707792207792	0.75	0.702898550725	-4.20781	-4.08559	-26.2175
V1091M_C	213	0.630136986301	0.764705882353	0.589285714286	-4.18046	-10.6902	-6.4528
D1084N_C	230	0.630136986301	0.722222222222	0.6	-3.73504	-8.87002	-6.49185
N131T_A	240	0.668831168831	0.75	0.659420289855	-3.6949	-4.30135	-24.5096
F65W_A	249	0.655844155844	0.75	0.644927536232	-3.69027	-4.28007	-24.317
E12A_A	262	0.642857142857	0.75	0.630434782609	-3.05462	-3.82663	-26.3102
N1077M_C	277	0.616438356164	0.666666666667	0.6	-3.04983	-8.89321	-7.17004
Q154K_A	290	0.623376623377	0.6875	0.615942028986	-0.739454	-1.91757	-23.5585
K66L_A	302	0.616883116883	0.6875	0.608695652174	-0.930224	-1.89859	-24.5248
K141Q_A	308	0.61038961039	0.6875	0.601449275362	-0.712346	-1.89859	-23.8968
D70C_A	320	0.603896103896	0.625	0.601449275362	-1.28162	-2.67829	-25.3966
N5F_A	330	0.603896103896	0.625	0.601449275362	-1.08425	-3.06289	-26.3656
L62M_A	338	0.597402597403	0.625	0.594202898551	-1.16004	-3.03458	-25.1803
N1048F_C	344	0.547945205479	0.6	0.528301886792	-1.36015	-8.36375	-7.85442
D1068F_C	365	0.506849315068	0.545454545455	0.490196078431	-1.01668	-5.87582	-6.94244
N1025Q_C	378	0.493150684932	0.545454545455	0.470588235294	-0.965649	-7.93165	-6.5821
H22G_A	387	0.577922077922	0.5625	0.579710144928	-1.75454	-3.52801	-23.4426
V63L_A	394	0.577922077922	0.5625	0.579710144928	-2.17768	-3.31445	-24.1731
K118L_A	400	0.564935064935	0.5625	0.565217391304	-2.30791	-3.66116	-22.3463
K139W_A	408	0.564935064935	0.5625	0.565217391304	-2.28366	-2.87264	-22.7686
S143T_A	416	0.558441558442	0.5625	0.557971014493	-2.31665	-2.87264	-24.9291
P35C_A	423	0.545454545455	0.5625	0.54347826087	-2.32549	-2.92167	-24.8489
W65L_A	430	0.538961038961	0.5625	0.536231884058	-2.40563	-2.97314	-23.0192
S127W_A	436	0.525974025974	0.5	0.528985507246	-2.28118	0.289895	-27.5191
Q141N_A	441	0.532467532468	0.5	0.536231884058	-2.21098	0.521933	-26.3913
F44V_A	447	0.525974025974	0.5	0.528985507246	-2.31736	1.29667	-28.5808
F1068Y_C	453	0.452054794521	0.55	0.415094339623	-1.22651	-3.58993	-7.03156
F1055Y_C	462	0.452054794521	0.55	0.415094339623	-1.25112	-3.58711	-6.76939
A32K_A	475	0.512987012987	0.5	0.514492753623	-1.2514	1.16692	-24.2313
F1035I_C	486	0.438356164384	0.5	0.415094339623	-1.25533	-3.40729	-7.08954
V132Q_A	498	0.487012987013	0.5	0.485507246377	-1.19739	0.435951	-24.128
Q1041L_C	507	0.424657534247	0.52380952381	0.384615384615	-1.24517	-2.75513	-9.18653
D51V_A	516	0.480519480519	0.5	0.478260869565	-1.23181	0.436559	-25.2849
L65Y_A	522	0.474025974026	0.5	0.471014492754	-1.42006	0.533454	-25.5001
K1094C_C	529	0.383561643836	0.47619047619	0.346153846154	-1.38954	-3.51225	-8.06248
F1066Y_C	536	0.383561643836	0.47619047619	0.346153846154	-2.87872	-3.71772	-8.09622
C1094F_C	564	0.369863013699	0.47619047619	0.326923076923	-2.8795	-3.72174	-6.33861
V44Y_A	571	0.454545454545	0.5	0.449275362319	-2.11743	-0.974771	-25.9708
Q1025F_C	585	0.369863013699	0.47619047619	0.326923076923	-2.09397	-3.4925	-6.23265
K154E_A	596	0.435064935065	0.5	0.427536231884	-2.10445	-1.83654	-24.3302
T131W_A	605	0.435064935065	0.5	0.427536231884	-2.10445	-1.72186	-24.2658
C79P_A	612	0.435064935065	0.5	0.427536231884	-2.07203	-2.38394	-26.4023
I1039K_C	621	0.342465753425	0.454545454545	0.294117647059	-2.19705	-4.02004	-8.83304
A117N_A	632	0.435064935065	0.5	0.427536231884	-1.21019	-2.17183	-25.0119
V29Y_A	640	0.422077922078	0.529411764706	0.408759124088	-1.12007	-2.27449	-24.3323
W127E_A	651	0.422077922078	0.5	0.413043478261	-1.12266	-2.2747	-24.4524
G1042Q_C	657	0.315068493151	0.409090909091	0.274509803922	-1.30678	-2.64489	-6.69781
W1040G_C	672	0.315068493151	0.4	0.283018867925	-0.703049	-2.59161	-5.50077
L63R_A	682	0.415584415584	0.4375	0.413043478261	-0.712116	-1.39097	-25.5709
Y20F_A	690	0.415584415584	0.4375	0.413043478261	-1.17978	-1.7095	-24.8813
F1044K_C	697	0.315068493151	0.4	0.283018867925	-1.20024	-2.51732	-6.96604
I48R_A	710	0.415584415584	0.470588235294	0.408759124088	-1.41499	-1.54259	-26.9951
N122R_A	719	0.402597402597	0.411764705882	0.401459854015	-1.42008	-1.5785	-24.1752
S91M_A	734	0.402597402597	0.411764705882	0.401459854015	-1.43638	-1.57042	-26.593
N85C_A	739	0.396103896104	0.411764705882	0.394160583942	-1.35384	-1.09317	-25.4513
L120M_A	747	0.383116883117	0.411764705882	0.379562043796	-1.45544	-1.04849	-26.4414
T145L_A	752	0.383116883117	0.4375	0.376811594203	-1.64429	-2.12017	-24.5287
C60T_A	761	0.383116883117	0.5	0.369565217391	-2.45265	-1.12025	-24.0835
K59M_A	769	0.383116883117	0.5	0.369565217391	-2.40063	-0.97799	-25.8151
N124Q_A	781	0.376623376623	0.533333333333	0.359712230216	-2.16375	-0.977332	-24.7854
A106E_A	789	0.37012987013	0.533333333333	0.352517985612	-3.87219	-3.21812	-26.1007
E57V_A	800	0.376623376623	0.533333333333	0.359712230216	-4.04648	-3.52241	-24.7771
A7E_A	807	0.376623376623	0.533333333333	0.359712230216	-4.04336	-3.51229	-25.35
P1074Y_C	816	0.27397260274	0.409090909091	0.21568627451	-4.03227	-3.18913	-7.26679
M1077T_C	821	0.27397260274	0.363636363636	0.235294117647	-3.04141	-3.18544	-7.28831
K1039Y_C	832	0.27397260274	0.363636363636	0.235294117647	-3.05575	-3.20405	-6.4004
E4F_A	843	0.376623376623	0.5	0.36231884058	-1.38003	-0.870783	-25.2201
E150F_A	851	0.376623376623	0.5	0.36231884058	-1.38296	-0.884852	-25.0239
H118Y_A	859	0.376623376623	0.5	0.36231884058	-1.48687	-0.955207	-25.4046
S6T_A	867	0.37012987013	0.5	0.355072463768	-1.34633	-0.783504	-25.0268
Y155F_A	875	0.363636363636	0.5	0.347826086957	-1.17135	-0.783853	-24.5274
T1027C_C	881	0.260273972603	0.285714285714	0.25	-1.22934	-3.74906	-6.45995
R1046E_C	888	0.246575342466	0.285714285714	0.230769230769	-1.32499	-3.78661	-7.82561
K141P_A	902	0.357142857143	0.5625	0.333333333333	-1.40908	-0.817452	-25.3016
Q81L_A	912	0.357142857143	0.5625	0.333333333333	-0.13969	-0.864576	-28.0281
V102T_A	917	0.357142857143	0.5625	0.333333333333	-0.568996	-0.864601	-27.0595
K1044G_C	926	0.246575342466	0.285714285714	0.230769230769	-0.568996	-2.33805	-6.74154
V51M_A	943	0.357142857143	0.5625	0.333333333333	-0.325723	-0.775597	-24.339
P110M_A	950	0.357142857143	0.5625	0.333333333333	-0.410802	-0.621575	-23.9173
D1055L_C	958	0.246575342466	0.3	0.22641509434	1.57666	-2.43606	-9.39637
Y1039F_C	969	0.246575342466	0.285714285714	0.230769230769	1.38075	-2.43597	-9.08697
F137Q_A	982	0.344155844156	0.5625	0.31884057971	1.31162	-0.0698671	-23.0521
T1095S_C	992	0.232876712329	0.238095238095	0.230769230769	1.25601	-2.59891	-5.77239
