name	count	identity	interface_identity	non_interface_identity	evolved_interaction	ancestral_interaction	stability
L1026N_C	1	0.986301369863	1.0	0.980392156863	-10.4671	-10.4931	-4.98296
S156I_A	7	0.974025974026	0.947368421053	0.977777777778	-9.30029	-9.83492	-24.3491
V148L_A	15	0.948051948052	0.947368421053	0.948148148148	-9.57919	-9.82058	-25.1422
E63T_A	20	0.915584415584	0.947368421053	0.911111111111	-9.56276	-10.0172	-28.1581
V113T_A	28	0.88961038961	0.947368421053	0.881481481481	-9.47125	-10.0391	-26.2594
Y68N_A	39	0.863636363636	0.888888888889	0.860294117647	-6.62815	-7.36727	-24.4702
I112M_A	45	0.844155844156	0.888888888889	0.838235294118	-6.64564	-7.36732	-24.4362
Q151K_A	53	0.831168831169	0.888888888889	0.823529411765	-7.33722	-7.05005	-24.1906
L38E_A	58	0.818181818182	0.833333333333	0.816176470588	-4.84959	-7.20312	-25.9901
F22H_A	66	0.811688311688	0.777777777778	0.816176470588	-2.46445	-5.15016	-27.6749
A106N_A	75	0.785714285714	0.777777777778	0.786764705882	-2.4335	-5.14786	-24.2521
S89Y_A	82	0.766233766234	0.777777777778	0.764705882353	-2.44037	-5.44248	-24.7658
V1090K_C	89	0.794520547945	0.75	0.811320754717	-4.0222	-6.83575	-11.2545
L1066M_C	95	0.780821917808	0.761904761905	0.788461538462	-4.38012	-7.14201	-8.94434
A142S_A	107	0.720779220779	0.705882352941	0.722627737226	-4.3848	-5.27157	-23.4487
N126F_A	116	0.707792207792	0.705882352941	0.70802919708	-4.27739	-4.98454	-24.7518
R135V_A	123	0.688311688312	0.705882352941	0.686131386861	-4.70124	-4.89487	-23.787
H106N_A	138	0.662337662338	0.647058823529	0.664233576642	-4.79699	-5.37145	-24.8114
K15T_A	146	0.642857142857	0.647058823529	0.642335766423	-4.79889	-5.28826	-24.741
H1075E_C	158	0.739726027397	0.761904761905	0.730769230769	-4.72601	-7.18014	-6.57088
G115M_A	166	0.62987012987	0.647058823529	0.627737226277	-3.50381	-5.41489	-27.0205
K153V_A	181	0.616883116883	0.647058823529	0.613138686131	-4.01439	-5.29476	-23.45
K125P_A	189	0.623376623377	0.647058823529	0.620437956204	-3.69763	-5.28983	-24.2501
H1060S_C	203	0.643835616438	0.714285714286	0.615384615385	-4.25324	-7.70763	-6.57924
R1051K_C	216	0.643835616438	0.714285714286	0.615384615385	-3.52801	-7.68035	-6.55364
S1033E_C	233	0.630136986301	0.666666666667	0.615384615385	-3.30744	-6.16209	-6.73263
H1044N_C	240	0.616438356164	0.619047619048	0.615384615385	-2.3144	-6.19395	-6.11917
G156K_A	249	0.571428571429	0.411764705882	0.591240875912	-1.83777	-2.80865	-24.8399
L148T_A	262	0.564935064935	0.411764705882	0.583941605839	-1.82863	-3.15134	-24.8937
R1064D_C	271	0.58904109589	0.590909090909	0.588235294118	-1.52475	-8.25979	-7.14631
P105K_A	279	0.545454545455	0.375	0.565217391304	-1.60855	-3.17741	-23.7643
K105I_A	287	0.545454545455	0.375	0.565217391304	-1.60432	-3.16989	-24.7751
Y87F_A	297	0.538961038961	0.388888888889	0.558823529412	-4.25483	-2.04063	-25.3016
V29A_A	307	0.519480519481	0.388888888889	0.536764705882	-4.25912	-2.06751	-23.952
E1093M_C	314	0.520547945205	0.545454545455	0.509803921569	-4.22163	-0.866505	-7.52884
T148A_A	320	0.506493506494	0.421052631579	0.518518518519	-4.65491	-2.11425	-27.0748
K31Y_A	333	0.487012987013	0.421052631579	0.496296296296	-4.34278	-2.10233	-23.2957
L33K_A	343	0.487012987013	0.421052631579	0.496296296296	-4.34113	-2.14474	-24.1718
H22L_A	356	0.474025974026	0.421052631579	0.481481481481	-6.09503	-3.59633	-25.715
D100G_A	364	0.467532467532	0.421052631579	0.474074074074	-6.17945	-3.59165	-26.7095
L4G_A	372	0.461038961039	0.421052631579	0.466666666667	-4.26115	-2.45341	-25.8309
K7S_A	381	0.454545454545	0.421052631579	0.459259259259	-4.27381	-2.31156	-24.2678
F30K_A	387	0.454545454545	0.421052631579	0.459259259259	-4.12379	-2.48784	-24.2667
R8E_A	397	0.441558441558	0.421052631579	0.444444444444	-3.9463	-2.38991	-23.7574
W18N_A	410	0.435064935065	0.421052631579	0.437037037037	-7.08799	-7.82625	-24.8205
L1081F_C	422	0.465753424658	0.458333333333	0.469387755102	-7.22133	5.46572	-6.58111
G100C_A	432	0.428571428571	0.45	0.425373134328	-4.49395	-4.7079	-25.1669
G4A_A	440	0.415584415584	0.45	0.410447761194	-4.44488	-4.6871	-24.0273
Y89S_A	446	0.415584415584	0.45	0.410447761194	-4.52643	-4.71684	-24.3729
W66R_A	452	0.415584415584	0.45	0.410447761194	-4.49173	-4.74379	-26.0267
A54Q_A	463	0.422077922078	0.5	0.410447761194	-4.61063	-4.04962	-25.8718
E1059T_C	469	0.438356164384	0.47619047619	0.423076923077	-4.61941	5.54026	-6.08108
T79G_A	480	0.415584415584	0.5	0.402985074627	-4.57389	-3.91373	-23.8692
Y1034H_C	489	0.424657534247	0.428571428571	0.423076923077	-5.3301	1.50723	-6.80678
N1082G_C	499	0.424657534247	0.428571428571	0.423076923077	-5.45749	1.41963	-6.37544
R1026C_C	509	0.438356164384	0.47619047619	0.423076923077	-6.35958	2.5874	-10.7367
G1077V_C	520	0.424657534247	0.428571428571	0.423076923077	-5.91118	3.31538	-5.72382
H147W_A	529	0.402597402597	0.470588235294	0.394160583942	-5.92715	-3.95701	-24.3173
N1046C_C	536	0.438356164384	0.428571428571	0.442307692308	-5.91179	3.31447	-6.26184
K71R_A	544	0.38961038961	0.5	0.376811594203	-4.63324	-3.96046	-23.8663
D1074T_C	553	0.438356164384	0.428571428571	0.442307692308	-5.29845	-3.666	-9.57797
F124L_A	563	0.38961038961	0.5	0.376811594203	-5.24894	-3.95824	-23.9664
H1034Y_C	568	0.452054794521	0.47619047619	0.442307692308	-5.04016	-4.8045	-8.44963
M1064Q_C	579	0.452054794521	0.47619047619	0.442307692308	-4.99587	-4.51689	-8.37785
S1036M_C	587	0.438356164384	0.47619047619	0.423076923077	-4.99348	-4.53394	-9.36024
V1058T_C	600	0.438356164384	0.47619047619	0.423076923077	-4.97342	-1.17371	-11.03
V1060W_C	614	0.438356164384	0.47619047619	0.423076923077	-5.09046	-4.26341	-9.41998
Y31A_A	623	0.376623376623	0.470588235294	0.36496350365	-5.12753	-4.26401	-23.8194
F1033C_C	630	0.438356164384	0.47619047619	0.423076923077	-5.04714	-4.20148	-7.87969
N1080G_C	646	0.424657534247	0.47619047619	0.403846153846	-5.22863	-4.19746	-7.75527
Q54T_A	652	0.37012987013	0.411764705882	0.36496350365	-5.2564	-4.25869	-23.8696
C1075R_C	658	0.397260273973	0.47619047619	0.365384615385	-5.34958	-4.376	-9.88554
S83H_A	671	0.383116883117	0.411764705882	0.379562043796	-5.31867	-4.25869	-24.526
W1060C_C	682	0.383561643836	0.47619047619	0.346153846154	-5.46142	-4.7053	-10.6568
F63K_A	690	0.383116883117	0.4375	0.376811594203	-4.51493	-4.26103	-24.0711
K154Y_A	705	0.38961038961	0.4375	0.384057971014	-4.25742	-4.28072	-23.8221
M1036V_C	723	0.342465753425	0.428571428571	0.307692307692	-4.44762	-3.20301	-8.39162
K30I_A	737	0.376623376623	0.5	0.360294117647	-4.4882	-3.9327	-23.8263
K63H_A	753	0.376623376623	0.5	0.360294117647	-4.55545	-3.9327	-24.079
Q1044E_C	764	0.356164383562	0.45	0.320754716981	-4.72504	-3.95689	-9.57015
Q1073K_C	769	0.342465753425	0.45	0.301886792453	-4.72341	-3.95339	-13.9093
V48N_A	776	0.37012987013	0.5	0.352941176471	-4.744	-3.94358	-25.2579
V108P_A	784	0.37012987013	0.5	0.352941176471	-4.73549	-3.94566	-25.9012
Q19R_A	790	0.363636363636	0.5	0.345588235294	-5.32439	-4.40361	-26.0973
C5A_A	796	0.350649350649	0.5	0.330882352941	-5.32407	-4.40341	-26.7529
K1061Y_C	803	0.315068493151	0.45	0.264150943396	-5.33478	-4.03221	-8.10471
M10K_A	817	0.357142857143	0.444444444444	0.345588235294	-5.17616	-4.48407	-24.4508
C1033Y_C	823	0.301369863014	0.4	0.264150943396	-5.09637	-4.31169	-7.95302
L104S_A	833	0.350649350649	0.444444444444	0.338235294118	-5.11561	-4.95166	-24.055
Y125Q_A	842	0.350649350649	0.444444444444	0.338235294118	-5.11853	-4.74456	-26.0963
Q1064F_C	866	0.287671232877	0.35	0.264150943396	-4.82691	-2.96016	-7.81271
S1091V_C	880	0.287671232877	0.35	0.264150943396	-4.82691	-2.95682	-8.27692
K39T_A	886	0.337662337662	0.444444444444	0.323529411765	-4.98211	-4.90826	-23.9448
W74L_A	897	0.331168831169	0.444444444444	0.316176470588	-4.98479	-4.89928	-23.8803
W49E_A	907	0.337662337662	0.444444444444	0.323529411765	-4.79808	-4.89662	-23.3017
L46T_A	916	0.331168831169	0.444444444444	0.316176470588	-4.47924	-4.75134	-23.7872
F79M_A	927	0.331168831169	0.444444444444	0.316176470588	-5.13561	-4.73618	-24.0261
L1024C_C	934	0.287671232877	0.368421052632	0.259259259259	-1.60313	-5.30922	-5.87579
K1071Q_C	942	0.287671232877	0.368421052632	0.259259259259	-1.53298	-5.25728	-6.18028
A99L_A	959	0.324675324675	0.388888888889	0.316176470588	-1.46182	0.433396	-23.0033
A22L_A	967	0.318181818182	0.388888888889	0.308823529412	-4.07051	-1.81989	-23.835
F150L_A	976	0.324675324675	0.388888888889	0.316176470588	-4.21021	-2.34872	-24.8613
W1065C_C	983	0.287671232877	0.333333333333	0.265306122449	-4.22272	-5.01923	-6.76277
Y1094L_C	993	0.287671232877	0.333333333333	0.265306122449	-4.02258	-5.02632	-7.37874
