name	count	identity	interface_identity	non_interface_identity	evolved_interaction	ancestral_interaction	stability
G115S_A	1	0.993506493506	1.0	0.992592592593	-10.4944	-10.4951	-27.1992
L1026V_C	8	0.972602739726	1.0	0.960784313725	-10.395	-9.48419	-8.30679
Y64W_A	14	0.948051948052	1.0	0.940740740741	-10.5527	-10.6773	-26.63
E1059M_C	19	0.931506849315	1.0	0.901960784314	-8.80274	-10.4974	-7.06199
Q7E_A	27	0.896103896104	0.894736842105	0.896296296296	-7.76572	-7.79175	-27.503
S122E_A	33	0.87012987013	0.842105263158	0.874074074074	-7.76486	-7.66709	-25.5933
D147C_A	41	0.850649350649	0.842105263158	0.851851851852	-7.75613	-7.65138	-26.6705
I96W_A	46	0.824675324675	0.842105263158	0.822222222222	-7.47166	-7.0355	-24.554
M1060E_C	54	0.876712328767	0.954545454545	0.843137254902	-7.47429	-10.4145	-5.81653
E49A_A	64	0.779220779221	0.789473684211	0.777777777778	-7.73115	-7.23465	-24.4311
R1093H_C	72	0.849315068493	0.954545454545	0.803921568627	-7.87783	-10.5015	-7.0937
E11N_A	83	0.75974025974	0.8	0.753731343284	-7.80889	-7.55549	-24.1949
S35D_A	91	0.746753246753	0.8	0.738805970149	-7.84585	-7.35262	-25.2386
L1063M_C	98	0.72602739726	0.863636363636	0.666666666667	-7.49502	-9.70011	-6.43957
K153L_A	108	0.707792207792	0.75	0.701492537313	-3.43602	-4.34067	-23.8968
D145V_A	122	0.694805194805	0.736842105263	0.688888888889	-4.55315	-4.33731	-24.5432
D100T_A	131	0.675324675325	0.736842105263	0.666666666667	-4.55077	-4.2798	-24.6045
I1024R_C	144	0.698630136986	0.9	0.622641509434	-4.72483	-9.86056	-7.09596
T1077A_C	160	0.684931506849	0.9	0.603773584906	-4.72145	-9.78147	-6.89259
S115C_A	170	0.655844155844	0.722222222222	0.647058823529	-2.1983	-1.4358	-25.9465
T1047A_C	184	0.671232876712	0.9	0.584905660377	-2.20447	-10.0817	-8.62516
N1061Y_C	208	0.643835616438	0.85	0.566037735849	-2.34694	-9.82818	-8.0309
A142R_A	243	0.636363636364	0.736842105263	0.622222222222	-2.35285	-1.5135	-23.9595
K1038H_C	249	0.602739726027	0.8	0.528301886792	-2.25625	-9.85681	-5.98721
S1033K_C	262	0.58904109589	0.8	0.509433962264	-2.18724	-9.86469	-6.50317
R139H_A	269	0.623376623377	0.736842105263	0.607407407407	-2.08606	-1.4031	-25.4463
S1070R_C	280	0.575342465753	0.75	0.509433962264	-2.09247	-9.54188	-7.82712
S127H_A	285	0.597402597403	0.736842105263	0.577777777778	-2.0898	-1.24681	-28.2013
A1077C_C	291	0.547945205479	0.7	0.490566037736	-0.826074	-6.55338	-8.53145
K1054R_C	296	0.534246575342	0.7	0.471698113208	-0.626138	-6.57015	-8.35924
E1041C_C	303	0.547945205479	0.666666666667	0.5	-1.0715	-6.55733	-7.19484
S57L_A	315	0.564935064935	0.578947368421	0.562962962963	-0.429059	-1.00091	-28.1262
T52P_A	325	0.558441558442	0.578947368421	0.555555555556	-0.255093	-0.84409	-28.5144
N11K_A	333	0.545454545455	0.578947368421	0.540740740741	-0.318472	-1.8401	-23.4681
A32W_A	339	0.538961038961	0.578947368421	0.533333333333	-0.391786	-1.81766	-23.4026
V148L_A	364	0.532467532468	0.578947368421	0.525925925926	-0.410637	-1.82732	-25.8382
R142M_A	374	0.525974025974	0.55	0.522388059701	-1.02741	-1.81482	-23.958
F22K_A	382	0.5	0.5	0.5	0.531688	1.58619	-23.5615
S4K_A	392	0.5	0.5	0.5	1.33292	3.35839	-24.4194
Q1051S_C	399	0.479452054795	0.555555555556	0.454545454545	1.68771	-3.54961	-7.94467
T6Y_A	407	0.487012987013	0.5	0.485074626866	1.67914	3.31314	-25.4597
K1043M_C	415	0.479452054795	0.555555555556	0.454545454545	1.58665	-3.86691	-7.8854
K1034E_C	422	0.479452054795	0.555555555556	0.454545454545	2.23021	-4.31741	-6.71035
S1033E_C	430	0.479452054795	0.529411764706	0.464285714286	2.15534	-4.3834	-7.52677
Q1040R_C	435	0.479452054795	0.526315789474	0.462962962963	2.54741	-4.35674	-7.19576
H1093T_C	443	0.465753424658	0.526315789474	0.444444444444	3.06598	-3.5677	-6.30064
M87I_A	454	0.441558441558	0.4	0.446043165468	2.7848	1.49982	-23.1659
E122R_A	468	0.435064935065	0.4375	0.434782608696	1.76817	1.17113	-25.2227
E1033F_C	481	0.452054794521	0.5	0.436363636364	1.58431	-3.38317	-6.0739
G101C_A	495	0.422077922078	0.4	0.424460431655	1.4616	1.32922	-24.4705
L10M_A	511	0.415584415584	0.4	0.41726618705	1.4889	1.58526	-25.1277
I1088N_C	517	0.424657534247	0.444444444444	0.418181818182	1.99048	-2.92332	-7.40721
S1029Q_C	525	0.397260273973	0.368421052632	0.407407407407	1.90086	-2.99446	-8.83832
C93W_A	533	0.396103896104	0.4375	0.391304347826	2.31207	0.811223	-24.893
P69R_A	539	0.38961038961	0.4375	0.384057971014	2.14585	0.814451	-23.8224
N1088Q_C	551	0.369863013699	0.315789473684	0.388888888889	3.04937	-3.48301	-7.75664
V51S_A	560	0.38961038961	0.4375	0.384057971014	3.20373	0.680271	-24.9264
E5I_A	570	0.38961038961	0.4375	0.384057971014	3.31096	0.62208	-24.7912
A1047H_C	583	0.369863013699	0.315789473684	0.388888888889	3.31593	-3.79317	-6.67247
C115M_A	592	0.383116883117	0.4375	0.376811594203	3.37265	0.646868	-27.8601
P52A_A	599	0.376623376623	0.375	0.376811594203	2.99065	1.00365	-26.6085
E1034F_C	609	0.328767123288	0.315789473684	0.333333333333	2.8341	-3.32366	-7.5042
Q67Y_A	621	0.363636363636	0.375	0.36231884058	2.76456	0.848515	-24.5446
S114K_A	630	0.363636363636	0.375	0.36231884058	2.68342	0.76817	-25.506
L148K_A	637	0.363636363636	0.375	0.36231884058	2.69767	0.77685	-24.1149
S156R_A	651	0.357142857143	0.3125	0.36231884058	2.44536	0.0698359	-25.4485
C109P_A	658	0.357142857143	0.3125	0.36231884058	2.39338	0.267086	-27.8215
V62C_A	664	0.344155844156	0.3125	0.347826086957	2.66406	0.482228	-24.79
K1077V_C	672	0.315068493151	0.315789473684	0.314814814815	2.66167	-3.28073	-6.92433
W1073K_C	678	0.315068493151	0.315789473684	0.314814814815	3.01405	-3.30002	-7.63648
N1047W_C	693	0.315068493151	0.315789473684	0.314814814815	3.02342	-2.83487	-9.36279
N71Y_A	702	0.337662337662	0.333333333333	0.338235294118	3.13737	3.42875	-26.1256
Q1056V_C	711	0.287671232877	0.235294117647	0.303571428571	2.93675	-1.77368	-5.88379
K1086R_C	719	0.287671232877	0.235294117647	0.303571428571	2.70203	-0.39453	-5.89915
T25N_A	726	0.331168831169	0.294117647059	0.335766423358	3.4235	4.14681	-27.0494
M57V_A	733	0.337662337662	0.294117647059	0.343065693431	3.34341	4.27244	-24.6362
Y71L_A	754	0.337662337662	0.294117647059	0.343065693431	3.3477	4.23575	-24.9405
M130C_A	772	0.324675324675	0.294117647059	0.328467153285	3.34967	4.22899	-23.8732
N25K_A	781	0.324675324675	0.333333333333	0.323529411765	2.7143	3.69872	-25.0642
V1077T_C	790	0.27397260274	0.235294117647	0.285714285714	2.65761	-2.83128	-8.56958
I1087D_C	795	0.287671232877	0.294117647059	0.285714285714	3.46974	-5.71071	-7.63456
E131P_A	819	0.311688311688	0.380952380952	0.300751879699	3.41761	3.22374	-24.721
P21W_A	827	0.298701298701	0.333333333333	0.293233082707	3.21936	3.31019	-24.701
M18C_A	842	0.298701298701	0.333333333333	0.293233082707	3.36231	3.4184	-25.3754
M32I_A	850	0.298701298701	0.333333333333	0.293233082707	3.30856	3.43147	-24.2772
I1061D_C	863	0.342465753425	0.294117647059	0.357142857143	3.18074	-7.54268	-7.73798
F1040E_C	875	0.342465753425	0.294117647059	0.357142857143	2.89076	-7.31388	-7.05813
C62N_A	892	0.292207792208	0.1875	0.304347826087	2.82168	3.33168	-24.9685
C17K_A	902	0.285714285714	0.1875	0.297101449275	1.36695	1.52232	-24.7474
H1042C_C	916	0.328767123288	0.315789473684	0.333333333333	1.36608	-5.74844	-6.96454
F124I_A	928	0.279220779221	0.1875	0.289855072464	1.26647	1.52399	-24.4447
C135D_A	942	0.279220779221	0.176470588235	0.29197080292	1.31778	1.52399	-25.3373
D1068F_C	951	0.315068493151	0.263157894737	0.333333333333	1.448	-7.08423	-9.42469
F31Y_A	960	0.279220779221	0.166666666667	0.294117647059	1.43844	2.45377	-24.3542
Y137M_A	972	0.272727272727	0.0588235294118	0.299270072993	1.12064	2.49954	-26.519
I32N_A	981	0.266233766234	0.0588235294118	0.29197080292	1.46067	2.51117	-25.2083
R3P_A	988	0.266233766234	0.0588235294118	0.29197080292	1.19034	2.54914	-26.6443
K32M_A	997	0.266233766234	0.0588235294118	0.29197080292	1.18625	2.53717	-29.115
