name	count	evolved_interaction	ancestral_interaction	stability
S89Q.pdb_A	1	-10.4774	-10.5197	-25.2664
K71N.pdb_A	6	-10.7567	-10.9173	-22.888
Q1095G.pdb_C	12	-10.5987	-10.2871	-8.01282
Y82V.pdb_A	18	-10.6114	-10.7267	-22.3755
D102M.pdb_A	23	-10.6176	-10.6886	-19.6094
L1063A.pdb_C	30	-10.7873	-10.2886	-6.36316
N1086K.pdb_C	45	-11.3212	-11.138	-3.8086
N85M.pdb_A	62	-11.3508	-8.98624	-7.2087
R1071C.pdb_C	75	-11.3527	-11.1312	-5.67122
K1058R.pdb_C	81	-11.566	-10.9142	-3.13325
D121Y.pdb_A	96	-11.6026	-9.06662	-8.74075
M102S.pdb_A	104	-11.1989	-8.54801	-7.0177
K1038C.pdb_C	112	-11.216	-11.2208	-4.23069
K76V.pdb_A	122	-11.2439	-9.04184	-7.78319
T1034Q.pdb_C	131	-11.2979	-10.9418	-4.52483
A32S.pdb_A	149	-10.964	-8.73255	-7.08599
A142S.pdb_A	164	-10.7783	-8.74577	-8.3797
R1093L.pdb_C	176	-10.7919	-10.7123	-3.11546
S32Q.pdb_A	186	-10.7784	-8.68417	-8.35823
Q7A.pdb_A	194	-10.8321	-8.72223	-7.34599
H20K.pdb_A	202	-10.8709	-8.49412	-7.46125
E1094R.pdb_C	224	-10.9177	-11.1008	-3.60199
Q149W.pdb_A	234	-10.9175	-8.42437	-7.88718
K1027V.pdb_C	245	-10.8125	-10.0869	-4.79402
P88Y.pdb_A	255	-11.3464	-10.4052	-6.71392
P116R.pdb_A	264	-11.4764	-10.601	-9.9927
S127G.pdb_A	272	-11.5238	-10.609	-7.41825
G1044I.pdb_C	283	-10.7306	-9.92968	-3.55067
K1062M.pdb_C	296	-10.6064	-9.92581	-2.84732
W14A.pdb_A	307	-10.5071	-11.065	-6.59526
V62L.pdb_A	323	-10.5002	-10.6684	-8.03719
T91E.pdb_A	330	-10.4891	-10.6653	-7.66458
Y19M.pdb_A	336	-10.3968	-10.5616	-7.50642
N1073V.pdb_C	347	-10.4005	-9.95102	-4.54894
Q36N.pdb_A	355	-10.3995	-10.5424	-6.88706
E133N.pdb_A	367	-10.3886	-10.8813	-8.6809
K48D.pdb_A	374	-10.3183	-11.0302	-9.28817
N133T.pdb_A	388	-10.3257	-11.0228	-6.41564
P126D.pdb_A	400	-10.6168	-11.0266	-8.56238
L66G.pdb_A	405	-10.7015	-11.0552	-6.80557
N59W.pdb_A	418	-10.6447	-11.0813	-6.59558
E131C.pdb_A	427	-10.6148	-11.074	-7.03831
Q32T.pdb_A	438	-10.6142	-11.419	-7.45989
F1052L.pdb_C	445	-10.4785	-9.92783	-3.7122
R35H.pdb_A	455	-10.4612	-11.1754	-6.32363
D145I.pdb_A	466	-10.4816	-10.6636	-10.7688
Y54K.pdb_A	474	-10.5854	-10.3403	-11.0253
T32H.pdb_A	485	-10.6348	-10.3157	-7.82537
Q150A.pdb_A	497	-10.5612	-10.7072	-7.9441
W59T.pdb_A	505	-10.4729	-10.2793	-9.59482
D79F.pdb_A	514	-10.4612	-10.2744	-8.38497
S89D.pdb_A	529	-10.4554	-10.2854	-8.00875
C135T.pdb_A	542	-12.1334	-11.9757	-10.9923
R10I.pdb_A	549	-12.2071	-11.9999	-8.33097
D48T.pdb_A	555	-11.5123	-10.4899	-9.70229
G118T.pdb_A	570	-11.495	-10.6507	-7.35526
V12N.pdb_A	581	-12.9807	-9.97538	-6.95474
A6L.pdb_A	586	-13.074	-10.1985	-7.43176
D89Q.pdb_A	595	-13.13	-9.95036	-7.13139
G1095R.pdb_C	600	-14.2933	-10.3398	-2.64604
G55Y.pdb_A	610	-11.7894	-10.6821	-5.67024
P128M.pdb_A	620	-11.7448	-10.591	-6.05652
T118Q.pdb_A	636	-11.7846	-10.591	-6.0003
T1063A.pdb_C	647	-11.1867	-7.53521	-3.90753
C29R.pdb_A	666	-11.2043	-10.8713	-6.21837
A114F.pdb_A	682	-11.2844	-10.9118	-6.46046
Y124W.pdb_A	691	-11.3046	-10.9169	-7.05383
N67P.pdb_A	703	-11.1924	-10.8264	-6.9286
Q101Y.pdb_A	714	-10.837	-10.7749	-6.56136
L6R.pdb_A	721	-10.784	-10.8202	-6.02638
S136L.pdb_A	733	-10.7985	-10.7948	-5.71962
A1063S.pdb_C	747	-10.8568	-6.44187	-6.7775
D143A.pdb_A	756	-10.8568	-10.8174	-5.77014
R29V.pdb_A	772	-10.8315	-10.3496	-6.03821
T1075K.pdb_C	779	-10.8301	-6.42817	-6.51126
E106T.pdb_A	790	-10.8396	-10.8972	-6.85766
C36I.pdb_A	797	-10.7681	-10.713	-8.95394
F78P.pdb_A	809	-11.5594	-10.6822	-7.40258
D1077L.pdb_C	818	-12.3354	-7.79815	-3.71045
M108W.pdb_A	832	-12.3754	-10.7678	-7.24997
N1074E.pdb_C	838	-11.7086	-4.7843	-6.74577
L1036Y.pdb_C	846	-11.7251	-4.96743	-6.89268
E67W.pdb_A	852	-11.7618	-11.1759	-7.59767
H1033K.pdb_C	862	-11.104	-4.757	-7.6699
S1082T.pdb_C	871	-10.8959	-4.71275	-5.48906
M1062H.pdb_C	877	-10.5355	-4.9559	-4.17057
C101F.pdb_A	890	-10.5372	-10.6438	-8.93555
M70S.pdb_A	897	-10.5423	-10.6509	-8.18318
R149V.pdb_A	913	-10.5057	-10.5947	-6.79806
L136N.pdb_A	927	-10.4516	-10.5475	-6.27113
Y5M.pdb_A	936	-10.3992	-10.5575	-7.19855
I92V.pdb_A	948	-10.7659	-10.6047	-6.68537
D1051W.pdb_C	959	-10.7882	-5.00322	-8.43168
S1049K.pdb_C	966	-11.2497	-5.17011	-8.51701
Y1067W.pdb_C	980	-11.8957	-6.09953	-5.88368
G1074H.pdb_C	991	-12.0903	-5.75797	-3.32318
M1041E.pdb_C	997	-12.1366	-5.84113	-3.912
