name	count	evolved_interaction	ancestral_interaction	stability
Y64G.pdb_A	1	-10.482	-10.5224	-21.3169
R1055C.pdb_C	8	-10.508	-10.4943	-5.49149
L1066Y.pdb_C	13	-10.4538	-10.3825	-5.49068
A1051N.pdb_C	19	-10.4228	-10.3463	-3.58519
T61W.pdb_A	29	-10.3429	-10.5867	-19.6914
N1051W.pdb_C	35	-10.3412	-10.2865	-4.33254
F137H.pdb_A	42	-10.3686	-10.6273	-13.1529
K74M.pdb_A	49	-10.3477	-10.5979	-9.19581
N126Y.pdb_A	57	-10.3792	-10.6273	-8.44267
S35T.pdb_A	66	-10.3679	-10.6144	-9.64671
K1054A.pdb_C	77	-10.4463	-10.3337	-3.25398
L114A.pdb_A	88	-10.4061	-10.6228	-7.07953
R139A.pdb_A	105	-10.3945	-10.6172	-9.68131
D1086C.pdb_C	111	-10.8505	-8.39472	-4.50865
K14I.pdb_A	117	-10.5345	-9.63023	-7.57113
E99T.pdb_A	128	-10.539	-9.6211	-5.22565
P1044G.pdb_C	135	-10.5535	-8.41485	-2.59674
R1063Q.pdb_C	157	-10.506	-8.36241	-2.43965
L9V.pdb_A	171	-11.9051	-9.55719	-4.24418
A114S.pdb_A	190	-11.986	-9.61251	-5.6154
S114T.pdb_A	198	-12.0145	-9.59236	-5.02697
A1074W.pdb_C	208	-12.019	-9.96924	-2.65216
K30F.pdb_A	226	-11.7014	-9.26693	-4.75293
E148A.pdb_A	238	-11.9568	-9.26181	-6.20337
E143M.pdb_A	243	-11.6115	-10.366	-12.2527
W104E.pdb_A	250	-11.2788	-10.0419	-11.3898
K1093F.pdb_C	255	-11.243	-9.62423	-3.18947
K1041G.pdb_C	262	-11.4649	-12.0124	-2.44439
C124G.pdb_A	269	-11.7449	-10.6383	-6.63381
N1075K.pdb_C	282	-11.7844	-12.0128	-2.47438
R70Q.pdb_A	289	-11.7744	-10.5003	-7.14895
Y105H.pdb_A	297	-12.0147	-10.5269	-6.07609
C1086T.pdb_C	308	-11.9805	-9.85272	-2.86044
K116R.pdb_A	315	-11.9973	-10.4025	-7.47895
N121A.pdb_A	325	-11.23	-9.09277	-5.40209
S129G.pdb_A	332	-11.2292	-8.94314	-6.5999
R116P.pdb_A	338	-11.4576	-9.09656	-5.56977
M143H.pdb_A	345	-11.4319	-9.09656	-6.66724
N1055M.pdb_C	352	-11.3633	-9.59941	-5.70805
L150Y.pdb_A	357	-11.2165	-10.0566	-5.50724
F145I.pdb_A	371	-11.0703	-9.9514	-4.85806
T135K.pdb_A	383	-11.1036	-9.95146	-6.38238
A1093S.pdb_C	390	-11.0552	-9.47776	-4.31385
Y150K.pdb_A	396	-10.9882	-9.83959	-8.51413
S136N.pdb_A	402	-11.0076	-9.75897	-11.51
G1044C.pdb_C	408	-11.0948	-11.5037	-3.56619
Q70H.pdb_A	413	-11.1079	-9.50652	-14.683
R35Q.pdb_A	418	-10.9767	-9.28954	-10.1883
Y1071L.pdb_C	424	-10.9612	-11.5123	-4.75171
Q1056R.pdb_C	436	-11.1825	-11.5198	-3.70806
R1056I.pdb_C	448	-11.0558	-11.3666	-3.0238
L1080E.pdb_C	460	-10.8237	-11.4492	-3.00275
E1025I.pdb_C	476	-10.7725	-11.3519	-2.69772
F1043L.pdb_C	484	-10.767	-11.3844	-3.0022
K10A.pdb_A	494	-10.8625	-8.93878	-5.29984
H150K.pdb_A	504	-10.7706	-8.94889	-5.58503
L51Q.pdb_A	513	-10.4197	-8.55282	-5.50233
T1070A.pdb_C	530	-10.4478	-11.2454	-2.31097
R1060P.pdb_C	545	-10.4936	-11.2492	-3.96905
L1043F.pdb_C	552	-10.4885	-11.2491	-3.8129
T138F.pdb_A	558	-10.4795	-8.57448	-5.01891
G101A.pdb_A	568	-10.4439	-8.53746	-4.75435
I154A.pdb_A	580	-10.4316	-8.72008	-5.48863
R146A.pdb_A	593	-10.6581	-8.48391	-5.3823
Y1095M.pdb_C	602	-10.7584	-11.862	-5.84725
R1051A.pdb_C	610	-10.8133	-12.0348	-4.76944
I102L.pdb_A	621	-11.0484	-9.42036	-7.26071
Y89A.pdb_A	633	-13.1237	-10.5548	-7.58869
A1091S.pdb_C	656	-13.108	-11.9826	-4.70524
G1080Y.pdb_C	665	-13.048	-11.9411	-2.68171
E57H.pdb_A	674	-13.0871	-11.0235	-9.22162
S133Q.pdb_A	684	-13.0777	-10.9194	-6.21295
A117M.pdb_A	696	-12.6284	-11.0733	-6.98928
K156Y.pdb_A	708	-13.7206	-10.9747	-7.10713
W99C.pdb_A	716	-12.5705	-10.7376	-8.00582
S1032H.pdb_C	726	-10.6461	-9.629	-2.5594
C3Q.pdb_A	738	-10.4681	-11.449	-6.84983
A1095Q.pdb_C	749	-10.4155	-9.22405	-3.44951
I14W.pdb_A	758	-10.4677	-11.3718	-6.24708
R39G.pdb_A	773	-10.5708	-11.3305	-6.42694
E1042F.pdb_C	782	-10.5686	-8.9277	-6.60981
M114A.pdb_A	806	-10.6824	-11.2111	-6.28182
H1023T.pdb_C	819	-10.8574	-8.95807	-5.76266
F1043G.pdb_C	830	-10.8465	-8.95324	-4.23964
I148M.pdb_A	836	-10.8405	-11.3649	-7.51052
M103K.pdb_A	845	-10.8255	-11.3658	-6.52745
I30D.pdb_A	851	-11.1336	-11.3828	-6.82843
Y155W.pdb_A	857	-10.5521	-11.2084	-7.57591
Y132Q.pdb_A	867	-10.5953	-10.5114	-7.42952
H143W.pdb_A	880	-10.7378	-11.0095	-7.47383
K141A.pdb_A	887	-10.7413	-11.0086	-8.26592
S136Q.pdb_A	909	-10.4065	-10.9206	-5.97892
E1040R.pdb_C	934	-10.388	-9.12165	-2.09399
G5W.pdb_A	948	-10.3912	-10.8941	-7.03862
M66Q.pdb_A	954	-10.4351	-10.8743	-8.10749
Y68G.pdb_A	965	-10.6462	-10.8574	-7.62271
K1027R.pdb_C	977	-10.617	-8.2442	-2.67723
C1066L.pdb_C	992	-11.0284	-8.17371	-5.78251
E63A.pdb_A	997	-11.0342	-12.3803	-9.17154
