name	count	evolved_interaction	ancestral_interaction	stability
Y87F.pdb_A	1	-10.4993	-10.5243	-26.0761
K1054G.pdb_C	7	-10.4265	-10.4245	-7.34319
L94G.pdb_A	17	-10.5395	-10.6134	-13.0862
T1077G.pdb_C	28	-10.5307	-10.4506	-5.21433
A32L.pdb_A	40	-10.5171	-10.6096	-8.61288
A1091S.pdb_C	49	-11.0879	-11.0475	-5.26602
D150R.pdb_A	55	-11.1014	-10.6119	-10.4842
F137C.pdb_A	64	-11.1281	-10.6286	-8.11422
P123E.pdb_A	73	-11.0025	-10.5474	-7.28701
M126H.pdb_A	83	-10.999	-10.5425	-7.3626
Q7Y.pdb_A	94	-10.9381	-10.492	-7.5917
A129S.pdb_A	105	-11.1969	-10.4408	-7.39289
G70E.pdb_A	115	-11.2143	-10.4964	-9.39074
R1046S.pdb_C	122	-11.1956	-11.2792	-2.88338
G74C.pdb_A	132	-11.0919	-10.5008	-7.88916
P132Y.pdb_A	147	-10.6585	-10.648	-6.67733
G1059V.pdb_C	163	-10.6567	-11.0288	-5.71883
I149H.pdb_A	174	-10.9802	-10.6874	-6.98556
L109M.pdb_A	183	-10.978	-10.6923	-7.94421
A1034W.pdb_C	194	-10.9219	-11.2867	-4.09722
E11S.pdb_A	202	-11.0956	-10.8382	-7.49792
S1062A.pdb_C	215	-11.1964	-11.4435	-5.07524
D145G.pdb_A	232	-11.09	-10.8395	-6.62449
Y1056T.pdb_C	248	-11.0366	-11.2769	-2.72371
L32M.pdb_A	260	-11.8451	-10.8213	-7.46892
R1093E.pdb_C	271	-11.5389	-11.19	-3.62324
Q10C.pdb_A	280	-11.5478	-10.8531	-8.50267
L1045M.pdb_C	288	-11.5553	-11.19	-2.49585
N1077G.pdb_C	298	-11.3864	-11.054	-5.67446
T1080P.pdb_C	311	-11.7013	-9.19465	-7.2083
L6A.pdb_A	322	-11.7003	-10.4925	-7.91979
V61L.pdb_A	329	-11.5736	-10.4895	-7.75877
Y24I.pdb_A	337	-11.8672	-10.1241	-9.37062
K52S.pdb_A	342	-11.6386	-9.23126	-8.12922
Y132L.pdb_A	348	-11.621	-9.22726	-6.64333
H126R.pdb_A	355	-12.0433	-10.1823	-6.86029
L9W.pdb_A	360	-11.0514	-10.1345	-7.4153
M1060W.pdb_C	367	-10.8745	-6.02344	-5.33768
S89K.pdb_A	379	-11.2739	-10.1501	-5.70397
A1066Y.pdb_C	390	-11.1801	-6.50651	-4.36059
M1055T.pdb_C	397	-10.7951	-6.08382	-3.31546
V93W.pdb_A	411	-10.7542	-10.0054	-5.45606
S30P.pdb_A	428	-10.6651	-9.99763	-6.04318
W1060T.pdb_C	436	-10.6286	-5.94098	-2.99372
E70N.pdb_A	451	-10.6331	-10.0097	-6.74263
T1031Y.pdb_C	469	-11.8448	-7.11746	-4.19631
E130M.pdb_A	476	-10.563	-10.0062	-8.01752
V10S.pdb_A	483	-10.7709	-10.0176	-7.63896
S122H.pdb_A	489	-10.6812	-9.2844	-8.01848
M1061W.pdb_C	501	-10.6541	-5.21342	-3.8444
K48L.pdb_A	508	-10.5973	-7.77553	-7.32525
L107M.pdb_A	522	-11.4698	-7.81315	-7.14074
H150A.pdb_A	529	-11.4103	-7.74463	-7.9468
M1032Y.pdb_C	537	-11.8318	-4.45522	-4.85186
E123V.pdb_A	547	-12.3498	-7.14263	-8.57584
G94M.pdb_A	555	-11.9226	-6.64212	-10.6906
W66M.pdb_A	562	-11.5451	-5.99762	-6.55663
A67E.pdb_A	585	-11.581	-5.99745	-7.86375
D1084G.pdb_C	592	-10.8319	-7.52234	-5.35307
H27R.pdb_A	598	-10.498	-6.2543	-7.90815
T133W.pdb_A	609	-10.7329	-6.46797	-6.98904
G1077E.pdb_C	619	-10.941	-7.46754	-4.62852
K147H.pdb_A	626	-10.9348	-7.89882	-8.33313
K57F.pdb_A	633	-11.1929	-7.10332	-10.8384
S1093N.pdb_C	642	-11.2956	-7.45391	-1.8784
W1047M.pdb_C	651	-10.7339	-6.58475	-2.75102
C138Q.pdb_A	663	-10.7286	-7.14498	-6.49508
K40E.pdb_A	674	-10.9066	-6.91901	-6.90339
G1074M.pdb_C	690	-11.9292	-10.3424	-2.4057
C134M.pdb_A	701	-11.8072	-7.08941	-7.56576
D1062Y.pdb_C	707	-11.8672	-9.34665	-3.88168
D106R.pdb_A	724	-11.4921	-7.28767	-7.68954
L48Y.pdb_A	735	-11.5773	-9.12625	-6.87817
N1084M.pdb_C	756	-12.7496	-10.3732	-2.87308
T1055Q.pdb_C	776	-11.3361	-9.49279	-3.94448
L89A.pdb_A	789	-12.992	-9.08342	-6.87095
Y135E.pdb_A	801	-13.0677	-9.1137	-8.19515
K145Y.pdb_A	814	-12.9965	-9.4722	-7.15872
I1072L.pdb_C	823	-12.9878	-9.0134	-2.80629
Y1038R.pdb_C	834	-13.0189	-8.84768	-2.92499
Y1079K.pdb_C	843	-13.0602	-8.96697	-3.13606
F1056T.pdb_C	854	-13.3211	-9.51082	-2.94243
I12W.pdb_A	862	-13.3456	-9.43188	-8.8691
T88W.pdb_A	868	-13.3525	-9.43853	-9.39562
R35L.pdb_A	874	-13.9018	-10.2504	-7.89236
T1091E.pdb_C	886	-13.8438	-10.3092	-4.16531
E1050H.pdb_C	904	-11.6931	-7.52997	-3.35673
H147M.pdb_A	915	-11.54	-10.5351	-8.43098
V152F.pdb_A	922	-11.5157	-10.9202	-6.62007
I149T.pdb_A	928	-11.5495	-10.8805	-7.0288
N98F.pdb_A	943	-11.5037	-8.94014	-8.32162
M96V.pdb_A	953	-11.5095	-8.99673	-7.44921
L1076F.pdb_C	964	-11.5326	-6.14765	-3.11821
Y146V.pdb_A	973	-11.4941	-8.99703	-6.58054
Y1052D.pdb_C	988	-11.5208	-7.4045	-1.58851
Y145F.pdb_A	996	-11.5406	-10.1418	-6.91585
