name	count	evolved_interaction	ancestral_interaction	stability
N52S.pdb_A	1	-10.4946	-10.5196	-26.5578
N124H.pdb_A	10	-11.2525	-10.9451	-17.7688
E1094R.pdb_C	16	-11.1164	-11.4298	-7.98398
R1055Y.pdb_C	23	-10.6432	-11.3842	-7.0555
C93V.pdb_A	30	-10.5278	-10.2055	-19.3021
Q153P.pdb_A	37	-10.776	-10.2112	-11.3033
H1023N.pdb_C	48	-10.9677	-11.078	-4.37667
R1047W.pdb_C	59	-11.3415	-12.1382	-4.18146
T1042P.pdb_C	69	-12.0907	-12.7079	-4.09486
V1028F.pdb_C	77	-11.9935	-11.8406	-3.51799
T61L.pdb_A	83	-11.9288	-10.2742	-9.4494
G146K.pdb_A	94	-10.676	-10.4632	-9.09663
A1091R.pdb_C	102	-10.6448	-10.3428	-3.60656
M39N.pdb_A	113	-10.9934	-10.8454	-7.48477
E53C.pdb_A	119	-10.9898	-10.8296	-9.84182
C1085M.pdb_C	132	-11.486	-10.3852	-3.5715
L140N.pdb_A	142	-10.6396	-11.23	-8.39411
Q151E.pdb_A	151	-10.4709	-11.1855	-7.74491
N1025K.pdb_C	162	-10.4808	-10.1285	-7.2322
R1091K.pdb_C	169	-10.7888	-10.1146	-10.1921
I1094M.pdb_C	175	-10.9034	-10.1899	-8.37578
Y155F.pdb_A	186	-10.8802	-11.4244	-7.53683
H124M.pdb_A	194	-10.7089	-11.3469	-8.74404
I107K.pdb_A	207	-10.6999	-11.3076	-6.86268
H111E.pdb_A	228	-10.4425	-11.0495	-8.08465
S70E.pdb_A	238	-10.8093	-11.5379	-7.02571
P49A.pdb_A	250	-11.2999	-11.1286	-8.01512
E143M.pdb_A	260	-11.3179	-11.1012	-7.9243
E99V.pdb_A	269	-11.2857	-11.0293	-6.92796
M1060I.pdb_C	284	-11.2296	-11.2317	-2.77408
S1055K.pdb_C	313	-10.6987	-7.32061	-4.22947
K107R.pdb_A	322	-10.5929	-11.0761	-7.63112
K1055Q.pdb_C	331	-10.6682	-7.30503	-3.42781
E111T.pdb_A	338	-10.6488	-11.0845	-6.29592
S142C.pdb_A	350	-10.6387	-11.1243	-6.17422
G56A.pdb_A	358	-10.6956	-11.1932	-7.51507
K147T.pdb_A	364	-10.4437	-11.1858	-6.46605
E1077P.pdb_C	379	-10.3757	-6.87663	-8.10481
G52W.pdb_A	386	-10.3436	-11.1552	-9.15294
N1085H.pdb_C	393	-10.3817	-6.85528	-7.0438
N39Q.pdb_A	400	-10.4589	-11.1967	-9.73819
N1023T.pdb_C	410	-10.3459	-6.7562	-3.09519
Q76C.pdb_A	422	-10.402	-11.2202	-7.08818
G1074E.pdb_C	433	-10.4258	-6.75987	-5.07472
Q1093T.pdb_C	443	-10.4256	-6.75901	-4.27949
A49P.pdb_A	452	-10.4249	-11.1199	-9.20693
M118F.pdb_A	460	-10.4096	-11.3599	-8.17555
A1033C.pdb_C	469	-10.4489	-6.79442	-3.72754
N67W.pdb_A	475	-10.4677	-11.4363	-6.89502
I12M.pdb_A	491	-10.49	-11.1039	-7.2738
F83T.pdb_A	501	-10.4697	-10.8709	-6.58074
Y80L.pdb_A	510	-10.4733	-10.8646	-6.2884
A100D.pdb_A	526	-11.0086	-10.8786	-6.63561
D1061S.pdb_C	534	-10.7802	-5.68986	-2.79024
E1067D.pdb_C	546	-10.7621	-7.05096	-2.80405
T147W.pdb_A	562	-12.3108	-11.6312	-9.29486
Q39H.pdb_A	568	-11.869	-11.5439	-7.8233
H1092E.pdb_C	574	-11.4935	-7.02393	-3.72653
S1061M.pdb_C	583	-11.5581	-7.20161	-3.72184
I1066G.pdb_C	592	-10.8498	-6.01175	-2.74086
A106F.pdb_A	606	-10.8117	-10.8068	-7.15456
Y1040W.pdb_C	621	-10.7973	-5.61398	-2.03238
D73E.pdb_A	633	-10.7328	-10.9673	-7.78794
N98T.pdb_A	640	-10.7381	-10.7505	-7.6566
S136A.pdb_A	653	-10.6899	-10.6785	-7.35099
W106L.pdb_A	664	-10.785	-10.6669	-6.98288
Q124R.pdb_A	679	-10.8143	-10.8875	-6.76142
L14K.pdb_A	691	-10.8586	-10.9976	-6.35087
Q145V.pdb_A	706	-10.8733	-10.6619	-6.35184
D48Q.pdb_A	716	-11.041	-11.0663	-7.64986
Y19R.pdb_A	723	-12.2422	-11.2138	-7.23846
P128W.pdb_A	728	-12.1679	-11.1331	-7.2889
S117A.pdb_A	737	-11.3851	-11.1341	-8.03388
G1066R.pdb_C	743	-11.6055	-6.19662	-5.23752
F141V.pdb_A	752	-11.5891	-10.991	-6.61284
E73G.pdb_A	762	-10.8062	-10.997	-6.27113
N1045M.pdb_C	782	-10.8855	-5.02878	-2.83232
H18Y.pdb_A	789	-10.4392	-10.3317	-9.0869
Y18F.pdb_A	804	-10.8119	-10.472	-6.63329
K40F.pdb_A	814	-10.795	-10.3259	-7.57798
M3C.pdb_A	824	-10.796	-10.3259	-5.97618
K1057H.pdb_C	836	-11.048	-5.52317	-4.09684
Y82F.pdb_A	847	-11.048	-10.3259	-6.73742
L1061F.pdb_C	863	-10.9628	-5.52313	-2.43551
C1059D.pdb_C	879	-10.6845	-5.45073	-2.92535
Y54E.pdb_A	886	-10.6789	-9.9216	-8.01091
Y27H.pdb_A	900	-10.4267	-9.67358	-5.96976
Y80G.pdb_A	910	-10.4084	-9.67358	-11.9288
F57I.pdb_A	919	-10.4909	-9.4319	-6.23004
T1093Q.pdb_C	932	-10.4351	-5.31001	-5.54589
C3Q.pdb_A	942	-10.474	-9.46077	-6.77438
E1043K.pdb_C	953	-10.4498	-5.37007	-8.87582
Q48M.pdb_A	967	-11.0508	-9.45597	-6.82707
T136N.pdb_A	978	-10.7884	-9.46205	-7.9423
Y115S.pdb_A	984	-10.7884	-9.42287	-10.6549
G73F.pdb_A	996	-10.7962	-9.41061	-7.71763
