name	count	evolved_interaction	ancestral_interaction	stability
H83E.pdb_A	1	-10.4946	-10.5181	-21.9283
T1043Q.pdb_C	6	-10.6631	-10.6475	-9.42071
I96M.pdb_A	15	-10.6301	-10.5482	-8.35374
I77S.pdb_A	23	-10.799	-10.6852	-7.01567
R1071I.pdb_C	37	-10.7954	-10.602	-6.28678
H1023E.pdb_C	57	-10.651	-10.4287	-3.5698
I1071K.pdb_C	69	-12.6634	-12.9897	-5.88878
R1093P.pdb_C	83	-12.7074	-12.9995	-2.8313
S1033D.pdb_C	93	-12.0808	-12.3345	-3.759
I1024L.pdb_C	102	-11.9441	-12.3225	-2.69405
Y144A.pdb_A	109	-11.8886	-11.0421	-8.60103
G3K.pdb_A	119	-11.9547	-11.0529	-7.65725
R1034S.pdb_C	127	-11.6953	-11.1716	-3.94536
L149A.pdb_A	140	-11.5658	-10.9874	-7.46966
S1032M.pdb_C	153	-10.9937	-10.5384	-3.28201
E1059L.pdb_C	161	-11.0029	-10.4492	-2.80998
F137Y.pdb_A	172	-11.0144	-10.6702	-6.97015
R139V.pdb_A	181	-10.6847	-10.3254	-6.84918
L1025R.pdb_C	193	-11.0702	-11.2365	-3.59854
I1039F.pdb_C	200	-11.0639	-11.3492	-3.58262
Y42N.pdb_A	211	-10.6259	-9.7764	-6.99964
M1060E.pdb_C	222	-10.9349	-11.6347	-2.4574
N1086K.pdb_C	238	-10.8644	-11.706	-3.61395
R1025P.pdb_C	245	-10.8205	-11.7706	-2.37547
K147E.pdb_A	259	-10.8601	-9.75238	-6.82004
D1071C.pdb_C	271	-10.9641	-11.8638	-4.44299
G44V.pdb_A	285	-11.915	-10.8718	-6.65816
T108L.pdb_A	300	-12.2282	-10.4703	-7.41181
E143I.pdb_A	312	-11.1762	-10.4702	-7.59624
K153F.pdb_A	325	-11.1929	-10.4494	-9.76455
G1084N.pdb_C	332	-11.5315	-10.826	-3.04489
K3I.pdb_A	339	-11.2115	-10.4569	-7.38275
I143S.pdb_A	346	-11.2145	-10.4542	-7.47175
W149C.pdb_A	357	-10.9756	-10.457	-7.12733
I60M.pdb_A	377	-10.9892	-10.3014	-9.44041
Q130K.pdb_A	385	-10.7876	-10.3047	-7.87598
E1046D.pdb_C	396	-10.907	-11.303	-2.21918
Q111F.pdb_A	405	-11.0309	-10.8411	-7.85337
V128S.pdb_A	429	-11.1796	-10.8406	-7.42581
C146K.pdb_A	440	-10.6466	-10.1577	-8.49031
K141M.pdb_A	447	-10.5985	-10.0693	-7.67069
A32E.pdb_A	461	-10.661	-10.1152	-7.76328
V7G.pdb_A	478	-10.5261	-10.0586	-6.75151
D33N.pdb_A	502	-10.5751	-10.1369	-7.53489
Q1026V.pdb_C	513	-10.5891	-11.3181	-3.37952
A156V.pdb_A	531	-10.5445	-10.1172	-6.5598
K130S.pdb_A	546	-10.5101	-9.74028	-7.03503
D11N.pdb_A	558	-10.5708	-9.77586	-7.14458
T143W.pdb_A	576	-10.479	-9.70348	-8.18909
S1095K.pdb_C	592	-10.58	-11.3606	-4.72094
S95K.pdb_A	601	-10.984	-10.2842	-9.51596
T1042K.pdb_C	608	-11.638	-11.371	-5.42885
C5A.pdb_A	627	-11.7009	-10.9564	-6.95526
V1034T.pdb_C	635	-10.8	-11.0874	-2.54714
I106L.pdb_A	647	-10.5742	-11.4057	-6.57805
Y155R.pdb_A	664	-10.5303	-10.9829	-7.00524
N1061V.pdb_C	672	-10.5354	-8.96753	-4.40569
E1029L.pdb_C	684	-10.6848	-9.86326	-5.43
L1063G.pdb_C	700	-10.8039	-9.79396	-2.35232
V57G.pdb_A	713	-10.9372	-11.1384	-7.05325
K146H.pdb_A	722	-11.0465	-10.9749	-6.35851
Q1043A.pdb_C	733	-11.0391	-8.93403	-5.3163
W70Y.pdb_A	741	-11.0464	-10.979	-7.77502
P32R.pdb_A	747	-11.1697	-11.2779	-12.7338
A18S.pdb_A	752	-11.2223	-11.665	-7.80896
S63E.pdb_A	759	-11.2656	-11.5372	-9.47712
Q132N.pdb_A	767	-11.2623	-11.1038	-8.51932
Y87W.pdb_A	777	-11.3183	-11.8175	-7.85755
N11Y.pdb_A	784	-11.267	-11.3098	-8.38366
I108N.pdb_A	791	-11.2543	-11.796	-7.95718
R1073L.pdb_C	805	-10.5775	-9.38599	-3.67283
D129Y.pdb_A	815	-10.7585	-11.1879	-7.24833
Y1079L.pdb_C	826	-10.7596	-9.75365	-6.48732
C150S.pdb_A	836	-10.7539	-11.2931	-7.96809
V1091A.pdb_C	846	-10.7582	-9.72958	-2.67494
S95P.pdb_A	863	-10.6692	-11.2278	-10.8231
L104C.pdb_A	871	-10.6553	-11.2758	-7.39011
E126C.pdb_A	880	-10.6481	-11.2504	-6.79703
F1038E.pdb_C	898	-10.604	-9.18535	-3.59112
H1063M.pdb_C	946	-10.5135	-9.25727	-6.52319
A5I.pdb_A	957	-10.6172	-10.9675	-6.52363
W87F.pdb_A	968	-10.9956	-10.9684	-6.05097
G52A.pdb_A	984	-10.5067	-10.9983	-6.86066
