name	count	evolved_interaction	ancestral_interaction	stability
N66Q.pdb_A	1	-10.4946	-10.5224	-27.0807
D1061L.pdb_C	7	-10.5307	-10.3722	-9.25742
S3P.pdb_A	12	-11.1973	-10.622	-12.9403
E67P.pdb_A	19	-11.3568	-10.9873	-7.57199
Q117Y.pdb_A	26	-11.4785	-11.0594	-7.87489
S35T.pdb_A	32	-11.2553	-11.0434	-7.73378
V1028D.pdb_C	42	-10.9655	-10.2756	-2.30138
V29I.pdb_A	49	-10.5823	-9.71653	-8.50545
F74D.pdb_A	56	-10.5825	-11.4195	-9.09554
Y68W.pdb_A	67	-10.5982	-11.4599	-6.92213
D102G.pdb_A	77	-10.9374	-11.4532	-7.59189
K48M.pdb_A	89	-10.9318	-11.546	-6.51632
A129R.pdb_A	109	-10.7682	-11.4035	-8.93942
S138V.pdb_A	127	-10.7712	-11.406	-8.46959
K71C.pdb_A	136	-10.7659	-11.4119	-6.38063
S1033H.pdb_C	161	-10.592	-10.3196	-2.88224
G50V.pdb_A	168	-10.5748	-11.4085	-6.73851
Q1028W.pdb_C	192	-11.3052	-11.0235	-7.14999
W142I.pdb_A	201	-11.134	-11.2646	-8.64704
F1065E.pdb_C	206	-10.6991	-10.4736	-2.73126
V50N.pdb_A	214	-10.7134	-11.2099	-10.2668
I29N.pdb_A	224	-10.6165	-11.2088	-6.52038
G102E.pdb_A	240	-10.6353	-11.1948	-8.03185
S100Y.pdb_A	256	-10.6711	-11.2025	-6.39893
I145Q.pdb_A	266	-11.0325	-10.8167	-9.15539
G115N.pdb_A	273	-11.1588	-10.8503	-10.313
F127H.pdb_A	278	-10.9329	-10.6861	-8.05061
A54W.pdb_A	285	-11.0141	-10.7827	-15.2329
N19W.pdb_A	298	-11.0507	-10.2258	-7.66904
S38I.pdb_A	324	-11.0996	-10.2391	-9.57453
M44N.pdb_A	332	-11.0724	-10.2351	-10.2622
L114M.pdb_A	340	-11.0821	-10.3692	-8.27697
M114I.pdb_A	353	-11.0425	-9.88926	-8.19589
A106F.pdb_A	359	-10.7505	-9.5174	-9.32137
L120K.pdb_A	368	-11.4217	-9.64585	-8.82029
E143F.pdb_A	373	-10.9105	-9.64472	-10.6965
D118T.pdb_A	379	-10.9156	-9.70622	-9.08775
K1041L.pdb_C	388	-11.8369	-11.4862	-3.38965
Y64M.pdb_A	399	-12.5867	-10.2483	-9.49013
M104T.pdb_A	407	-12.6527	-10.3516	-7.2851
G1062K.pdb_C	416	-12.6699	-12.2179	-3.27997
E102G.pdb_A	429	-12.6366	-10.3413	-6.60347
V57H.pdb_A	453	-12.5341	-10.2826	-7.18485
W1079S.pdb_C	464	-11.5295	-11.9692	-2.60346
E15Q.pdb_A	478	-10.852	-9.85468	-7.64166
G154H.pdb_A	537	-10.9217	-9.59199	-7.5222
I66G.pdb_A	553	-10.8737	-9.53257	-7.3497
M3N.pdb_A	564	-10.8753	-9.66939	-9.24511
S85C.pdb_A	571	-10.7478	-9.67283	-8.00167
Q117R.pdb_A	579	-10.6153	-9.75009	-8.31476
P6D.pdb_A	588	-10.6301	-9.77991	-6.86948
R1046L.pdb_C	613	-10.6301	-11.0247	-3.01903
L150M.pdb_A	628	-10.6287	-9.77795	-8.53594
D122S.pdb_A	634	-10.459	-9.77792	-7.52344
I10Y.pdb_A	643	-10.4	-9.71171	-7.02496
C93I.pdb_A	649	-10.4458	-9.64024	-8.62398
W68Y.pdb_A	657	-10.5507	-9.56143	-7.53724
I76K.pdb_A	669	-10.4394	-9.56145	-7.27666
F70Q.pdb_A	686	-10.6074	-9.49917	-7.4029
G111V.pdb_A	710	-10.604	-9.5118	-7.4812
Y99I.pdb_A	717	-10.7051	-9.52116	-7.51469
N1049M.pdb_C	726	-10.9714	-10.6782	-9.01566
T4R.pdb_A	741	-10.7334	-9.62763	-6.86208
L1045I.pdb_C	756	-11.9564	-9.359	-6.46979
T54M.pdb_A	764	-12.1243	-9.03355	-10.4573
A114Q.pdb_A	773	-12.103	-9.032	-9.62712
Y120L.pdb_A	779	-12.1838	-9.0415	-7.63206
P1093E.pdb_C	787	-11.8314	-9.2364	-4.02454
Q114V.pdb_A	793	-11.1214	-8.66731	-8.14392
W67Q.pdb_A	803	-11.3667	-8.67118	-6.41642
K1062T.pdb_C	821	-11.4652	-9.45619	-2.94359
W103L.pdb_A	831	-11.4851	-8.71476	-6.55653
L1033W.pdb_C	838	-11.585	-8.85445	-3.12385
K76L.pdb_A	853	-11.6304	-8.56203	-6.75111
L1038K.pdb_C	861	-11.4869	-8.84308	-5.42568
A1034N.pdb_C	873	-11.4752	-8.40428	-6.89923
I65N.pdb_A	880	-11.3397	-8.39362	-7.62547
R1073P.pdb_C	889	-11.3215	-8.06424	-12.6975
W1047Y.pdb_C	900	-11.7958	-8.07112	-10.4489
Q91N.pdb_A	909	-11.6809	-8.71879	-6.63161
E1082C.pdb_C	919	-11.2295	-7.98395	-4.9587
F33H.pdb_A	931	-10.982	-8.70663	-6.84739
L30W.pdb_A	942	-11.0792	-8.78163	-7.65792
E1051H.pdb_C	949	-11.1047	-6.38906	-6.40181
P141S.pdb_A	959	-11.3908	-8.93384	-7.28845
Y3M.pdb_A	965	-11.4383	-8.56315	-7.15271
L1046Y.pdb_C	974	-11.4215	-7.26048	-4.04217
R1059C.pdb_C	983	-11.51	-7.38607	-6.07662
K156C.pdb_A	993	-10.9071	-8.42182	-6.81284
