name	count	evolved_interaction	ancestral_interaction	stability
N66R.pdb_A	1	-10.4948	-10.5197	-26.6938
S127R.pdb_A	6	-10.4534	-10.5752	-25.7881
G44N.pdb_A	12	-10.1071	-10.2466	-23.2948
P73I.pdb_A	18	-6.42989	-6.11695	-16.0101
L120T.pdb_A	23	-7.79202	-6.48459	-14.5144
P65G.pdb_A	29	-7.72982	-6.36374	-11.1946
D1080S.pdb_C	35	-7.63676	-10.1561	-4.65655
S1034T.pdb_C	47	-7.69783	-10.8327	-2.73932
D118A.pdb_A	53	-5.54648	-4.91486	-8.19183
R1047Y.pdb_C	61	-5.33956	-9.34195	-6.32259
K48Y.pdb_A	71	-6.1262	-8.08009	-5.20447
R104Y.pdb_A	80	-6.11155	-7.88773	-6.7408
Y104F.pdb_A	89	-6.5572	-6.6908	-11.7606
P125W.pdb_A	96	-6.38418	-7.5355	-7.42277
K13Q.pdb_A	108	-6.27133	-7.60369	-8.31827
F22E.pdb_A	113	-3.51022	-2.67271	-8.70403
E1050G.pdb_C	125	-6.05032	-5.52583	-3.16155
Q117A.pdb_A	133	-5.92781	-3.74258	-6.79411
E63Y.pdb_A	142	-5.99239	-3.65141	-8.78697
A117Q.pdb_A	151	-6.18566	-4.68337	-7.51106
K49G.pdb_A	158	-6.16781	-4.68251	-6.40312
E99P.pdb_A	169	-2.85243	0.179699	-8.29094
S89E.pdb_A	176	-3.11616	1.81562	-7.74765
F1095C.pdb_C	184	-3.12075	-2.87586	-4.52318
N140S.pdb_A	191	-3.34521	1.89414	-7.28618
S136M.pdb_A	200	-4.32732	0.524404	-8.50225
P4W.pdb_A	218	-4.58098	0.532564	-7.83964
D100H.pdb_A	231	-4.58265	0.443939	-7.47273
G1058R.pdb_C	238	-4.82462	-6.19937	-4.45227
L6T.pdb_A	243	-4.80505	0.478812	-7.03066
N1025T.pdb_C	255	-4.8403	-6.70853	-2.6007
P143A.pdb_A	265	-7.16736	-4.40109	-7.14046
E40A.pdb_A	278	-7.16482	-4.68111	-6.98579
D31W.pdb_A	307	-7.37128	-4.70058	-10.6794
T1042G.pdb_C	315	-7.05354	-4.64543	-3.13739
V36I.pdb_A	327	-7.21441	-4.67483	-6.60253
D12I.pdb_A	335	-4.89576	-4.7925	-8.94365
D1082H.pdb_C	348	-2.92796	-3.52502	-7.03881
Q151I.pdb_A	354	-2.96082	-2.70705	-6.86715
G50R.pdb_A	365	-1.00724	-2.05756	-10.0196
Q1070F.pdb_C	371	-1.03597	-1.85595	-3.49529
W31S.pdb_A	379	-0.800869	-2.56716	-6.60906
T54M.pdb_A	391	-0.999482	-2.52656	-8.14123
E89V.pdb_A	396	-1.02098	-2.77271	-8.39063
K108R.pdb_A	402	-1.10942	-2.20352	-7.53441
K14Q.pdb_A	413	-1.74449	-1.99953	-8.09432
F1059I.pdb_C	422	-1.78676	-1.23104	-2.39037
H153T.pdb_A	427	-1.78398	-2.03831	-8.50276
K1038Q.pdb_C	433	-1.72041	1.00655	-2.55038
P132G.pdb_A	438	-1.75179	-2.11415	-6.80541
K24C.pdb_A	451	-1.6115	-2.12403	-7.16037
H100I.pdb_A	459	-2.48261	-2.97729	-8.27477
D1029I.pdb_C	471	-3.77231	-3.39845	-6.84244
N1076M.pdb_C	478	-3.89423	-3.22967	-10.5538
R8L.pdb_A	486	-1.03007	-3.01899	-8.10891
T6W.pdb_A	491	-1.39342	-3.10493	-10.6435
Q1033E.pdb_C	497	-1.29273	1.70927	-5.03079
H1078D.pdb_C	502	-1.35646	1.49414	-4.45318
Y35K.pdb_A	508	-1.87732	-2.53181	-7.89561
E44F.pdb_A	515	-2.01331	-1.60223	-11.848
F124W.pdb_A	520	-2.02552	-1.8604	-9.63767
R1088I.pdb_C	528	-2.54007	-4.17201	-5.35212
G65N.pdb_A	537	-2.57014	-1.6789	-6.83935
Q111L.pdb_A	550	-2.9119	-1.75992	-9.80396
R1075D.pdb_C	562	-2.96163	-3.57289	-3.43278
D1075R.pdb_C	568	-2.55338	-3.56795	-4.36163
K143I.pdb_A	578	-2.75039	-1.78819	-7.82064
Y66T.pdb_A	592	-1.69892	1.37146	-9.25737
F1032R.pdb_C	598	-1.62671	-4.18607	-3.17277
R1093P.pdb_C	606	-1.45122	-4.21295	-3.20325
G3T.pdb_A	617	-1.47085	1.56786	-7.91895
D37V.pdb_A	626	-1.46425	1.35408	-7.16906
M1060P.pdb_C	633	-1.46432	-4.21091	-5.32775
A121E.pdb_A	638	-2.37975	1.59629	-8.57617
S140F.pdb_A	645	-2.37977	1.18812	-10.8577
I45L.pdb_A	654	-2.16705	0.936526	-7.20876
T1030D.pdb_C	661	-1.55401	-5.19756	-5.31377
Q1038L.pdb_C	669	-1.55816	-5.13803	-6.27645
C128M.pdb_A	675	-1.71498	-0.14158	-8.66531
S5G.pdb_A	684	-1.47252	-0.141577	-7.62072
M136L.pdb_A	694	-1.44964	-0.381978	-7.63352
Y7C.pdb_A	699	-1.18278	-0.59158	-7.36666
R127M.pdb_A	708	-0.909836	-0.389845	-10.2245
L151N.pdb_A	715	-0.960595	-0.384401	-8.29901
C126W.pdb_A	722	-0.6217	-0.289304	-7.86778
W101I.pdb_A	732	-0.655099	-0.151657	-8.06209
F10V.pdb_A	739	-0.663674	0.056674	-8.54501
R1032K.pdb_C	745	-1.20504	-4.50877	-2.86126
H1082N.pdb_C	755	-1.37737	-4.65691	-5.01636
Q1092F.pdb_C	769	-1.63721	-4.76151	-6.37105
V147I.pdb_A	774	-1.20693	0.00711362	-9.10892
A1094M.pdb_C	780	-1.0822	-3.39229	-6.34047
L8M.pdb_A	786	-1.10409	-0.0302448	-10.3142
Q141E.pdb_A	792	-0.914865	-0.0330734	-9.32338
M1045I.pdb_C	809	-0.797506	-3.57199	-2.30759
K87G.pdb_A	824	-1.20926	0.00812726	-8.7501
L136H.pdb_A	835	-0.903447	0.203565	-6.84056
D19M.pdb_A	844	-0.755255	0.416746	-7.86354
M1049I.pdb_C	851	-0.744505	-1.26285	-2.27461
Q25C.pdb_A	858	-2.38433	0.21705	-8.19628
E124L.pdb_A	866	-2.35356	0.366306	-10.6935
V29D.pdb_A	872	-2.08084	0.131123	-7.36684
K1087C.pdb_C	880	-1.67456	-3.63329	-3.92435
W1056F.pdb_C	887	-1.66898	-3.66114	-2.72091
D71E.pdb_A	902	-1.24386	0.126965	-10.2737
V66K.pdb_A	911	-1.08921	0.100383	-10.8218
M1077E.pdb_C	916	-1.04263	-5.03705	-6.21822
N117T.pdb_A	922	-1.08737	1.07904	-7.18156
Y46T.pdb_A	934	-1.40643	1.34519	-6.97116
V114I.pdb_A	941	-1.43643	1.68588	-8.00018
N35E.pdb_A	948	-0.66993	2.19415	-6.78589
T46L.pdb_A	955	-0.582369	2.1391	-7.37714
R150W.pdb_A	969	-0.559163	2.13719	-7.30071
F33Y.pdb_A	982	-0.404391	2.05839	-7.03152
Y106D.pdb_A	991	-0.443987	2.04111	-6.94293
