name	count	evolved_interaction	ancestral_interaction	stability
Q130V.pdb_A	1	-10.4946	-10.5196	-24.6164
E143I.pdb_A	9	-10.4521	-10.5176	-16.8829
N98V.pdb_A	14	-10.4665	-10.5243	-15.0552
L94N.pdb_A	20	-10.4426	-10.5312	-14.4334
L84R.pdb_A	27	-10.4995	-10.5368	-13.6118
E1059Q.pdb_C	34	-10.8585	-10.5939	-3.20264
R1046T.pdb_C	43	-10.6957	-10.4364	-3.2448
Q7F.pdb_A	54	-10.6912	-10.8386	-10.2818
H1075Y.pdb_C	62	-10.6032	-10.6663	-5.09492
L135M.pdb_A	69	-10.5771	-10.9645	-7.60129
E1050H.pdb_C	77	-11.3985	-11.2296	-2.85712
A1074M.pdb_C	84	-11.4849	-10.8855	-3.76396
F37H.pdb_A	92	-11.6369	-11.1232	-6.85214
P5L.pdb_A	100	-11.677	-11.4174	-11.3247
L109P.pdb_A	105	-11.8104	-11.2387	-6.71137
S1032Y.pdb_C	116	-11.8089	-10.9552	-2.93679
D1080R.pdb_C	129	-11.099	-10.9443	-2.26991
A129R.pdb_A	136	-11.1015	-10.9578	-8.17088
A106H.pdb_A	142	-11.1282	-10.8075	-6.17406
K1040P.pdb_C	151	-11.2767	-10.5571	-5.70652
K1054S.pdb_C	158	-11.2845	-10.5649	-2.7353
F81M.pdb_A	171	-11.2909	-11.0993	-7.41416
T1077L.pdb_C	195	-12.3566	-10.5088	-2.50253
R1071L.pdb_C	201	-12.3372	-10.8571	-2.90829
P128G.pdb_A	211	-12.2962	-12.1563	-7.89553
R129M.pdb_A	224	-12.3187	-12.1807	-8.63914
C8H.pdb_A	236	-12.0351	-12.2091	-8.78448
K147W.pdb_A	242	-11.9505	-12.2104	-10.0027
R126N.pdb_A	248	-12.8902	-12.267	-8.04579
K14F.pdb_A	255	-12.0727	-11.841	-8.3134
S70E.pdb_A	267	-12.1573	-11.9866	-11.9832
P125G.pdb_A	273	-13.7255	-11.9845	-7.25528
W154L.pdb_A	282	-14.0709	-12.1255	-8.27365
H109M.pdb_A	291	-14.4445	-12.5835	-9.43451
T1043I.pdb_C	301	-15.342	-13.267	-3.27578
K76R.pdb_A	308	-15.3537	-11.6923	-11.1773
M129Y.pdb_A	315	-14.8022	-11.586	-9.64623
R33I.pdb_A	322	-15.0573	-11.5676	-8.31158
K139Q.pdb_A	328	-14.7276	-11.5357	-7.74345
L154S.pdb_A	336	-14.684	-11.5478	-8.09343
V130Q.pdb_A	341	-12.4974	-9.11569	-8.82825
G67D.pdb_A	354	-10.5091	-9.14099	-8.63646
V99N.pdb_A	360	-11.5464	-8.38528	-9.49472
M1034V.pdb_C	367	-11.8924	-10.6098	-3.45366
I1088F.pdb_C	377	-12.7244	-3.53808	-2.78061
Y1032H.pdb_C	384	-13.4785	-3.6621	-2.21615
Q1070L.pdb_C	394	-13.4084	-4.17168	-3.23587
V7R.pdb_A	414	-11.2484	-7.20151	-7.68899
M1038C.pdb_C	420	-11.2203	-3.41641	-3.35535
D1051L.pdb_C	428	-11.5369	-3.8173	-5.92043
A57P.pdb_A	437	-11.1057	-7.3322	-6.33235
G152V.pdb_A	449	-11.1446	-7.34505	-7.00227
D1085C.pdb_C	465	-10.8652	-4.26572	-6.41078
C1038K.pdb_C	480	-10.835	-4.24653	-3.89535
M1028E.pdb_C	498	-11.4082	-4.51856	-2.37296
L42Y.pdb_A	513	-11.5338	-7.00545	-7.10583
L120M.pdb_A	526	-11.5341	-7.11317	-6.41094
P1061S.pdb_C	535	-11.5341	-4.15996	-2.02533
M1049R.pdb_C	547	-11.7355	-4.56691	-2.02076
R84P.pdb_A	564	-11.8163	-7.16729	-9.96992
I6F.pdb_A	571	-11.8184	-7.19465	-8.7128
I107V.pdb_A	588	-12.2177	-7.42149	-10.3185
P37I.pdb_A	597	-12.3917	-7.46425	-8.51792
E122A.pdb_A	605	-12.3806	-7.49156	-8.2983
L1045I.pdb_C	616	-10.877	-4.34348	-2.4099
M61F.pdb_A	626	-10.7718	-7.51132	-6.8621
Y53E.pdb_A	633	-10.8018	-7.51698	-8.54901
T155M.pdb_A	639	-10.8409	-7.50039	-9.08363
H143K.pdb_A	649	-10.7153	-7.31397	-7.88346
K153Q.pdb_A	660	-10.7733	-7.28915	-7.16801
F61Y.pdb_A	671	-10.9431	-7.28731	-7.37307
P1040F.pdb_C	678	-10.6247	-1.90893	-2.77141
M1085F.pdb_C	687	-10.4978	-1.80346	-1.91293
K146A.pdb_A	698	-10.4977	-6.96402	-8.59968
Y1025R.pdb_C	704	-10.4156	-1.78938	-2.36684
H1045L.pdb_C	713	-10.4993	-1.81764	-5.73525
T66V.pdb_A	719	-10.5209	-6.87335	-8.19648
Q1059C.pdb_C	731	-10.4222	-1.89523	-3.69847
Y123M.pdb_A	739	-10.4777	-5.89276	-10.7233
R135Y.pdb_A	764	-10.4824	-5.97281	-9.6942
V152K.pdb_A	776	-10.5955	-6.20995	-10.0326
S154G.pdb_A	784	-10.5618	-6.16656	-10.0926
W1085D.pdb_C	794	-11.7559	-2.10264	-3.48365
R70T.pdb_A	799	-10.8591	-6.18602	-11.4697
I1054Y.pdb_C	807	-10.8565	-2.186	-2.42033
D67L.pdb_A	830	-12.0514	-8.09744	-9.54634
A1070F.pdb_C	839	-12.8658	-1.70768	-3.60202
D1080T.pdb_C	847	-12.8365	-1.66748	-3.00635
A101T.pdb_A	853	-12.9022	-8.11185	-10.439
I45L.pdb_A	860	-10.8211	-5.56511	-9.14129
K71I.pdb_A	876	-10.8999	-5.80041	-8.9782
T1080M.pdb_C	886	-10.8896	-1.67778	-5.16597
Q130M.pdb_A	895	-10.8896	-5.80245	-9.05865
F24V.pdb_A	903	-10.7613	-5.75694	-8.51097
S1033C.pdb_C	914	-10.651	-1.45657	-3.40271
G79R.pdb_A	929	-10.571	-5.53816	-8.37547
F118K.pdb_A	940	-10.5708	-5.53814	-7.67006
R121I.pdb_A	950	-10.533	-5.50762	-9.9241
S69R.pdb_A	966	-10.533	-5.47689	-10.1983
C1033V.pdb_C	973	-10.5256	-1.58114	-3.97278
P88D.pdb_A	980	-10.5238	-5.49656	-10.5494
M1061T.pdb_C	987	-10.524	-1.49772	-2.57315
Y61K.pdb_A	996	-10.6576	-5.37656	-9.30257
