name	count	evolved_interaction	ancestral_interaction	stability
L109S.pdb_A	1	-10.3432	-10.3651	-24.0453
Q154F.pdb_A	6	-9.57443	-9.57192	-23.0622
L1045Y.pdb_C	12	-9.5454	-10.3372	-8.59449
Y155R.pdb_A	17	-9.73924	-9.76267	-15.8334
D19Q.pdb_A	22	-6.55635	-7.65932	-11.0242
V113T.pdb_A	30	-6.48313	-7.56532	-9.74573
Y1067M.pdb_C	39	-2.79156	-7.60644	-10.7597
D102E.pdb_A	49	-2.87717	-3.75315	-6.19873
T1032M.pdb_C	56	-3.28326	-8.42118	-10.1253
E49D.pdb_A	68	-3.27577	-3.9525	-7.511
K3V.pdb_A	74	-2.55973	-3.91536	-8.3165
Y152E.pdb_A	83	-1.33201	-3.77637	-6.32884
A1051L.pdb_C	94	-0.639377	-7.03446	-3.24924
R1046Q.pdb_C	100	-0.834962	-6.11669	-4.87438
K1038F.pdb_C	108	0.164876	-6.34924	-1.3559
K114V.pdb_A	117	-1.06326	-2.09197	-6.99102
S95E.pdb_A	129	-0.164673	-0.110734	-9.71229
E99P.pdb_A	137	0.032936	-0.722267	-10.3248
P59Q.pdb_A	143	-0.589977	-0.76	-9.09602
N1040G.pdb_C	151	-1.88603	-5.82472	-4.11822
V93M.pdb_A	159	-1.89122	2.31068	-8.83966
T109Q.pdb_A	164	-1.81802	-2.56864	-10.1512
M1084N.pdb_C	176	2.60083	-5.32162	-2.67599
Y82L.pdb_A	184	2.4249	1.12055	-8.84507
T1077K.pdb_C	195	2.53196	-5.00511	-4.4217
D1075R.pdb_C	206	2.51956	-5.05196	-5.08008
K1054E.pdb_C	220	1.86745	-5.17009	-5.57914
Q59L.pdb_A	235	1.90088	1.72102	-7.62642
Q111R.pdb_A	248	1.94582	2.10897	-6.92009
L101D.pdb_A	256	4.47188	4.59725	-8.86753
G115S.pdb_A	263	4.45177	4.7147	-9.23996
K110M.pdb_A	268	4.42243	3.68607	-8.30076
Y136M.pdb_A	277	4.42229	3.67611	-7.25525
R1053L.pdb_C	284	4.42905	-3.30064	-8.41088
I1073E.pdb_C	294	4.06202	-4.18629	-7.48842
L88E.pdb_A	301	4.10149	4.575	-7.87908
P14I.pdb_A	306	4.1114	4.55332	-9.36159
N11C.pdb_A	314	2.93612	4.47807	-6.97194
D79K.pdb_A	321	2.91646	4.34796	-6.62303
E42T.pdb_A	331	2.92752	4.2654	-8.64306
I37R.pdb_A	340	2.99386	4.30895	-10.6977
L59P.pdb_A	346	3.00341	4.32806	-8.36846
K46Q.pdb_A	356	3.59477	5.08601	-7.36492
Y98E.pdb_A	364	3.15327	4.68806	-6.81602
Q1050L.pdb_C	375	2.65958	-2.23684	-2.65676
N1084Q.pdb_C	386	2.64743	-1.65023	-3.6761
G105S.pdb_A	399	2.79743	4.76569	-8.10894
L116A.pdb_A	406	3.00483	4.94867	-7.24838
W1079R.pdb_C	417	3.02473	-3.2379	-2.67101
E152R.pdb_A	436	2.48154	4.73399	-7.95907
L38P.pdb_A	446	2.43171	4.76555	-6.06017
V57H.pdb_A	453	2.18795	3.94486	-8.42002
I104G.pdb_A	460	2.52958	3.63657	-6.14125
V83L.pdb_A	475	2.67179	3.91876	-9.53774
K1047W.pdb_C	481	2.53956	-3.04058	-4.02572
E1090P.pdb_C	487	2.33001	-3.21854	-3.29852
I150M.pdb_A	494	2.31964	3.33375	-8.75722
R122K.pdb_A	500	2.30875	3.26916	-6.80508
L65Y.pdb_A	505	3.19003	4.70528	-8.35255
D95N.pdb_A	515	2.39659	4.77567	-6.21754
D1082A.pdb_C	528	2.34068	-3.67398	-3.62952
L134M.pdb_A	539	2.85021	4.21457	-7.32455
L11D.pdb_A	548	2.67044	5.09291	-7.0872
H1095M.pdb_C	553	2.51742	-3.98823	-3.06952
R1075Y.pdb_C	563	2.3111	-3.8867	-3.92501
G1069A.pdb_C	576	3.00312	-0.429741	-4.19921
G1074Q.pdb_C	584	2.08261	-0.568176	-3.4815
E88Q.pdb_A	594	2.05072	3.23236	-6.6063
S87Y.pdb_A	615	0.818739	3.1495	-8.11323
N52Y.pdb_A	624	0.800679	1.87246	-6.20207
S54D.pdb_A	631	-0.184581	-0.313837	-7.59642
Y1035F.pdb_C	641	-0.121631	-0.647754	-2.27733
V1045L.pdb_C	652	-0.100739	-0.644271	-4.15157
Q1059E.pdb_C	666	-0.0755822	-0.481938	-3.62693
A18F.pdb_A	675	1.49536	-0.272189	-8.04435
Q1042T.pdb_C	682	1.78502	-0.262955	-1.98088
S1029K.pdb_C	689	2.41834	0.333665	-3.48833
C102G.pdb_A	697	3.18757	4.36788	-7.3819
N1025A.pdb_C	709	3.33495	0.464933	-2.66067
S125D.pdb_A	723	3.348	4.35512	-8.23147
Y144L.pdb_A	729	3.35941	5.06889	-6.59607
I67M.pdb_A	739	3.05115	5.1806	-6.70271
E106M.pdb_A	749	2.96919	5.1697	-6.55848
L1050R.pdb_C	762	2.23832	1.93193	-2.8067
Y14C.pdb_A	775	2.14767	2.21206	-7.29656
L156C.pdb_A	781	4.24948	6.13474	-9.6179
K130M.pdb_A	796	4.23633	5.82244	-7.34766
F91K.pdb_A	807	3.86321	3.21292	-5.80243
L1088F.pdb_C	819	4.96013	4.19535	-4.72444
V40I.pdb_A	824	4.50866	3.90956	-6.62752
L1063W.pdb_C	830	4.50178	3.75211	-6.93379
R4L.pdb_A	835	2.94574	5.24781	-9.7852
L83M.pdb_A	840	3.32757	3.48881	-10.641
W1047D.pdb_C	846	3.42356	2.7381	-2.14134
Q36Y.pdb_A	852	3.47761	5.10111	-8.79443
M110Y.pdb_A	857	3.7793	4.99266	-8.69032
E71Y.pdb_A	862	1.12931	1.58567	-9.10936
M136N.pdb_A	868	1.12697	1.54398	-6.69609
M118N.pdb_A	875	1.14197	1.47395	-7.07267
F1033A.pdb_C	883	1.4443	4.32008	-4.89778
E101G.pdb_A	896	1.80332	2.05354	-7.32457
K79W.pdb_A	910	1.80414	2.12907	-6.34196
L1041M.pdb_C	926	1.90292	3.16954	-3.39649
K1059N.pdb_C	944	1.88692	3.44731	-4.07644
K1029M.pdb_C	952	1.2728	2.19143	-3.41714
F27R.pdb_A	957	2.88597	1.25662	-8.5567
H20Y.pdb_A	964	2.29032	2.24574	-8.75811
Y24T.pdb_A	973	2.10267	1.80201	-9.18449
H149M.pdb_A	983	2.03576	1.79532	-7.94829
Y71V.pdb_A	993	2.14477	2.46651	-6.64679
C14W.pdb_A	999	2.22584	1.95117	-8.8579
