name	count	evolved_interaction	ancestral_interaction	stability
S1032P.pdb_C	1	-10.3545	-10.2528	-4.58924
S1029N.pdb_C	6	-10.5772	-10.0513	-3.15769
E143Q.pdb_A	11	-10.0477	-10.4357	-18.6744
G34A.pdb_A	17	-10.0391	-10.4136	-16.3295
E11S.pdb_A	22	-7.13512	-10.5342	-16.359
L109C.pdb_A	27	-6.9387	-10.225	-11.3408
Q7P.pdb_A	32	-7.35127	-10.5305	-7.56318
D1030Q.pdb_C	41	-8.37058	-7.96971	-5.11935
R1071M.pdb_C	48	-8.38317	-7.90961	-6.26423
E1050T.pdb_C	57	-8.35554	-7.90828	-6.82505
K110Y.pdb_A	63	-7.58369	-10.8851	-6.58249
A1051H.pdb_C	79	-7.57475	-7.23376	-4.33152
N140R.pdb_A	91	-7.42077	-10.8695	-6.13525
I1039V.pdb_C	106	-5.18152	-5.22732	-2.66213
Q1075G.pdb_C	118	-5.09859	-5.20658	-2.87567
R1074L.pdb_C	124	-5.14409	-5.3462	-3.62148
A133S.pdb_A	134	-5.1509	-8.43367	-5.97306
Q117V.pdb_A	142	-5.04013	-8.43649	-6.0083
K1041E.pdb_C	151	-5.18542	-5.20513	-2.27925
F7K.pdb_A	162	-5.04672	-8.28866	-7.71121
A34Y.pdb_A	168	-5.24967	-8.21902	-5.84548
A79S.pdb_A	180	-1.35442	-3.20813	-6.86809
A26S.pdb_A	189	-1.32701	-3.01981	-6.32473
Q1061P.pdb_C	198	-1.37956	-5.23003	-3.19708
Y110W.pdb_A	209	-3.59144	-2.98687	-6.35599
G1050N.pdb_C	221	-4.1682	-5.72386	-8.24865
R67F.pdb_A	227	-4.59742	-3.34726	-6.72127
R1032F.pdb_C	238	-3.32058	-6.02564	-3.05096
E49Q.pdb_A	249	-3.38542	-2.69181	-7.64501
N1062T.pdb_C	258	-3.34488	-6.25785	-2.69381
N52I.pdb_A	266	-3.33816	-2.8281	-8.45126
S26H.pdb_A	273	-3.1888	-2.69976	-7.94629
L1063F.pdb_C	280	-2.69059	-6.21944	-3.33337
C109H.pdb_A	285	0.787388	0.965759	-15.5487
Y89T.pdb_A	293	0.79977	0.96514	-7.39511
A135Q.pdb_A	300	3.07395	4.05757	-7.35229
M118L.pdb_A	310	3.07205	4.05766	-6.85881
K59E.pdb_A	321	2.94084	3.88213	-7.06754
Q1076Y.pdb_C	333	2.51457	-5.80393	-8.45719
N124D.pdb_A	345	2.51497	3.82805	-6.46827
D100H.pdb_A	353	2.71196	3.86973	-8.31047
P28N.pdb_A	361	2.15934	3.81267	-7.26425
F106V.pdb_A	370	1.77102	3.79779	-9.04376
T51K.pdb_A	385	1.85231	1.91476	-6.68624
E1093I.pdb_C	394	0.183906	-4.23808	-3.26473
V1090T.pdb_C	406	-0.142162	-4.80618	-2.94952
K74W.pdb_A	426	-1.08282	0.920225	-9.53647
L150A.pdb_A	433	-0.998045	0.667295	-6.62773
I1089W.pdb_C	445	-1.03106	-5.05538	-2.96358
A32D.pdb_A	455	-0.774372	0.602742	-7.75249
K69D.pdb_A	466	-0.739685	0.716671	-7.50165
T1082L.pdb_C	472	-0.990942	-4.40403	-2.9561
V8Q.pdb_A	480	-1.05085	0.437644	-7.68563
F35A.pdb_A	490	-1.08417	0.445367	-7.45545
N13C.pdb_A	495	-0.311302	0.678069	-7.86408
F1070R.pdb_C	501	-0.426506	-3.88019	-8.7858
I1048M.pdb_C	507	-0.430533	-3.64007	-7.78275
Y1041W.pdb_C	519	-0.445494	-3.62315	-6.97234
I61S.pdb_A	525	-0.416286	0.988069	-6.67695
D1068M.pdb_C	530	-1.22783	-2.43857	-4.99335
K40F.pdb_A	543	-1.53218	1.16134	-6.76498
W108V.pdb_A	554	-1.51231	1.26746	-7.81434
Y6L.pdb_A	562	-1.51047	1.41276	-10.3169
K30W.pdb_A	569	-1.72927	1.42219	-7.91385
I52E.pdb_A	587	-1.48008	1.21452	-6.13752
A139W.pdb_A	597	-0.668587	1.1197	-6.97265
H46K.pdb_A	608	-1.33877	1.0099	-8.79117
N1032W.pdb_C	618	-1.40733	-2.33256	-3.26361
W30Q.pdb_A	634	-0.85363	0.99506	-6.15613
L34N.pdb_A	646	-1.76318	-1.11211	-7.71106
N3S.pdb_A	653	-1.65349	-1.07869	-7.14443
D9M.pdb_A	665	-1.83983	-0.856404	-13.9466
S88G.pdb_A	673	-1.81738	-0.862367	-9.11584
D36G.pdb_A	681	-1.09993	-1.22315	-7.28725
N1086S.pdb_C	689	-1.09742	-0.490129	-2.30804
M1055L.pdb_C	696	-1.07318	-0.444844	-2.41316
C78H.pdb_A	706	-1.08369	-1.36083	-6.80641
G88P.pdb_A	716	-1.08305	-0.522388	-15.3491
Y106P.pdb_A	722	-0.319536	-0.561662	-12.4414
D32C.pdb_A	732	-0.346165	-0.728284	-8.764
W142F.pdb_A	740	-0.0735335	0.355309	-8.27983
R9I.pdb_A	746	1.51509	0.472385	-8.27257
K1059S.pdb_C	753	1.36963	2.71866	-2.17035
K46H.pdb_A	762	0.809705	1.05333	-7.41994
Y144W.pdb_A	770	0.702461	1.04652	-8.62509
L1045D.pdb_C	777	1.00265	2.90223	-3.01102
E20Y.pdb_A	784	0.734697	-2.76254	-11.2419
C1083N.pdb_C	792	0.0114051	0.546534	-5.27287
R1070G.pdb_C	797	0.0294821	0.601225	-4.65608
H143V.pdb_A	806	0.0912438	-3.01832	-9.09636
A1093R.pdb_C	812	0.0453365	0.912307	-3.97217
S1049I.pdb_C	821	0.0438576	0.84397	-6.40171
M122F.pdb_A	827	-1.28853	-2.61774	-8.19144
K50V.pdb_A	832	-0.979262	-2.93745	-6.67287
S1068Y.pdb_C	839	-1.66927	-2.50274	-4.18462
L11S.pdb_A	845	-1.3003	-2.93144	-7.27352
K28Q.pdb_A	852	-1.49303	-2.39011	-8.19673
H1054F.pdb_C	861	-1.39006	0.785824	-3.21318
T1029L.pdb_C	869	-3.30318	-0.627597	-4.75911
E93F.pdb_A	876	-2.55053	-2.19495	-9.67126
T86C.pdb_A	882	-2.61787	-0.614008	-8.41975
L1074A.pdb_C	890	-1.01748	0.283742	-2.06922
K8S.pdb_A	909	-1.50198	-1.80133	-7.33708
E128A.pdb_A	915	-1.47377	-1.69121	-7.31727
K1024M.pdb_C	925	-1.22769	-0.328975	-5.17747
E79Y.pdb_A	938	-0.332799	-2.17683	-6.86605
H1068A.pdb_C	952	-0.443597	-1.13354	-4.5531
W101F.pdb_A	967	-0.355502	-0.465637	-7.84049
N34D.pdb_A	974	-0.793139	0.461848	-7.6799
V135T.pdb_A	980	-0.809673	0.462559	-7.45741
F130S.pdb_A	989	-0.910861	-0.328247	-8.32395
E4K.pdb_A	994	-0.835175	-0.39072	-9.81967
