name	count	evolved_interaction	ancestral_interaction	stability
E1094F.pdb_C	2	-10.5612	-10.4407	-9.10681
S70C.pdb_A	7	-10.6011	-10.4819	-27.2447
R104W.pdb_A	13	-10.5305	-10.4195	-15.7333
G115P.pdb_A	18	-10.7644	-10.4246	-8.01769
Q10W.pdb_A	23	-10.6974	-10.4248	-14.5302
L4F.pdb_A	31	-10.6793	-10.4257	-14.2471
E1059S.pdb_C	37	-10.6484	-10.7492	-3.50707
L150C.pdb_A	44	-10.671	-10.5027	-8.34599
G1031Y.pdb_C	49	-11.3646	-11.4526	-2.79777
C8T.pdb_A	58	-11.1301	-10.2653	-9.0167
P78Y.pdb_A	63	-11.514	-10.5555	-7.12196
I60M.pdb_A	69	-11.6055	-10.7684	-9.77369
I1039N.pdb_C	76	-10.8257	-10.7705	-2.5377
N124E.pdb_A	88	-10.8257	-10.7759	-9.23307
Q111E.pdb_A	98	-11.18	-9.42723	-7.97875
Q1073C.pdb_C	103	-11.1924	-10.7413	-2.28321
V1040D.pdb_C	109	-11.3465	-10.7468	-2.93581
K153H.pdb_A	116	-11.4912	-9.42639	-8.32996
P115Q.pdb_A	128	-12.1551	-9.42586	-8.74109
M1032W.pdb_C	140	-12.1619	-11.4276	-2.20079
F61K.pdb_A	152	-11.7374	-9.38023	-7.08338
D19K.pdb_A	164	-11.2595	-9.05962	-7.82169
L1063V.pdb_C	175	-11.2187	-10.6813	-3.69337
E99A.pdb_A	183	-11.2147	-8.9465	-8.04784
M36Q.pdb_A	195	-11.1385	-8.04484	-7.12223
P69C.pdb_A	206	-11.0926	-8.04449	-7.19286
R104V.pdb_A	219	-11.3476	-8.12986	-6.69696
F44L.pdb_A	230	-12.155	-10.7889	-9.30452
D121A.pdb_A	239	-11.5291	-10.8669	-9.26936
T8V.pdb_A	257	-11.5664	-11.0516	-7.14412
G29N.pdb_A	266	-11.591	-9.90366	-8.0153
A1043T.pdb_C	274	-11.5689	-10.7839	-4.07304
D37G.pdb_A	284	-11.5831	-9.76541	-6.98894
S53Y.pdb_A	301	-11.5194	-9.71077	-10.8631
Q27V.pdb_A	308	-11.5476	-9.74928	-7.88222
P88E.pdb_A	314	-11.4609	-9.7493	-6.67879
S127W.pdb_A	331	-11.4615	-9.69562	-8.09753
L95Y.pdb_A	338	-11.4614	-9.69039	-10.0682
L109P.pdb_A	352	-11.4258	-9.68772	-7.29951
D1075E.pdb_C	368	-10.9718	-10.9284	-3.73921
S1062A.pdb_C	375	-10.5443	-10.5979	-3.67254
T65R.pdb_A	384	-10.5788	-9.15625	-8.70276
H76G.pdb_A	394	-10.5769	-9.36546	-7.3103
E63F.pdb_A	405	-10.5762	-9.36495	-8.68982
I1070N.pdb_C	421	-11.1023	-11.3794	-2.29488
M1051D.pdb_C	431	-11.0002	-11.4795	-3.41737
C91E.pdb_A	437	-11.0763	-10.4137	-9.00668
F1033M.pdb_C	446	-11.0997	-11.8449	-3.98912
M1059A.pdb_C	452	-11.0488	-11.7919	-2.13373
Y1095M.pdb_C	462	-10.8193	-11.7739	-3.49499
A39H.pdb_A	467	-10.8345	-9.85138	-8.8191
F1040Y.pdb_C	473	-10.7427	-11.2239	-1.93415
K30L.pdb_A	484	-10.9575	-9.09603	-9.49501
Y49N.pdb_A	491	-11.0438	-9.08059	-9.77574
F130C.pdb_A	497	-11.6437	-10.2486	-8.83774
V27Q.pdb_A	506	-11.0526	-9.66592	-9.06733
G23F.pdb_A	671	-11.2034	-9.82827	-8.24898
K44V.pdb_A	678	-11.1313	-10.2531	-7.53681
M102K.pdb_A	687	-11.0095	-10.4199	-7.9816
W1054I.pdb_C	695	-11.0813	-10.5785	-2.21512
C1059A.pdb_C	704	-11.1482	-10.5785	-2.24239
W39K.pdb_A	715	-10.9689	-9.47532	-8.06429
K57T.pdb_A	721	-10.996	-9.48105	-9.45854
C130Y.pdb_A	728	-11.0817	-9.4999	-9.57328
Y130E.pdb_A	740	-11.0821	-9.44244	-9.0231
Q54A.pdb_A	750	-11.045	-9.35715	-8.34983
W127A.pdb_A	755	-11.0466	-9.46435	-6.50011
Y149N.pdb_A	769	-11.1245	-9.45391	-6.82334
L1079I.pdb_C	784	-10.9794	-10.4468	-2.20861
M1095T.pdb_C	803	-11.0135	-10.3883	-1.66814
Y1040H.pdb_C	813	-10.8508	-10.459	-1.66272
F1094S.pdb_C	827	-10.8108	-10.3546	-1.85456
V44A.pdb_A	838	-10.854	-9.21429	-6.90491
M131L.pdb_A	852	-10.7783	-9.15775	-7.50036
A70I.pdb_A	860	-10.8519	-9.22095	-7.31762
A1052F.pdb_C	869	-10.8152	-10.1025	-4.47709
P128R.pdb_A	880	-10.8976	-9.33339	-6.50914
N140S.pdb_A	893	-10.9613	-9.4105	-7.36592
R1046A.pdb_C	901	-11.4575	-10.3499	-6.81599
Q7L.pdb_A	914	-11.5502	-9.57723	-6.46489
I1054V.pdb_C	926	-11.0585	-9.54793	-4.37043
E66P.pdb_A	937	-11.1471	-9.84342	-9.48545
K1034D.pdb_C	947	-11.37	-9.37646	-2.34033
C93S.pdb_A	963	-10.7131	-10.172	-6.79782
K1081T.pdb_C	972	-10.7205	-9.56931	-4.21994
I68G.pdb_A	981	-10.7185	-10.1634	-7.70762
V151M.pdb_A	991	-10.7208	-10.1829	-9.29127
Y95F.pdb_A	999	-10.7208	-10.1924	-6.79395
