name	count	evolved_interaction	ancestral_interaction	stability
K71S.pdb_A	1	-10.5028	-10.515	-24.8231
C66V.pdb_A	9	-10.5847	-10.6882	-22.5416
K141G.pdb_A	14	-10.6427	-10.6878	-18.4292
D121T.pdb_A	19	-10.6938	-10.6815	-17.6941
S136H.pdb_A	27	-10.6952	-10.7276	-19.2828
S95H.pdb_A	35	-10.8274	-10.8237	-17.8185
M1060H.pdb_C	40	-10.8009	-10.7527	-3.39486
P132F.pdb_A	45	-10.8093	-10.7162	-7.56155
S127Y.pdb_A	50	-10.8475	-10.5895	-9.93549
Q32M.pdb_A	58	-10.9142	-10.6065	-12.002
E42H.pdb_A	64	-10.8994	-10.639	-7.94799
M46W.pdb_A	72	-10.5827	-10.3907	-7.80958
D33E.pdb_A	84	-10.6503	-10.4065	-7.0887
D102F.pdb_A	96	-10.677	-10.4193	-6.74051
Q1055N.pdb_C	107	-10.5598	-11.3362	-4.60613
S156C.pdb_A	114	-10.5819	-9.91304	-7.94016
A128P.pdb_A	122	-10.5796	-10.2953	-8.66304
T61V.pdb_A	132	-10.5742	-10.2734	-9.87034
L94R.pdb_A	138	-10.6335	-9.8726	-10.3458
K14C.pdb_A	144	-11.1304	-9.09518	-10.6499
G141L.pdb_A	149	-11.1818	-9.08481	-8.86215
M71N.pdb_A	159	-11.2108	-9.06737	-9.62573
H75V.pdb_A	169	-11.2038	-9.09561	-8.27388
C121P.pdb_A	187	-11.8845	-9.91393	-8.43786
I25G.pdb_A	194	-11.1668	-9.36724	-7.66836
M1032W.pdb_C	202	-11.2551	-12.1222	-2.74452
D104A.pdb_A	214	-11.6788	-9.14702	-8.61032
G44C.pdb_A	221	-11.6901	-9.1814	-8.90768
W138M.pdb_A	231	-11.7289	-9.43407	-8.51115
T146I.pdb_A	241	-12.3287	-9.96348	-9.16643
D1080L.pdb_C	250	-10.5992	-10.6215	-4.84049
T1077C.pdb_C	271	-10.575	-10.6327	-2.9591
K1060Y.pdb_C	285	-10.587	-10.5869	-4.99874
K1058C.pdb_C	294	-10.5216	-10.5046	-3.78482
C10W.pdb_A	305	-10.5652	-9.82698	-8.82022
M1064S.pdb_C	312	-10.4142	-10.5479	-2.38459
C93R.pdb_A	321	-10.4142	-9.5146	-10.9189
L6Q.pdb_A	329	-10.5782	-9.64996	-7.6618
V3T.pdb_A	352	-10.723	-9.82064	-7.41837
K27R.pdb_A	367	-11.8915	-10.7063	-8.83879
N78K.pdb_A	378	-11.9431	-11.0291	-8.13333
C98P.pdb_A	383	-11.9123	-11.0772	-9.24507
Y1030H.pdb_C	388	-10.8906	-10.9712	-3.22204
N85A.pdb_A	399	-11.1704	-10.9692	-8.60192
R71I.pdb_A	405	-10.9697	-10.0568	-10.0073
E11R.pdb_A	411	-11.0001	-10.09	-11.7176
Q1095T.pdb_C	417	-10.9703	-11.0792	-5.89322
N57S.pdb_A	422	-11.3013	-9.89327	-11.6983
Y127F.pdb_A	427	-10.8102	-9.63357	-10.7426
W1036V.pdb_C	438	-10.4719	-10.9074	-3.99952
N1047D.pdb_C	444	-10.4757	-10.8591	-4.11412
F77Y.pdb_A	451	-10.4755	-9.37942	-7.02596
K40E.pdb_A	471	-10.6361	-9.5489	-6.96541
L48I.pdb_A	481	-10.6157	-9.5489	-7.36445
L1034A.pdb_C	494	-10.4011	-11.1571	-6.40266
I1089L.pdb_C	510	-10.5071	-11.0927	-2.58584
E100K.pdb_A	517	-10.6705	-9.67941	-7.67103
C108L.pdb_A	526	-10.6607	-9.69288	-7.99164
W147I.pdb_A	534	-10.7515	-10.3701	-7.28121
V1065L.pdb_C	551	-10.6639	-11.5817	-2.86752
S57K.pdb_A	571	-10.8419	-10.3532	-10.9263
R1042Y.pdb_C	579	-10.9341	-11.6891	-3.50424
K99W.pdb_A	586	-10.6301	-10.6702	-7.09123
R150I.pdb_A	601	-10.6572	-10.3982	-8.25227
I150L.pdb_A	614	-10.696	-10.4434	-7.95276
M1078L.pdb_C	621	-10.7097	-11.7507	-4.41213
L150V.pdb_A	626	-10.7067	-10.2101	-9.13059
T1039V.pdb_C	635	-10.6473	-11.7307	-7.23295
F57I.pdb_A	641	-10.6557	-10.22	-7.48405
E1080L.pdb_C	653	-10.5921	-11.0105	-5.42116
G1074V.pdb_C	664	-10.5646	-11.0013	-3.78521
V1039E.pdb_C	675	-10.5485	-10.9856	-3.79103
M91V.pdb_A	687	-10.4881	-10.226	-9.41307
H1064R.pdb_C	694	-10.6483	-11.1636	-4.26384
S154Y.pdb_A	699	-10.7102	-10.2378	-10.1338
L1063T.pdb_C	706	-10.6819	-11.0279	-3.50623
C1038Q.pdb_C	715	-10.6116	-11.0279	-3.82078
H1030I.pdb_C	728	-11.4296	-10.8135	-4.13611
A1093G.pdb_C	737	-11.3594	-10.6562	-6.15843
D135Y.pdb_A	745	-11.5588	-10.0727	-9.9911
K93M.pdb_A	751	-11.3159	-9.91462	-6.87166
K146Q.pdb_A	773	-11.3059	-9.9108	-6.99686
G80E.pdb_A	781	-11.3128	-9.95994	-8.2477
L38Q.pdb_A	787	-11.0806	-10.1618	-7.37149
Q6D.pdb_A	795	-10.9509	-10.0074	-6.40344
F1047A.pdb_C	803	-10.9095	-10.4444	-2.72627
H153Q.pdb_A	817	-10.8586	-10.1304	-8.07663
A1074T.pdb_C	826	-10.9092	-10.4382	-2.32029
N124L.pdb_A	838	-11.4192	-9.98491	-7.01439
L8F.pdb_A	860	-10.9258	-9.95309	-7.51373
M49S.pdb_A	872	-11.1493	-10.4427	-7.93086
M1073K.pdb_C	885	-10.9868	-11.0771	-3.52047
D6Y.pdb_A	903	-10.7506	-10.09	-8.05693
I1054C.pdb_C	913	-10.7748	-10.7372	-3.02623
C141W.pdb_A	931	-10.6639	-10.0658	-7.00945
P1059R.pdb_C	942	-10.6675	-10.6481	-3.6795
Y6R.pdb_A	950	-10.7995	-10.4226	-8.0768
I146T.pdb_A	964	-10.9914	-10.4539	-6.72186
M27K.pdb_A	971	-10.9973	-10.3874	-7.34861
H1062N.pdb_C	987	-11.0439	-10.8327	-4.03647
I115M.pdb_A	994	-11.7471	-10.4033	-8.50862
