name	count	evolved_interaction	ancestral_interaction	stability
K31Q.pdb_A	1	-10.4739	-10.5027	-26.688
N126T.pdb_A	6	-10.5375	-10.4881	-27.0545
A133F.pdb_A	11	-10.4347	-10.5134	-13.5933
Y64R.pdb_A	16	-10.5452	-10.5908	-6.74823
M1049N.pdb_C	27	-10.6115	-10.4766	-3.57976
Y144A.pdb_A	35	-7.8971	-7.43151	-7.52044
M118Q.pdb_A	43	-7.92377	-7.40937	-8.87953
N1063V.pdb_C	52	-7.8658	-10.5868	-4.84864
E63G.pdb_A	59	-6.39754	-6.26199	-6.99582
K30F.pdb_A	76	-6.48425	-6.10496	-6.18546
Q7T.pdb_A	89	-5.41273	-5.02271	-7.96049
A106M.pdb_A	97	-5.69612	-5.34117	-7.73368
F57L.pdb_A	106	-4.38558	-5.11589	-8.1026
Q1094R.pdb_C	115	-7.60176	-9.15382	-3.52093
A32N.pdb_A	122	-7.53188	-7.85568	-6.91494
S70Q.pdb_A	144	-7.56756	-7.87726	-8.38295
A152P.pdb_A	154	-7.57561	-7.8796	-9.76687
M58I.pdb_A	162	-7.57559	-7.88829	-6.80514
T1088M.pdb_C	171	-7.70095	-9.11639	-3.72061
S127E.pdb_A	180	-7.50491	-7.55145	-7.10974
V1054T.pdb_C	191	-7.89862	-8.88925	-2.70014
D1082L.pdb_C	211	-7.78795	-8.65802	-2.22503
H10W.pdb_A	224	-7.84422	-8.08781	-9.73196
K91V.pdb_A	230	-7.7627	-8.0219	-7.36983
K71H.pdb_A	240	-5.57847	-6.34275	-7.53979
T108A.pdb_A	251	-5.55708	-6.88249	-7.05262
K70Y.pdb_A	260	-5.1845	-6.87524	-7.2838
G50F.pdb_A	266	-5.25345	-6.71876	-7.41081
N1049F.pdb_C	280	-5.20152	-5.73677	-6.20555
W18F.pdb_A	289	-6.23638	-7.58169	-6.81451
L1045G.pdb_C	296	-6.27229	-5.80169	-3.24023
T61D.pdb_A	304	-6.45477	-7.81877	-8.36068
G142V.pdb_A	310	-6.76045	-7.7894	-8.46094
Y1062A.pdb_C	317	-6.75715	-5.67404	-4.43454
F1058K.pdb_C	332	-6.75679	-5.64873	-3.81317
V1074M.pdb_C	338	-6.67874	-5.59766	-4.27168
A1062N.pdb_C	347	-6.61783	-5.58659	-2.50198
L44I.pdb_A	356	-5.39879	-6.88765	-7.97852
L4T.pdb_A	363	-3.67279	-6.86751	-6.77337
N52D.pdb_A	375	-3.94532	-6.86751	-7.19603
M1094Y.pdb_C	381	-4.10174	-6.25384	-2.29961
W10Y.pdb_A	391	-4.08505	-6.86656	-10.6284
R1064M.pdb_C	403	-3.8704	-5.92127	-3.22537
Y101G.pdb_A	411	-4.32301	-6.79548	-7.65373
T1025Q.pdb_C	421	-1.13239	-5.972	-2.55887
L1043W.pdb_C	427	-1.12932	-5.4118	-5.03348
N122L.pdb_A	436	-1.04501	-2.89575	-6.83726
Q1034A.pdb_C	441	-2.16894	-1.39062	-3.09626
H54V.pdb_A	464	-2.07471	-3.06835	-8.31772
A25F.pdb_A	476	-3.64259	-4.89222	-6.18704
C84T.pdb_A	489	-3.58924	-4.93875	-6.21118
M1073I.pdb_C	500	-4.48229	-1.4229	-1.9645
L89W.pdb_A	512	-4.48728	-5.25804	-7.70417
K1058Y.pdb_C	520	-5.0381	-1.43511	-2.37417
I125M.pdb_A	540	-6.80469	-5.11315	-6.99135
F139G.pdb_A	550	-6.98012	-5.11479	-7.42747
M74S.pdb_A	561	-6.80215	-5.11096	-6.55178
S4W.pdb_A	568	-6.59289	-4.69787	-6.87738
G111Y.pdb_A	578	-6.57366	-4.55534	-8.3103
M107H.pdb_A	592	-6.54562	-4.56913	-6.60973
E1054N.pdb_C	611	-7.23828	-5.43326	-5.86317
S18K.pdb_A	621	-8.27688	-6.01642	-8.85989
Y111F.pdb_A	638	-8.20593	-6.01432	-7.21033
E12L.pdb_A	645	-7.64716	-5.28325	-10.287
F82I.pdb_A	651	-7.28001	-5.2049	-7.92112
T55C.pdb_A	657	-7.50874	-5.00439	-10.8664
K110N.pdb_A	664	-6.68762	-5.01086	-8.9408
H100N.pdb_A	673	-6.68466	-4.99813	-7.5823
W16L.pdb_A	679	-5.99742	-4.74357	-9.428
D37I.pdb_A	684	-6.03536	-4.68219	-7.88895
M1044F.pdb_C	691	-5.79216	-4.93807	-2.62795
R1036F.pdb_C	710	-5.69284	-4.36802	-4.81969
F14Y.pdb_A	717	-4.75197	-4.94808	-7.86526
L12C.pdb_A	726	-4.74866	-4.91441	-7.58651
K1085E.pdb_C	732	-5.67889	-4.72085	-7.06688
Y10F.pdb_A	739	-5.68177	-4.36944	-7.96049
Q79L.pdb_A	751	-5.34014	-4.62736	-8.30525
D102I.pdb_A	757	-5.35013	-4.25592	-7.45469
I146H.pdb_A	767	-5.34522	-4.28483	-6.83073
Y14S.pdb_A	778	-5.44435	-4.27589	-8.25533
H1042Y.pdb_C	787	-5.53729	-4.66502	-3.0615
K63N.pdb_A	792	-5.18937	-5.20665	-11.2171
P21V.pdb_A	798	-5.18015	-5.45663	-7.97318
F146M.pdb_A	806	-4.8865	-5.15898	-6.84583
Q118I.pdb_A	822	-1.97943	-5.1768	-7.60841
H1024L.pdb_C	839	-4.57308	-1.67559	-7.38671
G1040Y.pdb_C	847	-5.1706	-1.03297	-11.3424
Y1067N.pdb_C	856	-5.44951	-2.01886	-6.1094
D1084Y.pdb_C	868	-0.835948	2.0613	-4.74336
P73F.pdb_A	885	-1.12159	-3.71998	-6.29292
G6L.pdb_A	891	-1.31673	-3.50576	-8.86455
Y1084I.pdb_C	896	-1.20146	2.89055	-5.39322
W123E.pdb_A	902	-1.43043	-3.80395	-6.58445
V115I.pdb_A	914	-0.942201	-3.25676	-7.4975
H1065P.pdb_C	923	-2.13164	2.78762	-2.69985
R150V.pdb_A	940	-2.14863	-1.58069	-7.92817
V30R.pdb_A	954	-2.21032	-1.96872	-7.77185
N99R.pdb_A	973	-2.63595	-2.04086	-11.352
D25K.pdb_A	979	3.32105	-3.14859	-9.16605
Y1047K.pdb_C	988	2.96661	2.47782	-2.47046
K1047E.pdb_C	999	3.04199	2.47782	-3.53725
