name	count	evolved_interaction	ancestral_interaction	stability
V57I.pdb_A	1	-10.5367	-10.554	-27.03
T51Q.pdb_A	6	-10.5571	-10.5357	-24.7949
P46S.pdb_A	13	-10.4312	-10.4365	-22.3733
Y58F.pdb_A	19	-10.4379	-10.4101	-21.596
I112N.pdb_A	26	-10.4348	-10.4155	-8.45139
F137L.pdb_A	36	-10.4548	-10.4215	-8.36967
E12D.pdb_A	52	-11.4739	-10.7538	-7.02569
N126M.pdb_A	64	-11.4693	-10.7554	-7.67831
E1034P.pdb_C	72	-11.3635	-10.1352	-3.53954
C87Q.pdb_A	79	-11.3981	-10.8175	-10.0976
Q1076K.pdb_C	84	-10.7506	-10.4261	-2.37416
F81I.pdb_A	94	-10.7106	-10.7661	-9.32279
A1051Y.pdb_C	109	-10.7541	-10.4257	-4.83621
I1024N.pdb_C	114	-10.6396	-10.1222	-4.83948
T108L.pdb_A	128	-10.6362	-10.7678	-7.23507
L94I.pdb_A	138	-10.6382	-10.7678	-7.65076
Y64H.pdb_A	148	-10.6047	-10.7995	-7.14338
K146A.pdb_A	155	-10.5993	-10.8017	-9.29621
Y42D.pdb_A	170	-10.5887	-10.5654	-9.67023
N115V.pdb_A	177	-10.5722	-10.5623	-8.34644
M108F.pdb_A	187	-10.5401	-10.5721	-8.02429
I57W.pdb_A	210	-11.4742	-11.593	-7.16278
H1073Y.pdb_C	219	-10.6727	-10.2971	-4.31551
W117H.pdb_A	225	-10.573	-10.8799	-7.6714
N1080E.pdb_C	236	-10.5656	-10.2695	-3.30242
K63V.pdb_A	257	-10.4422	-10.6816	-6.82321
G1076W.pdb_C	269	-10.4448	-10.3383	-3.97247
A79C.pdb_A	280	-10.4368	-10.4909	-6.57949
W134A.pdb_A	289	-10.4382	-10.4851	-6.75313
Q1054H.pdb_C	311	-11.0413	-10.6837	-3.09567
M140F.pdb_A	327	-11.0527	-10.486	-7.76048
T91Y.pdb_A	346	-10.7121	-10.5944	-7.23528
E49W.pdb_A	355	-10.72	-10.9262	-7.73395
M1061S.pdb_C	361	-10.6916	-10.2054	-2.48943
A79D.pdb_A	375	-10.5766	-11.2123	-4.63254
G55A.pdb_A	420	-10.4996	-11.1464	-4.33384
N147E.pdb_A	429	-10.4956	-11.139	-5.17645
L109M.pdb_A	442	-10.4779	-10.8732	-6.65678
D1075A.pdb_C	447	-11.9037	-10.1633	-2.23707
L149K.pdb_A	453	-11.7554	-12.6353	-6.4003
C124Y.pdb_A	463	-11.7554	-12.6125	-9.47085
Q7T.pdb_A	472	-11.7688	-12.6542	-8.2556
R135G.pdb_A	478	-11.7829	-12.6203	-6.12744
N1050A.pdb_C	491	-11.8689	-9.92793	-5.13624
A65Y.pdb_A	504	-12.2865	-12.6084	-6.73501
M1051A.pdb_C	513	-12.271	-10.4539	-3.62327
F91H.pdb_A	518	-12.469	-12.6085	-6.36157
A1050L.pdb_C	528	-12.4456	-10.4925	-6.13825
Y1040N.pdb_C	534	-12.916	-10.1881	-3.97383
G1091K.pdb_C	541	-13.1568	-10.53	-4.0838
H1070I.pdb_C	547	-12.8398	-10.5356	-5.74286
R1024Y.pdb_C	562	-12.3275	-10.0837	-7.51019
K18S.pdb_A	575	-11.6232	-10.4852	-10.8367
E57A.pdb_A	581	-11.9814	-11.2902	-9.42908
G110E.pdb_A	589	-11.9727	-11.2717	-8.88375
I60M.pdb_A	595	-12.015	-11.542	-8.27754
Q1056A.pdb_C	607	-12.007	-9.41037	-4.22953
Y124L.pdb_A	617	-12.0238	-11.6066	-6.92234
K1027C.pdb_C	623	-11.3456	-8.72199	-3.50161
I1070A.pdb_C	630	-10.794	-8.48659	-5.85668
K125C.pdb_A	641	-11.0792	-9.60161	-7.46795
N1025M.pdb_C	653	-11.0301	-8.71834	-4.65755
K71R.pdb_A	665	-10.9399	-9.60829	-8.62373
R82S.pdb_A	674	-10.9039	-9.59164	-7.49578
N118R.pdb_A	682	-10.8929	-9.62412	-8.17913
A1070G.pdb_C	693	-10.7836	-8.97031	-4.65923
Q111A.pdb_A	700	-10.794	-10.5832	-7.54706
Y93Q.pdb_A	707	-10.8729	-9.3841	-7.16842
G1070K.pdb_C	719	-11.203	-8.97612	-6.2051
N96R.pdb_A	733	-11.1945	-9.3799	-6.88883
I1083M.pdb_C	747	-11.1323	-8.78298	-4.35325
Q71V.pdb_A	758	-11.0876	-10.7533	-6.35583
M122E.pdb_A	764	-11.2722	-10.7034	-7.62645
S46V.pdb_A	777	-10.7617	-10.3989	-5.98283
S82E.pdb_A	790	-10.8245	-8.79408	-6.86079
R1050F.pdb_C	798	-10.6485	-7.21336	-5.38417
W98G.pdb_A	813	-10.5756	-8.71375	-6.77258
H142R.pdb_A	822	-10.5831	-8.7747	-9.19076
I1054Y.pdb_C	830	-10.5831	-7.21316	-4.14192
Y156A.pdb_A	839	-10.6223	-10.6053	-7.37788
D1061S.pdb_C	852	-10.6771	-7.34921	-2.42259
A26T.pdb_A	870	-11.0195	-10.8063	-7.93039
T1077E.pdb_C	879	-10.7999	-7.28152	-2.30638
S1034H.pdb_C	896	-10.7488	-7.20708	-2.80807
S1023R.pdb_C	903	-10.7041	-7.25064	-2.80994
Y10W.pdb_A	910	-10.6577	-10.4137	-6.29397
M39T.pdb_A	920	-10.6537	-10.3675	-6.6108
N1071T.pdb_C	932	-10.629	-7.26885	-2.484
E110I.pdb_A	945	-10.8737	-10.7344	-7.0225
N98I.pdb_A	971	-10.8808	-10.7133	-8.12636
E1077S.pdb_C	989	-10.8566	-7.15949	-2.86021
