name	count	evolved_interaction	ancestral_interaction	stability
N66H.pdb_A	1	-10.4946	-10.5196	-26.1775
H83A.pdb_A	6	-8.12722	-10.5017	-19.5882
E131M.pdb_A	11	-8.09676	-10.4821	-17.3689
S95Q.pdb_A	16	-8.13746	-10.5028	-16.7226
Q130N.pdb_A	21	-8.38447	-10.6106	-17.3609
L119N.pdb_A	26	-8.60111	-10.625	-14.248
P128K.pdb_A	34	-8.59352	-10.6394	-6.04981
Q151V.pdb_A	42	-7.58761	-10.4858	-6.41649
E67W.pdb_A	61	-7.76412	-10.4846	-7.00292
K153A.pdb_A	67	-7.46454	-10.4071	-6.17448
Y93T.pdb_A	83	-7.4677	-10.4159	-5.75381
P72S.pdb_A	92	-7.44784	-10.4905	-6.19134
L149S.pdb_A	105	-7.4752	-10.5095	-6.23611
T1043C.pdb_C	111	-6.40509	-5.77646	-3.8051
K15L.pdb_A	118	-6.39263	-10.461	-7.40099
M1061L.pdb_C	124	-6.74391	-6.11957	-3.13763
T1077K.pdb_C	137	-6.69799	-6.07441	-4.96537
D145M.pdb_A	145	-7.22353	-10.5035	-10.7782
Q101H.pdb_A	150	-7.18833	-10.6214	-8.71942
T1042V.pdb_C	158	-7.26281	-6.151	-4.51381
R135M.pdb_A	167	-7.52486	-10.5834	-6.18861
S138G.pdb_A	182	-5.95302	-10.8035	-8.28377
R156C.pdb_A	188	-6.10547	-10.7108	-7.41686
D1075R.pdb_C	196	-6.10416	-4.10653	-5.34101
L150F.pdb_A	202	-6.28902	-10.7757	-8.10632
L109H.pdb_A	209	-6.27452	-10.8244	-6.56553
R17W.pdb_A	217	-4.40455	-4.78942	-7.52674
E142D.pdb_A	226	-3.43572	-1.75788	-7.20374
R127I.pdb_A	238	-3.39887	-1.77228	-7.39469
K145R.pdb_A	248	-2.98127	-2.28676	-7.59484
A131E.pdb_A	255	-3.02017	-2.29624	-8.12518
I127W.pdb_A	263	-3.07757	-2.28025	-8.31713
W1051V.pdb_C	272	-0.798435	-1.36794	-3.60423
R134M.pdb_A	282	-0.831891	1.14823	-10.6373
S3I.pdb_A	287	-0.395021	0.598155	-9.69322
R1075Y.pdb_C	293	-0.382844	-1.37161	-2.97494
A26C.pdb_A	300	-0.394654	0.72246	-5.20297
S149F.pdb_A	322	-0.43415	0.645717	-4.88211
K1038D.pdb_C	331	-0.356788	-2.80068	-3.44164
Q1055K.pdb_C	349	-0.814983	-1.18216	-4.49384
A108G.pdb_A	369	-0.679851	-0.164403	-7.76183
A1086R.pdb_C	384	-0.595845	-1.59464	-3.71939
A1046M.pdb_C	393	-0.786994	-1.62566	-4.54931
L37M.pdb_A	405	0.471679	0.64241	-6.8585
L127C.pdb_A	414	0.475667	0.623446	-7.00387
A22D.pdb_A	420	0.974441	1.52797	-5.43446
I62L.pdb_A	429	0.925637	1.75147	-7.8688
F1092T.pdb_C	442	1.98603	0.407179	-3.86174
C104K.pdb_A	448	1.43515	1.48863	-7.2681
Q39K.pdb_A	459	1.12796	1.46483	-6.29167
I1088P.pdb_C	477	1.99562	-0.772871	-4.67656
A1074G.pdb_C	490	1.92921	-0.115016	-3.05666
Y128P.pdb_A	502	2.23787	1.10966	-9.00638
D1090W.pdb_C	512	1.64298	2.2467	-4.73806
N29R.pdb_A	517	1.56207	1.20284	-7.74599
C1024S.pdb_C	524	1.81417	2.16532	-2.69588
I74T.pdb_A	534	1.92695	1.40612	-6.18984
G142Y.pdb_A	555	1.9353	1.46713	-6.41081
K146C.pdb_A	567	1.93531	1.41612	-6.43602
D121Q.pdb_A	584	1.93564	1.39035	-6.6334
Y144H.pdb_A	601	1.81501	1.41862	-6.4226
D1093M.pdb_C	608	1.57212	1.73631	-6.66138
Q35T.pdb_A	624	0.507694	0.717958	-7.35937
R48I.pdb_A	633	0.0816934	-0.37257	-6.55376
L1047G.pdb_C	644	0.155557	1.73754	-3.9789
K120F.pdb_A	663	0.165763	0.0440122	-9.56672
I48Q.pdb_A	668	1.35044	0.0908644	-8.28164
L9I.pdb_A	673	1.34909	0.167362	-6.82583
N1056K.pdb_C	679	1.03998	1.78097	-4.28014
Y106W.pdb_A	700	1.04678	0.206553	-6.99617
K153N.pdb_A	708	1.04075	0.226206	-7.4286
R13S.pdb_A	721	1.84599	1.55457	-8.46679
N153M.pdb_A	729	1.85018	1.47629	-8.78737
G115D.pdb_A	735	1.43243	1.47088	-8.80845
H101E.pdb_A	743	1.52305	1.52054	-8.63998
Q117W.pdb_A	755	1.55556	1.52397	-7.5278
M153W.pdb_A	771	1.58642	1.447	-8.26379
V113T.pdb_A	787	1.22955	1.57661	-9.49951
E118F.pdb_A	797	1.31927	1.57163	-8.17925
W143A.pdb_A	804	0.768464	-0.383575	-7.43604
I1064Y.pdb_C	811	2.36044	-0.109516	-3.17074
E101Y.pdb_A	826	1.19916	-2.82333	-7.64365
S68L.pdb_A	838	1.34477	-1.47889	-8.59117
L1079C.pdb_C	848	1.07656	-1.56647	-4.12886
M80F.pdb_A	861	1.09181	-0.758422	-6.76524
M137K.pdb_A	873	0.52547	-0.0671467	-7.389
C1025F.pdb_C	882	0.146387	-0.744507	-5.35028
T83M.pdb_A	890	0.0500272	-0.478454	-9.55145
A22E.pdb_A	898	-0.0576633	0.00269974	-8.37031
D1030C.pdb_C	906	0.09779	-0.66654	-4.26374
F128Q.pdb_A	916	-0.258561	-0.0451722	-7.58898
V91C.pdb_A	925	-0.203849	-0.372446	-7.44744
Y104D.pdb_A	933	-0.23456	-0.304626	-9.54722
M1068Q.pdb_C	941	-0.522841	0.0378278	-7.82738
M89T.pdb_A	947	-0.679216	-0.112894	-8.42559
Y52E.pdb_A	959	-0.728272	-0.20767	-7.8561
G100C.pdb_A	975	-0.367034	2.29048	-8.15221
W139D.pdb_A	987	-0.171326	2.26264	-10.8309
F51A.pdb_A	993	1.1886	4.03005	-10.3927
C100L.pdb_A	998	1.52958	4.22988	-11.7955
