name	count	evolved_interaction	ancestral_interaction	stability
P132A.pdb_A	1	-10.4946	-10.5196	-23.7102
Q111H.pdb_A	7	-10.5253	-10.4736	-19.8755
V116N.pdb_A	12	-10.8604	-10.7474	-11.7199
P65M.pdb_A	17	-10.8425	-10.6881	-11.3775
M65T.pdb_A	23	-10.7913	-10.6834	-9.85593
P1044E.pdb_C	29	-10.6724	-10.4297	-2.60521
C5P.pdb_A	39	-10.5617	-10.6708	-9.39591
K31H.pdb_A	47	-10.5135	-10.6325	-10.4678
D113C.pdb_A	55	-10.8806	-11.0003	-9.86161
K3N.pdb_A	176	-10.8735	-10.992	-7.23271
E1079Q.pdb_C	184	-10.9803	-10.36	-4.6266
G52S.pdb_A	192	-10.912	-11.0624	-7.98904
Q151F.pdb_A	200	-10.8882	-11.1325	-7.2576
K48M.pdb_A	212	-10.9258	-11.1334	-7.80008
C1083N.pdb_C	226	-11.5028	-9.7722	-5.03009
C118F.pdb_A	234	-10.646	-10.7972	-8.47094
E67M.pdb_A	243	-10.6573	-10.923	-8.50392
R1064K.pdb_C	254	-10.6726	-8.01954	-4.43936
A26C.pdb_A	260	-10.7621	-10.6645	-8.30801
K147N.pdb_A	269	-11.034	-10.6596	-7.31029
L74E.pdb_A	284	-11.0359	-10.9423	-7.41452
S1032E.pdb_C	295	-10.998	-9.09495	-1.92048
T1075Q.pdb_C	304	-11.106	-9.10333	-2.03941
P88Q.pdb_A	311	-11.1414	-11.3623	-7.40223
L150E.pdb_A	320	-10.9777	-10.8272	-8.45707
Q1075S.pdb_C	333	-10.9043	-9.17068	-5.83216
S4K.pdb_A	345	-10.7327	-10.9565	-6.9974
N1086W.pdb_C	356	-11.2348	-9.47091	-2.94303
W1086Y.pdb_C	362	-10.9327	-9.20344	-3.60466
F1065I.pdb_C	369	-11.0463	-9.14646	-2.03165
R95I.pdb_A	374	-11.0468	-10.8248	-11.7693
I95M.pdb_A	383	-10.6553	-10.4666	-10.9602
P125L.pdb_A	391	-10.5446	-10.2637	-8.34396
Q1056V.pdb_C	402	-10.5098	-9.4017	-3.06314
W71L.pdb_A	409	-10.5138	-10.2638	-7.12423
A146L.pdb_A	420	-10.4593	-10.2638	-8.0092
Q136L.pdb_A	430	-10.5056	-10.367	-11.5502
R124I.pdb_A	437	-11.4017	-11.2644	-8.73026
H111Q.pdb_A	447	-11.5052	-11.1142	-8.09875
V131R.pdb_A	455	-11.3222	-11.0906	-8.3285
E49D.pdb_A	463	-11.293	-11.0391	-8.21093
Y1030V.pdb_C	472	-11.6237	-9.4757	-2.90671
D1082V.pdb_C	480	-10.9974	-8.76421	-2.52834
V99I.pdb_A	491	-10.9257	-10.8381	-9.0654
A1070K.pdb_C	500	-11.0055	-8.65021	-2.72785
K1070N.pdb_C	506	-10.9769	-8.53372	-3.0083
K4A.pdb_A	512	-10.9558	-10.6406	-7.021
L27N.pdb_A	518	-10.6291	-10.0819	-9.95035
K18M.pdb_A	525	-10.4245	-9.9388	-7.15607
W127M.pdb_A	535	-11.2074	-9.69214	-7.51414
D104C.pdb_A	546	-11.1202	-9.41614	-6.98548
F151Y.pdb_A	554	-11.134	-9.82773	-8.42506
W1050M.pdb_C	560	-11.1165	-8.74579	-5.56535
Q1079Y.pdb_C	580	-11.1315	-8.78488	-3.44974
L94V.pdb_A	590	-11.7042	-10.3958	-9.3354
S115W.pdb_A	596	-11.4621	-10.2774	-7.64021
G4D.pdb_A	601	-11.4398	-9.72511	-10.6301
C149W.pdb_A	606	-10.654	-10.0248	-9.5104
Y144Q.pdb_A	616	-10.7399	-9.94402	-7.06176
K1040M.pdb_C	622	-10.55	-8.51646	-4.1268
M1032H.pdb_C	633	-11.0061	-8.89702	-2.59117
M67R.pdb_A	643	-10.9961	-10.5998	-6.67325
I1054K.pdb_C	652	-11.754	-8.81364	-2.08349
N63M.pdb_A	660	-11.9674	-11.351	-8.17765
F1050W.pdb_C	669	-10.9373	-8.56499	-3.00383
Y1044A.pdb_C	684	-11.6945	-8.56495	-2.71558
N147F.pdb_A	697	-11.7388	-12.7537	-7.41295
K154L.pdb_A	710	-11.736	-12.6522	-6.37641
H130M.pdb_A	725	-11.5666	-12.2587	-7.14868
N1070P.pdb_C	732	-11.2735	-8.15535	-3.02408
E1079Y.pdb_C	738	-11.3762	-8.19169	-3.65461
L50Q.pdb_A	749	-11.4023	-11.2205	-7.76267
V138Q.pdb_A	763	-11.3903	-11.2386	-6.41366
A1062P.pdb_C	777	-11.0412	-8.10864	-3.5586
R1047Y.pdb_C	793	-11.0664	-8.14115	-5.56863
D1074R.pdb_C	802	-11.1193	-8.22837	-5.20514
N1077P.pdb_C	814	-11.149	-8.23068	-3.54725
V1049A.pdb_C	827	-11.1232	-8.23286	-3.1524
R1074N.pdb_C	840	-11.1101	-8.7401	-5.91611
D1080N.pdb_C	849	-11.4011	-8.98589	-3.77886
R15Q.pdb_A	858	-11.467	-11.0933	-7.44644
Y106F.pdb_A	873	-11.4874	-10.9857	-6.9197
C148I.pdb_A	885	-11.2811	-10.9072	-10.0174
H113K.pdb_A	892	-11.775	-11.0897	-6.88354
N1074M.pdb_C	906	-11.1443	-7.99848	-3.32671
W7F.pdb_A	921	-11.1719	-11.1871	-7.63695
Q138C.pdb_A	926	-10.9039	-11.0052	-11.1593
I1064C.pdb_C	933	-10.8313	-7.67203	-3.68425
G1095T.pdb_C	940	-10.8331	-6.71792	-5.49592
R114C.pdb_A	956	-10.8274	-11.0579	-6.55161
G1079A.pdb_C	962	-11.0112	-7.2899	-7.20717
L27A.pdb_A	972	-10.8063	-10.3837	-7.09288
V29D.pdb_A	985	-10.7362	-10.3108	-9.77975
S51Q.pdb_A	990	-10.7362	-9.95965	-8.66218
