name	count	evolved_interaction	ancestral_interaction	stability
D1030V.pdb_C	1	-10.6926	-10.5984	-4.24976
E1034M.pdb_C	6	-10.7816	-10.6663	-6.19555
I45G.pdb_A	11	-11.5191	-10.4519	-11.8673
K15T.pdb_A	16	-10.9462	-10.3088	-11.3694
R8S.pdb_A	21	-6.50422	-5.33229	-11.9614
M1049Y.pdb_C	26	-6.65981	-10.2194	-2.46914
K141S.pdb_A	35	-8.10895	-5.41228	-7.14651
R139S.pdb_A	43	-7.86776	-5.40907	-7.14785
L1063W.pdb_C	50	-7.92104	-7.81475	-3.233
D19T.pdb_A	59	-7.68604	-5.49539	-8.6107
W134L.pdb_A	65	-7.12093	-4.99805	-9.18169
S8H.pdb_A	76	-7.12807	-5.01262	-9.58703
A1051E.pdb_C	84	-7.19447	-7.6702	-4.58464
D1087T.pdb_C	90	-4.47703	-5.64691	-3.05993
T19P.pdb_A	96	-4.72507	-5.45186	-7.44861
S31F.pdb_A	111	-5.05747	-5.54872	-7.10359
H8C.pdb_A	121	-5.05614	-5.85408	-6.83955
N126T.pdb_A	130	-5.07119	-5.83061	-8.16014
D102H.pdb_A	137	-2.91407	-2.79401	-7.45846
V1087S.pdb_C	146	-2.61657	-6.88218	-6.36003
I39V.pdb_A	153	-1.93653	-2.02492	-10.3219
G55A.pdb_A	158	-0.351488	-0.618056	-8.78698
A1074F.pdb_C	164	-1.15007	-6.57891	-8.52535
G45H.pdb_A	170	0.192552	-0.813317	-9.51837
N127R.pdb_A	179	0.261664	-0.812026	-8.90897
S27H.pdb_A	187	0.432183	-2.05831	-8.98423
I33L.pdb_A	197	0.755399	-1.77329	-6.91226
R1055L.pdb_C	210	0.818033	-4.31257	-5.73524
I40E.pdb_A	217	0.427937	-1.69559	-7.99601
S89P.pdb_A	223	0.288888	-1.74254	-7.07889
S6W.pdb_A	231	0.13229	-1.90713	-7.60484
I1089C.pdb_C	239	-0.00484765	-5.53311	-4.25317
S136K.pdb_A	246	-0.818136	-1.98994	-8.7894
R1025V.pdb_C	254	-1.3908	-4.38172	-3.42326
D33A.pdb_A	262	-1.58391	-2.00254	-9.68854
F137C.pdb_A	269	-2.61162	-2.45255	-7.64808
A54Q.pdb_A	281	-2.63441	-2.36121	-7.01162
R1041P.pdb_C	293	-3.85166	-4.36201	-2.93518
K132H.pdb_A	307	-2.6227	-2.4032	-6.71891
K71E.pdb_A	315	-0.361183	-1.13906	-6.50653
E131S.pdb_A	321	-0.536476	-1.13916	-7.59331
L107R.pdb_A	326	-0.690107	-0.526725	-10.6786
P78E.pdb_A	333	-1.34193	-0.562957	-7.38042
T50Q.pdb_A	345	-1.58052	-0.504146	-8.25538
W1082H.pdb_C	354	-3.20405	-4.88868	-3.92328
K1061M.pdb_C	366	-3.20406	-4.66137	-4.07226
Y1058F.pdb_C	373	-3.31609	-5.96273	-2.85425
W53L.pdb_A	382	-3.32561	-0.583478	-7.43139
L109P.pdb_A	396	-3.31889	-0.606614	-6.49949
K14I.pdb_A	403	-3.31539	-1.00202	-10.3572
G153I.pdb_A	413	-3.11424	-0.819535	-14.2816
L9G.pdb_A	418	-4.98808	-0.849651	-10.6784
R1060A.pdb_C	424	-3.15878	-7.13921	-3.07422
D1068F.pdb_C	438	-3.31023	-2.87918	-4.60456
Y80V.pdb_A	444	-3.38918	3.49301	-8.18215
Q6G.pdb_A	452	-3.38723	3.51546	-6.8028
S141L.pdb_A	470	-3.12224	3.46951	-8.12375
N115T.pdb_A	479	-2.16516	1.04318	-8.89248
I1075H.pdb_C	485	-2.85931	-5.12313	-2.76916
H27C.pdb_A	495	-3.23429	1.77756	-7.12673
I60M.pdb_A	511	-3.54829	1.803	-8.83389
I1095Y.pdb_C	517	-3.21364	-5.19958	-2.73971
K18Y.pdb_A	524	-3.27068	1.22955	-10.9191
W66M.pdb_A	534	-3.11891	1.22902	-8.33928
C37E.pdb_A	544	-0.727867	1.20435	-8.1631
G95I.pdb_A	550	-1.46873	0.624292	-13.0792
F45H.pdb_A	556	-1.47693	0.0159391	-9.05635
V1070W.pdb_C	564	-1.73999	0.428593	-2.71606
Y49C.pdb_A	571	-1.76728	0.344728	-8.30572
N52C.pdb_A	582	-1.94147	0.679311	-7.64451
S25Y.pdb_A	590	-3.66303	-1.52512	-8.79199
E15S.pdb_A	601	-4.15045	-1.47333	-8.89952
L1051T.pdb_C	611	-2.6925	-0.542066	-1.85269
M66F.pdb_A	621	-2.64468	-0.503942	-7.8346
K1079Q.pdb_C	630	-2.75163	-1.13478	-2.69023
K1023I.pdb_C	646	-2.69888	-0.800713	-2.6904
H83K.pdb_A	666	-4.38976	-1.21449	-9.08924
F1076Y.pdb_C	673	-5.03052	-0.80349	-3.66027
Y82F.pdb_A	680	-5.04632	-1.43768	-9.59217
S1084K.pdb_C	689	-5.3872	-0.4496	-4.75846
T91E.pdb_A	694	-5.48046	-1.87707	-9.75943
L16C.pdb_A	703	-5.36095	-1.89921	-7.8815
R1093L.pdb_C	715	-4.13843	-0.448652	-4.59711
W138Q.pdb_A	731	-4.05451	-0.816795	-8.15361
T1042D.pdb_C	745	-3.59386	-0.125557	-4.02553
M156G.pdb_A	756	-3.71267	-0.754667	-7.79008
K107R.pdb_A	784	-4.47379	-0.738289	-7.92524
V8L.pdb_A	793	-4.59188	-0.847603	-8.76882
Q138F.pdb_A	800	-5.52716	-0.757767	-11.1286
S1047V.pdb_C	806	-5.45722	0.313975	-2.66975
W88L.pdb_A	816	-2.253	-0.473307	-8.65572
Y15L.pdb_A	823	-2.53632	-0.726318	-13.1897
P48Y.pdb_A	829	-2.21426	-0.525853	-9.50825
C1092L.pdb_C	836	-2.53061	3.49805	-3.22023
D1042A.pdb_C	844	-2.47091	3.52209	-3.84679
E154I.pdb_A	864	-2.51949	-0.543055	-8.90534
G1094N.pdb_C	876	-2.55072	3.50495	-2.94368
M17T.pdb_A	886	-1.25427	-0.675193	-8.40525
A33N.pdb_A	894	-1.27701	-0.294735	-10.2104
P1088G.pdb_C	903	-2.36346	0.7928	-2.4276
R1081I.pdb_C	923	-2.30951	-0.276476	-2.20726
E135W.pdb_A	933	-2.32795	-0.195941	-8.83132
M127L.pdb_A	940	-2.32572	-0.0415828	-7.21389
Y1035K.pdb_C	948	-2.3432	0.426525	-5.44128
S10Q.pdb_A	956	-2.87405	-0.678655	-6.79983
K27A.pdb_A	965	-2.55705	-0.197394	-6.20471
R149F.pdb_A	973	-2.24135	-0.955383	-6.11505
V51Q.pdb_A	985	-2.25668	-0.945077	-5.78341
K42I.pdb_A	993	-2.26947	-0.885625	-6.29777
