name	count	evolved_interaction	ancestral_interaction	stability
G115I.pdb_A	1	-10.4944	-10.5009	-28.4981
T108A.pdb_A	8	-10.6478	-10.6462	-26.5087
L119F.pdb_A	14	-10.5845	-10.6442	-17.7542
P59E.pdb_A	22	-10.5373	-10.6295	-19.3445
R11F.pdb_A	30	-11.2544	-10.6967	-18.2572
K14L.pdb_A	36	-10.9374	-10.4524	-16.3124
Q1076W.pdb_C	41	-11.4369	-11.0341	-3.59449
Q154F.pdb_A	51	-11.4511	-10.9973	-6.95477
M79F.pdb_A	58	-11.4456	-11.0095	-7.65138
N101A.pdb_A	65	-11.4548	-10.9879	-8.81411
T115F.pdb_A	80	-10.9439	-10.4922	-8.09381
L109V.pdb_A	87	-10.959	-10.4265	-6.77541
R1055V.pdb_C	103	-10.6761	-10.8207	-2.24498
S127F.pdb_A	112	-10.6868	-10.2199	-12.7423
C74T.pdb_A	119	-10.7692	-10.3205	-10.1538
I92L.pdb_A	125	-10.9399	-10.5863	-11.0906
E12Y.pdb_A	132	-11.0481	-10.6862	-9.78236
S35Y.pdb_A	140	-11.0343	-10.6808	-9.27939
Y112K.pdb_A	146	-11.3406	-10.8544	-6.96728
M1077S.pdb_C	168	-11.3535	-11.0935	-4.61956
D1080S.pdb_C	181	-11.6352	-11.0953	-5.13385
R1047A.pdb_C	190	-11.6554	-11.0528	-4.51543
S1029L.pdb_C	202	-12.0355	-12.8464	-6.31227
M76R.pdb_A	208	-12.4219	-10.1469	-8.86713
P123W.pdb_A	217	-12.3274	-10.0836	-8.14999
N29D.pdb_A	223	-12.1495	-9.75511	-8.54924
K112R.pdb_A	231	-11.6412	-9.69845	-7.46519
A1047E.pdb_C	245	-11.673	-12.0581	-3.237
M1066K.pdb_C	258	-10.5159	-11.448	-4.19001
E1094V.pdb_C	270	-10.4879	-11.4314	-5.32005
A1073M.pdb_C	279	-10.4927	-11.429	-6.15364
A1051E.pdb_C	293	-10.4931	-11.4291	-6.61184
S1033E.pdb_C	299	-10.4532	-10.7378	-5.36166
L131M.pdb_A	312	-10.5129	-9.76398	-7.4934
C93Y.pdb_A	322	-10.7204	-9.76408	-7.99102
A70I.pdb_A	331	-10.5564	-9.73328	-10.7868
C134A.pdb_A	340	-10.5949	-9.79253	-7.65324
D29K.pdb_A	353	-10.8539	-9.96643	-8.97546
K146H.pdb_A	361	-10.743	-9.82081	-7.15883
N1086A.pdb_C	370	-10.864	-10.9446	-2.08729
L1047E.pdb_C	381	-10.7257	-10.8499	-6.02463
Q117K.pdb_A	387	-10.81	-9.89022	-8.60803
G121H.pdb_A	398	-10.7245	-9.86523	-7.46757
V86T.pdb_A	403	-10.7319	-9.8584	-8.10186
C142M.pdb_A	410	-10.804	-10.179	-8.47231
G59M.pdb_A	419	-10.8104	-10.1749	-8.29335
M131E.pdb_A	427	-10.7592	-10.0681	-7.76984
D1080I.pdb_C	438	-10.7477	-10.2639	-3.73166
T1050R.pdb_C	459	-10.7392	-10.359	-3.38178
E49A.pdb_A	465	-10.7841	-10.2504	-10.4206
V31H.pdb_A	470	-10.5573	-10.5847	-12.2112
K74M.pdb_A	475	-10.5328	-10.5468	-7.38016
V1094Q.pdb_C	491	-10.7334	-10.3799	-2.12562
M59R.pdb_A	501	-10.97	-10.913	-6.87505
H146E.pdb_A	512	-10.9649	-10.8767	-7.13451
N126Q.pdb_A	521	-10.9649	-10.8759	-7.98799
Y58L.pdb_A	539	-10.9418	-10.828	-8.80624
P49G.pdb_A	547	-10.9418	-10.8285	-8.93761
F104L.pdb_A	555	-10.9431	-10.523	-6.89412
F11A.pdb_A	563	-10.8333	-10.2991	-9.49182
V1071Q.pdb_C	572	-10.5354	-10.4318	-3.1771
M67W.pdb_A	585	-10.5235	-10.2073	-8.94148
W67A.pdb_A	596	-10.5237	-10.2075	-8.07331
M142W.pdb_A	607	-10.4796	-10.1431	-8.33658
A34S.pdb_A	618	-10.4906	-10.1482	-7.62834
Q1094N.pdb_C	626	-10.5067	-10.2385	-2.08819
I1080A.pdb_C	636	-10.4772	-10.2385	-2.6724
V1070Y.pdb_C	641	-10.4033	-10.034	-4.68746
F119T.pdb_A	649	-10.4017	-10.1135	-9.2737
N1094S.pdb_C	656	-10.4788	-10.0346	-2.34736
C152S.pdb_A	673	-10.5184	-10.0787	-7.34278
S89V.pdb_A	683	-10.4389	-10.0742	-7.27786
V32F.pdb_A	699	-10.4672	-10.0742	-7.75102
T1093P.pdb_C	709	-10.4747	-10.0492	-4.38557
E1066M.pdb_C	717	-11.8938	-10.0133	-4.00707
Y1070N.pdb_C	726	-11.8874	-10.0036	-4.17053
G87N.pdb_A	735	-11.8154	-10.6359	-7.7215
E1084I.pdb_C	744	-12.4233	-10.6052	-2.25179
C53D.pdb_A	750	-10.955	-10.4653	-6.84498
R114S.pdb_A	760	-10.8724	-10.3727	-8.16724
N30Y.pdb_A	768	-10.7773	-10.0857	-7.27255
T126N.pdb_A	788	-10.9175	-10.3238	-7.63169
N1081Y.pdb_C	798	-10.9077	-9.74899	-4.41002
Y3T.pdb_A	808	-10.8722	-10.3388	-9.6908
H20Y.pdb_A	816	-11.4514	-10.5759	-7.39873
S1046R.pdb_C	833	-11.9351	-9.22543	-3.89941
H1028I.pdb_C	847	-11.9355	-9.24065	-5.52369
R1064L.pdb_C	856	-11.8752	-9.48556	-6.27262
V1060R.pdb_C	871	-12.5583	-2.27699	-1.83548
H140F.pdb_A	882	-12.0717	-10.3604	-9.52518
S56C.pdb_A	888	-11.2128	-10.3497	-10.1571
R1060K.pdb_C	895	-12.0996	-5.46305	-2.16042
H129T.pdb_A	902	-14.9123	-10.9812	-8.40092
D1075G.pdb_C	915	-12.8201	-6.10021	-1.80485
K6D.pdb_A	922	-14.0409	-10.2823	-8.04175
N11M.pdb_A	927	-12.7619	-10.3251	-10.3258
R13Q.pdb_A	932	-11.5848	-7.39331	-12.2906
N1076T.pdb_C	941	-10.4882	-6.03423	-2.77142
T145V.pdb_A	949	-11.6287	-7.4241	-7.33398
G44Q.pdb_A	971	-11.1873	-7.52115	-7.74292
I97R.pdb_A	984	-11.232	-7.51565	-10.7009
K27H.pdb_A	998	-12.2517	-8.76448	-7.62767
