name	count	evolved_interaction	ancestral_interaction	stability
L149G.pdb_A	1	-10.4927	-10.4995	-24.3176
H1023L.pdb_C	6	-10.3849	-9.45738	-11.6763
L1081S.pdb_C	12	-9.99991	-10.0174	-8.31308
D118R.pdb_A	18	-9.97507	-10.4617	-28.1273
R1047F.pdb_C	23	-9.91818	-9.94204	-7.05287
L114E.pdb_A	29	-8.00171	-7.60566	-24.9434
I60C.pdb_A	34	-8.02252	-7.64911	-18.9958
S1029G.pdb_C	39	-8.59106	-10.5898	-5.56606
V1025N.pdb_C	44	-8.29621	-10.661	-7.06165
S1081D.pdb_C	55	-8.87284	-11.1726	-4.33619
Q101R.pdb_A	67	-6.40587	-7.94087	-6.55686
A54N.pdb_A	73	-7.09048	-7.09294	-7.62759
N52Q.pdb_A	83	-7.01021	-7.11945	-7.52165
A26I.pdb_A	90	-7.01281	-7.13174	-6.45597
K147R.pdb_A	97	-6.98743	-7.1071	-8.14487
I1089L.pdb_C	112	-7.35495	-8.07311	-4.47384
P102S.pdb_A	118	-7.32274	-7.13594	-11.743
E1094I.pdb_C	124	-7.33039	-8.05604	-2.88065
P59F.pdb_A	133	-6.84034	-7.00289	-7.66665
C35I.pdb_A	138	-6.8251	-7.07551	-9.57715
H63W.pdb_A	147	-6.76159	-6.97361	-12.1034
P84V.pdb_A	155	-6.84516	-7.07594	-8.80072
I112V.pdb_A	163	-7.067	-6.77587	-7.34734
C1065I.pdb_C	173	-7.06758	-7.68068	-7.38018
S1095Q.pdb_C	179	-7.03333	-7.81974	-7.27915
H1032W.pdb_C	186	-7.74679	-7.42967	-3.42234
S5R.pdb_A	193	-7.39882	-6.68135	-7.41976
C60S.pdb_A	199	-5.28974	-6.47001	-8.68281
I61N.pdb_A	207	-5.3364	-6.70023	-6.82244
R17E.pdb_A	217	-3.89066	-2.48293	-6.33154
H48W.pdb_A	236	-3.67981	-3.63087	-8.41144
D145L.pdb_A	245	-3.69253	-3.65492	-10.6135
P1084W.pdb_C	250	-4.61435	-5.15318	-2.77686
S1033Q.pdb_C	256	-2.76941	-5.83432	-4.2482
E67R.pdb_A	266	-0.395565	0.983498	-6.83665
M1067H.pdb_C	275	0.674619	-7.3585	-3.22656
G49M.pdb_A	285	0.561127	0.659687	-7.0908
H1061W.pdb_C	292	0.708371	-6.91159	-3.55515
N142A.pdb_A	304	0.670094	0.655351	-7.50108
D140E.pdb_A	313	0.541313	0.652747	-8.05935
G50F.pdb_A	327	0.992168	0.583866	-7.31611
Q1033Y.pdb_C	338	0.791494	-3.08946	-2.04023
S102W.pdb_A	356	0.827106	0.507477	-7.75517
W134M.pdb_A	363	0.769278	0.519053	-7.96121
W16Y.pdb_A	368	-0.00368367	0.945601	-12.7137
Q1095R.pdb_C	374	-0.437295	-5.60469	-3.68335
I149L.pdb_A	379	-0.440276	1.02214	-11.8206
M99E.pdb_A	385	-0.452954	0.864603	-12.882
A61N.pdb_A	392	-0.456159	0.86468	-9.43074
L109V.pdb_A	400	-1.64012	0.490789	-7.77706
R143M.pdb_A	432	-2.14419	0.572938	-7.74187
R75I.pdb_A	444	-1.48334	0.888549	-8.94301
T1050V.pdb_C	451	-1.45424	-5.23728	-2.56877
V1050T.pdb_C	461	-1.43686	-5.2057	-3.34587
L1045M.pdb_C	468	-1.86662	-3.35369	-3.35369
T1094D.pdb_C	475	-1.09685	-4.82353	-2.51308
W14R.pdb_A	482	-0.611946	-1.46483	-7.03393
V118E.pdb_A	491	-0.637959	-0.814089	-7.31282
N61F.pdb_A	504	0.719184	-0.678071	-6.72026
A3H.pdb_A	515	2.2847	0.0984134	-6.0203
F6R.pdb_A	520	2.37871	-0.511362	-4.15652
Q5N.pdb_A	537	1.64447	1.51922	-7.58571
D33F.pdb_A	550	1.63928	1.23632	-8.35794
W1061P.pdb_C	557	2.42407	-0.334693	-3.43492
E44L.pdb_A	564	1.57396	1.31922	-9.79936
I75Y.pdb_A	570	1.50914	1.48073	-6.9128
K76Y.pdb_A	580	1.55431	1.46824	-7.62392
M1045L.pdb_C	586	1.7656	-4.14702	-3.61973
D93I.pdb_A	594	1.73896	1.62066	-7.93332
Q1033I.pdb_C	603	1.48011	-4.12848	-3.20066
K1036L.pdb_C	612	1.44504	-4.08416	-5.21345
V88T.pdb_A	622	1.99195	1.346	-6.85372
W3N.pdb_A	630	1.8775	1.41118	-7.02693
E118Y.pdb_A	639	2.67277	1.50524	-6.81323
Q1061L.pdb_C	651	2.55714	-2.99615	-1.89086
R42K.pdb_A	657	4.01281	3.79512	-7.37457
V109L.pdb_A	669	2.50328	3.68912	-7.67568
E1040M.pdb_C	681	2.50735	-2.96974	-3.34011
M1044L.pdb_C	690	2.50758	-2.96974	-2.27823
L1063Y.pdb_C	695	2.42342	-3.03393	-4.62312
A1087W.pdb_C	705	1.1028	-3.07458	-3.67645
T154K.pdb_A	715	-0.611401	4.50287	-8.81788
F23N.pdb_A	721	0.616169	5.54343	-6.67778
L149N.pdb_A	735	0.612667	5.53136	-8.49375
N1090L.pdb_C	742	-0.581936	-2.07878	-5.77868
P65W.pdb_A	748	-0.257124	5.34435	-7.21246
Y101R.pdb_A	753	-0.521356	4.64522	-10.0666
H36G.pdb_A	760	-0.512438	4.82658	-7.99251
R1060N.pdb_C	770	-1.08715	-1.74359	-2.97133
V1066L.pdb_C	781	-1.41557	-1.94311	-6.34147
F1033K.pdb_C	790	-2.29726	-1.91796	-6.1182
M1040Y.pdb_C	797	-1.83635	-1.68882	-5.773
L1088H.pdb_C	804	-1.05558	-0.517594	-3.82608
I1024K.pdb_C	815	-1.25106	-0.537859	-2.52525
Y68M.pdb_A	831	-1.26802	3.01796	-7.10415
K87Y.pdb_A	844	-0.418415	3.01805	-7.50494
P1023W.pdb_C	851	-1.20055	0.586053	-3.77019
M143I.pdb_A	858	-1.59647	1.81976	-9.70498
M44T.pdb_A	866	-0.984956	2.12839	-8.31291
N147L.pdb_A	877	-0.965998	2.0762	-7.02113
D1033S.pdb_C	890	-1.05841	0.986375	-7.15803
Y1040W.pdb_C	896	-1.22686	0.973667	-8.33046
G1086H.pdb_C	901	-1.06612	0.581502	-5.67261
Q133R.pdb_A	907	-2.40829	1.96382	-9.41194
Y131E.pdb_A	927	-2.26351	2.02588	-6.54832
N141W.pdb_A	936	-2.2635	2.02121	-7.72145
S1033E.pdb_C	943	-0.903104	0.54136	-4.07053
T43I.pdb_A	950	-0.958573	4.26273	-8.52182
Y122Q.pdb_A	956	0.703454	4.29586	-7.43725
L1054V.pdb_C	967	0.350392	-2.09347	-4.97284
A50G.pdb_A	974	0.860127	4.29727	-10.2471
E8I.pdb_A	988	0.70757	3.70513	-8.23698
E150H.pdb_A	993	1.3148	4.30176	-7.07725
