name	count	evolved_interaction	ancestral_interaction	stability
S156D.pdb_A	1	-10.1802	-10.2091	-24.7495
Y155M.pdb_A	7	-10.2103	-10.1683	-7.63969
A133P.pdb_A	15	-10.2534	-10.3064	-7.74929
T1077G.pdb_C	21	-10.1734	-10.3467	-3.77575
S89C.pdb_A	26	-10.5154	-10.445	-7.47931
R1071P.pdb_C	36	-9.69803	-10.4208	-3.57115
G1077K.pdb_C	44	-9.72522	-10.4135	-4.67378
P128C.pdb_A	52	-9.36216	-9.33385	-8.72722
N1025P.pdb_C	61	-9.80059	-10.3536	-6.96333
K18E.pdb_A	70	-8.57786	-8.2058	-7.85075
A142S.pdb_A	77	-6.06083	-5.99828	-6.68337
S70Q.pdb_A	87	-5.97698	-6.02943	-8.43296
D1027Q.pdb_C	95	-5.66842	-9.51175	-6.64637
Q121F.pdb_A	101	-5.71036	-6.24781	-8.82791
H22A.pdb_A	107	-2.29771	-2.77406	-6.83059
H1057G.pdb_C	116	-2.93581	-9.61905	-8.63732
D1075N.pdb_C	124	-1.07528	-8.12219	-6.48637
E1034H.pdb_C	134	-1.12309	-7.086	-6.87352
R17Q.pdb_A	142	1.57085	0.127199	-6.38211
S1064G.pdb_C	150	1.21198	-6.35587	-2.38545
G118A.pdb_A	162	1.37252	-0.21202	-7.11332
Q1073N.pdb_C	171	0.979982	-7.03318	-2.95809
D1080C.pdb_C	187	0.90331	-6.428	-2.75666
A54H.pdb_A	198	0.745826	0.17522	-7.18515
S122V.pdb_A	207	0.301082	0.225319	-6.52055
D1068W.pdb_C	214	0.597417	-4.11823	-5.67061
V1030G.pdb_C	220	0.115334	-3.76669	-2.15433
Q1087T.pdb_C	229	0.822313	-4.64102	-4.66959
D1073N.pdb_C	237	0.828982	-4.64102	-3.83202
Q117L.pdb_A	251	0.449453	2.79893	-8.39646
P1044A.pdb_C	259	0.453677	-3.74486	-2.99618
R46P.pdb_A	275	0.406518	3.00706	-7.88371
E135T.pdb_A	284	0.407145	3.03974	-7.47764
F1065E.pdb_C	289	0.00283043	-3.95201	-1.90663
Y34I.pdb_A	297	0.0108107	3.03997	-5.85877
W1084H.pdb_C	306	-0.0464928	-1.74265	-4.26637
H4P.pdb_A	314	-0.323058	3.15877	-7.68977
V148Y.pdb_A	322	-0.438383	3.2434	-5.82171
Y108D.pdb_A	335	2.98298	2.9254	-6.65819
V122I.pdb_A	342	2.9221	2.67149	-9.27931
H1032F.pdb_C	349	3.0051	0.418904	-2.80964
N1073D.pdb_C	369	2.99012	0.395913	-2.37757
C1080V.pdb_C	387	2.83531	0.506885	-3.55684
A1053L.pdb_C	393	2.74602	0.560118	-5.58061
E1090R.pdb_C	403	1.66545	20.5604	-3.67928
E63W.pdb_A	413	1.04414	5.34403	-8.38657
C156S.pdb_A	420	0.880762	2.88862	-6.39838
N124I.pdb_A	427	0.864147	2.89944	-9.38366
F1032D.pdb_C	433	1.24043	21.1299	-1.98607
K141M.pdb_A	443	0.789651	2.36763	-6.43232
E89M.pdb_A	449	-0.878072	1.49543	-6.4322
G1030L.pdb_C	467	-0.948789	15.4842	-3.13608
W106C.pdb_A	473	-0.966204	1.61579	-5.94208
Y58H.pdb_A	486	-0.518292	1.60258	-6.00348
M143V.pdb_A	496	-0.346984	1.59194	-8.26433
M89Q.pdb_A	501	-0.338759	1.51516	-6.96314
W111K.pdb_A	508	-0.334156	1.53949	-9.94961
E1079W.pdb_C	514	-0.161057	15.0828	-2.26438
R1034A.pdb_C	541	-0.419754	14.8082	-0.887356
M66W.pdb_A	550	0.0403955	4.67091	-8.59855
Y110F.pdb_A	557	-0.024943	2.22052	-8.00245
W63M.pdb_A	562	-0.159415	2.03769	-6.85783
M118F.pdb_A	573	-0.110704	1.99591	-8.23021
E131A.pdb_A	580	-0.110809	1.90685	-7.60813
L1088Y.pdb_C	593	2.11433	3.80708	-1.18155
R74Q.pdb_A	602	1.41116	5.02553	-8.7781
L100S.pdb_A	608	1.00588	4.56415	-9.6456
C130K.pdb_A	618	0.226526	4.96178	-10.174
N126M.pdb_A	628	0.294862	4.30892	-7.21545
E101A.pdb_A	638	0.0794888	4.53218	-8.65505
L54F.pdb_A	644	0.104815	4.64958	-9.42999
F37I.pdb_A	660	0.106099	4.53305	-7.16706
V1036M.pdb_C	667	-0.232844	3.78755	-5.08701
C1059V.pdb_C	674	-1.23816	3.81465	-5.53823
C1043G.pdb_C	680	-1.23508	3.81465	-4.26398
Q1092F.pdb_C	693	-0.230714	2.46201	-4.63758
Q141F.pdb_A	707	-1.19195	2.19147	-7.51322
E18K.pdb_A	715	-2.21632	1.92243	-8.2145
D99C.pdb_A	723	-2.34568	1.85123	-7.86887
K18A.pdb_A	731	-1.89357	-0.75478	-7.15832
F1092W.pdb_C	738	-2.55623	2.87795	-4.55302
S105L.pdb_A	750	-2.64663	0.242379	-9.001
I61R.pdb_A	759	-2.66471	0.12791	-7.57666
K1077P.pdb_C	770	-2.7156	2.78442	-4.61379
Q52E.pdb_A	790	-1.35195	0.703191	-9.44785
R1053Q.pdb_C	804	-1.88153	0.121219	-3.54238
I145M.pdb_A	812	-1.61143	0.760607	-8.10565
S7K.pdb_A	820	-1.61244	0.624879	-12.2844
I11D.pdb_A	827	-1.61725	0.601045	-6.55534
G149T.pdb_A	835	-1.32021	0.498974	-10.3903
H46P.pdb_A	840	-1.90153	0.763819	-13.0299
L19I.pdb_A	846	-2.11532	1.00043	-10.5959
P59W.pdb_A	851	-2.10924	0.993856	-6.66526
I95D.pdb_A	864	-2.03578	1.20229	-20.4783
M54D.pdb_A	871	0.0480177	1.26214	-18.7417
K139I.pdb_A	877	0.156349	1.26678	-16.1144
N92K.pdb_A	882	0.174308	0.711086	-11.5284
P1065E.pdb_C	888	-0.0506297	1.36023	-5.32979
W17T.pdb_A	902	-0.245028	0.975885	-9.15184
I102V.pdb_A	909	-0.337517	0.992141	-6.27736
F87R.pdb_A	921	-0.0500648	0.851713	-6.22497
L38R.pdb_A	926	0.0972657	0.280498	-6.13303
S110A.pdb_A	944	0.0983059	0.37655	-6.90273
L1041A.pdb_C	958	0.0818755	0.163818	-2.97541
C27Q.pdb_A	971	0.180064	0.692127	-6.42192
V1059R.pdb_C	981	0.470701	0.586711	-2.83729
K1079M.pdb_C	991	0.434319	0.55505	-3.10535
