name	count	evolved_interaction	ancestral_interaction	stability
G90K.pdb_A	1	-10.4492	-10.5224	-12.681
E1084A.pdb_C	7	-9.39988	-9.21729	-10.4218
P88D.pdb_A	12	-9.49177	-11.0001	-8.56112
T1043E.pdb_C	21	-8.92452	-9.1418	-13.2842
Q151N.pdb_A	26	-6.55724	-9.72686	-7.40541
S127N.pdb_A	39	-6.67631	-9.72294	-6.4415
E1050M.pdb_C	45	-6.8003	-4.16028	-5.23925
Q7E.pdb_A	53	-6.11828	-9.51836	-7.71452
D122L.pdb_A	61	-5.97236	-9.53335	-6.92592
G115I.pdb_A	68	-6.0042	-10.0369	-10.6425
G100C.pdb_A	74	-5.64071	-7.00629	-11.8645
Q1095H.pdb_C	79	-6.05407	-4.4526	-7.6307
N1025T.pdb_C	85	-4.0444	-1.18262	-3.03421
D1082R.pdb_C	95	-3.68324	-3.68419	-7.27914
P128H.pdb_A	106	-3.74636	-4.51298	-7.51955
V1043S.pdb_C	112	-3.72627	-3.61363	-4.65532
V62F.pdb_A	121	-3.876	-4.79493	-7.11365
M1049I.pdb_C	131	-3.91339	-3.13173	-4.80815
G87L.pdb_A	137	-3.87152	-4.79449	-8.41368
F1041G.pdb_C	146	-3.8569	-3.13731	-3.04756
K48H.pdb_A	154	-3.77773	-4.74098	-10.2711
K1040V.pdb_C	166	-3.76062	-3.27077	-2.23365
P30A.pdb_A	173	-3.77056	-4.73554	-11.6247
Y1025N.pdb_C	178	-3.85203	-3.08384	-3.95162
F1067M.pdb_C	186	-3.93191	-3.31788	-3.71969
Y88L.pdb_A	195	-3.9606	-5.01097	-8.33097
T1051N.pdb_C	202	-4.02633	-2.93235	-3.94557
Q49Y.pdb_A	210	-4.11889	-5.2183	-7.80777
S1079F.pdb_C	216	-4.08809	-2.9222	-3.6912
R42V.pdb_A	251	-4.00944	-5.08233	-7.79171
M93I.pdb_A	263	-1.80339	-2.69149	-9.76849
C29K.pdb_A	269	-1.87215	-2.73446	-9.9716
W1079A.pdb_C	276	-1.95876	-6.23891	-2.52945
N1063F.pdb_C	282	-1.57424	-6.32403	-6.91629
D1087Y.pdb_C	295	0.155183	-3.03943	-3.44299
L88W.pdb_A	301	0.0769163	-4.04272	-9.0203
N111P.pdb_A	313	0.0772113	-2.24855	-11.2628
Y57T.pdb_A	322	0.240406	-2.20783	-8.19296
T1076L.pdb_C	328	0.237333	-3.08842	-3.26673
C122H.pdb_A	335	0.497343	-2.14522	-10.6921
E1032Y.pdb_C	346	0.534028	-3.05524	-2.31829
Q121T.pdb_A	356	0.525431	-2.14663	-7.922
T62R.pdb_A	364	0.247145	-3.23321	-8.29649
L149M.pdb_A	377	0.240139	-3.20356	-8.92311
C5T.pdb_A	387	0.253182	-2.9715	-9.91008
T57D.pdb_A	394	0.286762	-2.83241	-10.2183
Q22T.pdb_A	405	0.960489	-2.87027	-8.97541
F12I.pdb_A	413	1.29271	-2.89197	-7.27631
R104H.pdb_A	419	1.31572	-2.93058	-8.61414
R1070H.pdb_C	426	2.43717	-0.163432	-2.66218
Q98L.pdb_A	445	2.44682	-2.86331	-8.91185
E1034F.pdb_C	451	2.41322	-0.568579	-3.8375
Y49I.pdb_A	459	0.992339	-3.45123	-9.22987
N1082M.pdb_C	465	1.00518	-0.645264	-2.0233
L1050H.pdb_C	478	0.83193	-0.512551	-2.82771
H1095S.pdb_C	490	1.02672	-0.20527	-2.98222
S1029F.pdb_C	496	0.636396	0.359052	-0.897722
R139F.pdb_A	506	0.604477	-3.42439	-7.65654
K1062W.pdb_C	523	0.565071	0.37544	-0.658208
R10Y.pdb_A	531	-1.24165	-3.77763	-9.7113
G1041W.pdb_C	543	-1.57663	-0.555104	-3.64198
E1042P.pdb_C	555	-1.57023	-0.534254	-1.97175
K144Q.pdb_A	563	-1.5837	-3.55678	-7.59825
Q117L.pdb_A	577	-1.8979	-4.16781	-9.27079
Y106H.pdb_A	589	-1.89994	-4.16781	-8.33703
H1089N.pdb_C	597	-1.96014	-1.00701	-5.80829
Y82K.pdb_A	607	-2.07915	-3.52441	-7.46814
A146H.pdb_A	617	-2.12852	-3.52443	-9.07906
A147N.pdb_A	623	-0.827852	-3.60225	-10.4442
R18T.pdb_A	631	-0.262662	-2.67018	-7.15039
S136Y.pdb_A	663	-0.268693	-2.66932	-7.82281
H1071C.pdb_C	672	-0.535316	1.34536	-3.10416
Y122N.pdb_A	679	-0.532778	-2.747	-8.87738
C100F.pdb_A	685	-2.08877	-4.18817	-11.5987
H82E.pdb_A	691	-0.585243	-4.2194	-7.63245
Q1074Y.pdb_C	700	-0.405052	2.76581	-3.44732
Y1039F.pdb_C	729	-2.60171	2.94073	-4.63587
Y136N.pdb_A	736	-3.19484	-4.07075	-9.11813
R51G.pdb_A	747	-3.59492	-4.80811	-8.01643
E1090I.pdb_C	753	-3.2965	1.74546	-3.86729
R137W.pdb_A	759	-4.76049	-4.98392	-11.0421
Q1032T.pdb_C	767	-4.56736	1.78186	-4.01439
R14V.pdb_A	783	-4.47816	-4.40284	-8.03957
F131E.pdb_A	794	-4.51227	-4.39533	-7.70756
I60T.pdb_A	811	-4.45053	-4.38902	-7.50203
W1041I.pdb_C	837	-4.62212	1.92095	-3.49025
I112M.pdb_A	845	-4.64049	-4.24193	-9.44532
F139V.pdb_A	855	-4.64218	-4.24184	-8.19005
S1082N.pdb_C	873	-4.6164	1.70218	-5.2423
Q1026V.pdb_C	881	-5.00369	1.70762	-3.96699
D57M.pdb_A	887	-5.0032	-4.5167	-12.1772
P105E.pdb_A	892	-4.99955	-4.54551	-10.8748
G133C.pdb_A	898	-4.99955	-4.54564	-9.48607
M142F.pdb_A	903	-5.03564	-4.55138	-8.57729
A10S.pdb_A	909	-4.97502	-4.68981	-9.77721
L1057S.pdb_C	915	-4.94653	1.44853	-4.14579
D19E.pdb_A	924	-5.07775	-3.86768	-8.24023
Y1075R.pdb_C	930	-3.96764	1.73086	-5.37592
E49D.pdb_A	936	-4.47293	-3.51102	-7.63154
N1045Q.pdb_C	943	-4.46005	1.43312	-2.50517
T12M.pdb_A	950	-1.41466	-0.68885	-9.60139
L125H.pdb_A	961	-1.41866	-0.625162	-7.15107
Q101T.pdb_A	977	-1.71557	2.39865	-7.16429
E1059R.pdb_C	994	-1.63992	1.49501	-2.46319
