name	count	evolved_interaction	ancestral_interaction	stability
P28H.pdb_A	1	-10.4453	-10.5267	-19.0829
G1057K.pdb_C	7	-10.728	-10.5173	-6.5666
P132K.pdb_A	14	-12.175	-10.3692	-16.305
G50A.pdb_A	20	-11.9885	-10.3689	-8.82982
S1032W.pdb_C	30	-11.8144	-11.7505	-5.41231
K110L.pdb_A	40	-12.0351	-10.7205	-8.88869
M98F.pdb_A	46	-12.5482	-10.9167	-7.44563
I112M.pdb_A	56	-12.2307	-10.7719	-8.39299
S138C.pdb_A	65	-12.2535	-10.808	-8.57503
L1070R.pdb_C	82	-12.0597	-12.3228	-2.33177
D1061W.pdb_C	102	-10.6898	-10.8884	-3.18749
K146G.pdb_A	113	-10.6703	-10.6854	-7.52457
K74Y.pdb_A	121	-10.7227	-11.423	-9.94383
S35W.pdb_A	126	-10.7253	-10.6953	-7.71396
R1034C.pdb_C	137	-10.4834	-10.689	-4.89562
S156A.pdb_A	142	-10.4816	-10.6478	-8.82415
V1059L.pdb_C	161	-10.5045	-10.8129	-4.1932
Q1095P.pdb_C	174	-10.738	-11.0083	-4.419
E49A.pdb_A	181	-10.6058	-11.2969	-8.48781
G55E.pdb_A	187	-10.6168	-10.5663	-8.28404
W53L.pdb_A	197	-10.616	-10.5221	-8.54818
H1023M.pdb_C	212	-10.6412	-11.014	-4.98018
V122F.pdb_A	222	-10.6557	-10.5874	-8.79165
Q117W.pdb_A	232	-10.6269	-10.5503	-9.42655
R1055Y.pdb_C	240	-10.6216	-11.0226	-2.20971
E11Q.pdb_A	246	-10.7291	-11.4988	-7.80849
P1066G.pdb_C	253	-10.6483	-10.7615	-3.35879
C93S.pdb_A	262	-11.2148	-10.8639	-8.34236
S93H.pdb_A	277	-11.2155	-10.8701	-9.34376
D154V.pdb_A	297	-11.2526	-11.4797	-8.58506
E63V.pdb_A	306	-11.251	-10.9219	-10.8147
M1049L.pdb_C	316	-11.179	-10.6666	-4.35737
A49N.pdb_A	326	-12.0132	-11.4514	-7.29208
C39S.pdb_A	336	-11.4291	-11.0196	-8.60008
T1043R.pdb_C	342	-11.4291	-11.7333	-6.28657
I1088S.pdb_C	350	-10.7103	-10.4607	-4.76482
C48N.pdb_A	356	-10.6634	-11.091	-7.63033
C1058K.pdb_C	369	-10.6828	-10.2313	-4.87705
T146R.pdb_A	378	-10.6202	-11.4151	-8.61032
H1030S.pdb_C	386	-10.5465	-9.33974	-5.87002
A1031L.pdb_C	396	-11.4508	-10.2719	-2.82293
S1094Q.pdb_C	405	-11.474	-10.276	-3.40064
S127M.pdb_A	411	-11.4935	-11.4726	-9.62917
V154I.pdb_A	419	-11.5964	-11.4731	-10.6449
Y132W.pdb_A	426	-10.8736	-11.0744	-7.73255
Y1055E.pdb_C	432	-11.1686	-10.7509	-2.22396
W1070K.pdb_C	442	-10.819	-10.4454	-3.13359
Q10E.pdb_A	451	-10.744	-10.7236	-7.04769
K18Y.pdb_A	459	-11.382	-10.7536	-8.08579
K27V.pdb_A	470	-11.2097	-11.1981	-9.25627
W35I.pdb_A	477	-11.2763	-11.3103	-8.40771
S36Q.pdb_A	497	-10.8541	-11.2942	-9.43546
N1084F.pdb_C	509	-11.3607	-10.3915	-3.07983
S89I.pdb_A	516	-11.3683	-11.492	-9.73255
K1070L.pdb_C	523	-12.1123	-10.5411	-3.30721
Y18R.pdb_A	534	-11.8994	-11.0525	-7.95088
V27K.pdb_A	540	-13.0383	-11.8117	-10.9266
D1068M.pdb_C	556	-11.4429	-10.2045	-2.89934
M52P.pdb_A	562	-11.6824	-10.5628	-11.2672
R13M.pdb_A	567	-11.2169	-7.43742	-11.8358
C61Q.pdb_A	575	-11.2218	-7.43667	-11.0368
K128H.pdb_A	590	-11.2159	-7.45146	-9.8423
R18M.pdb_A	600	-10.6361	-7.30335	-9.75701
L109M.pdb_A	610	-10.9756	-7.64622	-9.75876
M1058H.pdb_C	615	-11.0245	-8.53015	-5.18185
G147H.pdb_A	631	-10.6971	-7.62845	-11.4591
Q71K.pdb_A	639	-10.432	-7.61501	-12.5434
R51M.pdb_A	651	-10.3767	-8.91025	-6.72873
Q1094M.pdb_C	664	-10.3722	-8.19499	-2.42903
I1032N.pdb_C	673	-10.6107	-8.3876	-3.0798
T44I.pdb_A	685	-10.5937	-7.75109	-11.4392
H96T.pdb_A	694	-10.909	-7.85633	-10.8349
I45L.pdb_A	701	-10.6102	-8.6522	-9.15355
K27M.pdb_A	718	-11.5969	-9.18342	-10.1893
K71R.pdb_A	728	-11.4365	-9.16076	-9.86814
E1041T.pdb_C	743	-11.3662	-8.01735	-2.98249
I89V.pdb_A	749	-11.3704	-8.72966	-9.82467
G121C.pdb_A	754	-11.3743	-8.71245	-10.5215
F1036P.pdb_C	765	-11.3244	-7.98004	-4.81739
D130G.pdb_A	776	-11.3186	-8.5357	-9.77429
F122R.pdb_A	784	-11.2105	-8.55288	-9.96174
A79Q.pdb_A	792	-11.4543	-8.68843	-11.2887
Y33M.pdb_A	802	-11.3924	-9.08975	-11.4033
P133R.pdb_A	810	-11.2192	-9.06245	-9.39875
V150H.pdb_A	821	-11.2242	-9.17652	-10.8182
A120S.pdb_A	827	-11.5043	-9.08758	-14.7989
P1036W.pdb_C	837	-11.5907	-6.77653	-2.63225
H12Y.pdb_A	842	-11.6287	-9.16732	-12.3873
Y67S.pdb_A	848	-11.6778	-8.98074	-10.1797
K1035S.pdb_C	856	-11.6484	-6.86936	-3.20475
A1091L.pdb_C	864	-11.8078	-6.8756	-4.04216
L1050N.pdb_C	876	-11.9741	-6.83477	-3.96037
M27T.pdb_A	882	-11.2898	-8.37809	-7.46737
G128A.pdb_A	890	-11.2939	-8.40459	-7.77515
L1080M.pdb_C	898	-11.2803	-6.98118	-2.54222
S95I.pdb_A	912	-10.6557	-8.29762	-11.9436
F39W.pdb_A	919	-10.7191	-8.93967	-10.9888
S140D.pdb_A	930	-10.7304	-8.8362	-10.229
S131P.pdb_A	941	-10.7309	-8.8487	-8.06615
T11I.pdb_A	962	-10.72	-8.83387	-8.73348
S117I.pdb_A	968	-10.7915	-8.9099	-7.1546
K1076F.pdb_C	994	-10.5024	-6.91172	-3.99507
