name	count	evolved_interaction	ancestral_interaction	stability
G1069R.pdb_C	1	-7.03957	-6.87083	-5.14738
A1051V.pdb_C	6	-7.04422	-6.96793	-5.63449
D37R.pdb_A	12	-7.12972	-10.4144	-18.6093
A1091V.pdb_C	17	-7.27505	-7.51716	-7.39489
K1041P.pdb_C	24	-7.02327	-7.07419	-7.43161
Q111A.pdb_A	29	-9.92274	-13.3132	-16.2281
W1081T.pdb_C	34	-9.78086	-6.40507	-5.73354
D100M.pdb_A	40	-6.72275	-10.1247	-11.1803
D1085F.pdb_C	45	-6.2377	-5.93143	-3.36625
Q7D.pdb_A	50	-6.26786	-9.81595	-7.53693
I1070M.pdb_C	57	-6.80347	-6.47098	-4.24392
E1084P.pdb_C	67	-2.54146	-1.42496	-2.29931
D7N.pdb_A	81	-2.42914	-9.53174	-9.30631
K31W.pdb_A	86	-0.684718	-6.90501	-7.25572
G1077Q.pdb_C	95	-0.954251	-1.17029	-3.18809
A126H.pdb_A	103	-1.29671	-7.18372	-9.55528
N1024Y.pdb_C	109	-1.15134	-2.37265	-8.23733
F1037S.pdb_C	122	-1.14759	-1.64071	-3.90947
C10D.pdb_A	131	-0.968055	-7.24225	-7.55305
E49W.pdb_A	143	-1.06093	-7.24268	-7.22805
W1095A.pdb_C	156	-0.886216	-2.40937	-3.38789
Y64M.pdb_A	162	-0.123778	-5.8519	-6.67627
M100I.pdb_A	172	-0.151653	-5.79075	-10.6268
K14Q.pdb_A	185	0.786366	-4.95324	-7.17147
S1092W.pdb_C	196	-1.54529	-3.09663	-2.9024
I100A.pdb_A	210	-1.514	-4.64162	-6.46235
C1034G.pdb_C	231	-2.09906	-1.22449	-1.61296
L38A.pdb_A	240	-2.03002	-5.23029	-6.8359
S131A.pdb_A	254	-2.05516	-5.24249	-7.22141
S127C.pdb_A	271	-1.96513	-5.23854	-5.71458
V97E.pdb_A	278	-1.78586	-5.49427	-7.49549
A142K.pdb_A	292	-1.48067	-5.4802	-6.61516
T27W.pdb_A	298	-1.34435	-6.24995	-7.70559
P1078G.pdb_C	304	-1.34613	-0.821604	-2.41923
D145A.pdb_A	317	-1.34369	-6.13878	-6.24281
I1084H.pdb_C	340	-0.496445	-1.32289	-2.19974
R139K.pdb_A	353	-0.441889	-3.86247	-6.33293
P1044Q.pdb_C	363	-0.455774	-1.32281	-1.78409
W51A.pdb_A	378	-0.130802	-4.87999	-6.71068
S1082R.pdb_C	388	0.0990486	-0.935531	-1.57184
C5I.pdb_A	400	0.121624	-3.09949	-9.12398
S3D.pdb_A	407	0.128435	-4.0414	-8.72222
Q39L.pdb_A	413	-0.172802	-8.46825	-4.64648
G1034A.pdb_C	424	-0.485936	-0.931061	-2.36893
C121T.pdb_A	432	2.03567	-5.32596	-3.27863
C40K.pdb_A	449	1.99262	-5.34231	-5.79354
T63Q.pdb_A	462	3.22774	-3.7789	-6.53573
K71M.pdb_A	470	3.21977	-3.79996	-4.65387
N1094I.pdb_C	477	3.21963	-0.514745	-3.90777
I1094G.pdb_C	483	2.8282	-0.531801	-3.8226
N15E.pdb_A	491	2.42507	-3.87964	-4.16952
L1042E.pdb_C	512	2.39904	-0.729785	-1.4687
I142D.pdb_A	530	2.5621	-4.079	-5.46496
Q1077M.pdb_C	539	2.56107	-1.54003	-3.21051
K1027I.pdb_C	545	2.58231	-1.16629	-3.16792
T61H.pdb_A	552	2.54285	-3.91639	-4.6488
Q96T.pdb_A	558	2.54709	-3.52926	-5.52828
V10Q.pdb_A	566	3.71988	-1.75004	-4.81699
G7H.pdb_A	578	3.99196	-2.01399	-4.43847
C60M.pdb_A	594	3.95439	-2.08254	-5.90481
C1095A.pdb_C	606	4.03965	-1.49434	-2.0315
W81F.pdb_A	616	2.16388	-0.7897	-8.74185
M154L.pdb_A	624	2.14913	-0.789421	-9.53567
I1089C.pdb_C	632	0.532523	-1.57822	-2.80593
D1068M.pdb_C	642	0.88984	-1.95057	-1.59164
H1084C.pdb_C	653	0.556337	1.07501	-7.5152
T110C.pdb_A	659	0.282027	-1.39949	-9.90189
V53W.pdb_A	666	0.270925	-1.29149	-8.47426
M107V.pdb_A	677	0.154192	-2.89776	-6.90593
M71Y.pdb_A	689	0.0461056	-2.89807	-7.76045
R1082Y.pdb_C	698	-0.401948	0.168081	-5.31389
I1081L.pdb_C	704	-0.376941	0.000279904	-7.87183
H7F.pdb_A	710	-0.376963	-2.85694	-8.56361
Q32G.pdb_A	715	-0.376623	-2.85839	-9.83063
V1047Y.pdb_C	720	-0.371971	0.0269338	-5.35118
W38I.pdb_A	726	-0.300205	-2.93463	-8.29491
A1095S.pdb_C	732	-0.284072	-0.556656	-5.73563
F154W.pdb_A	740	0.633384	-0.984158	-7.55139
D1087F.pdb_C	749	-1.45919	1.69394	-3.88072
A26I.pdb_A	755	-1.14146	-0.540748	-9.42678
W134A.pdb_A	764	-1.09944	-0.493665	-7.33452
Q151M.pdb_A	771	-0.932731	-1.66306	-10.1096
V79K.pdb_A	777	-1.46734	-1.40265	-8.74755
A120L.pdb_A	787	-1.48581	-0.747677	-10.74
R46M.pdb_A	800	-0.998432	0.000769089	-8.90402
Y1051E.pdb_C	810	-1.04077	0.567084	-2.21065
P125K.pdb_A	817	-1.21443	0.224892	-7.41997
W154Q.pdb_A	830	-1.21362	0.228904	-7.69669
I1075D.pdb_C	844	-0.684504	-0.189206	-3.13542
R1055E.pdb_C	851	-1.32314	0.499747	-3.67652
V136I.pdb_A	866	-1.79728	-0.144304	-8.04042
Y152A.pdb_A	876	-1.77715	-0.511275	-10.1738
D1075A.pdb_C	881	-1.85582	-2.06505	-5.0983
V89R.pdb_A	890	-1.67069	-1.33653	-7.2453
Y121T.pdb_A	895	-1.62451	-0.620456	-7.35754
W18Q.pdb_A	912	0.509227	-0.618813	-7.82974
M1079L.pdb_C	931	0.511287	8.11315	-2.0702
R42K.pdb_A	946	-1.56781	-1.72839	-8.86493
Q74E.pdb_A	952	-1.55683	-1.69745	-9.18029
F1052V.pdb_C	960	-1.74748	6.88219	-1.72256
T140S.pdb_A	975	-1.74947	-1.71151	-8.70311
E5G.pdb_A	985	-1.74034	-1.64804	-7.24931
V29R.pdb_A	990	-1.09589	-1.57084	-8.32419
K42R.pdb_A	997	-1.08028	-0.592671	-7.46473
