name	count	evolved_interaction	ancestral_interaction	stability
K74Q.pdb_A	1	-10.4715	-10.517	-25.9082
V57C.pdb_A	7	-10.4665	-10.4993	-25.8389
G44H.pdb_A	14	-11.2043	-11.4307	-22.213
P125W.pdb_A	21	-11.5277	-11.4854	-21.757
E11M.pdb_A	28	-11.5535	-11.4366	-19.7341
L6Y.pdb_A	33	-11.7065	-11.4069	-19.3785
K88M.pdb_A	39	-11.797	-11.4789	-10.5183
F1036G.pdb_C	44	-12.2307	-11.1271	-6.3212
V1028M.pdb_C	49	-12.2229	-11.1371	-4.49751
S95T.pdb_A	57	-12.2376	-11.309	-8.10477
S36Y.pdb_A	64	-12.2308	-11.4	-9.28064
D33C.pdb_A	71	-12.4641	-11.4168	-6.97837
K1054G.pdb_C	82	-10.6407	-11.2543	-6.50941
R104P.pdb_A	96	-10.7329	-9.53941	-7.54313
T1077I.pdb_C	101	-10.678	-11.2608	-3.32927
E67C.pdb_A	110	-10.6465	-9.57775	-8.87718
R1093Y.pdb_C	119	-10.5963	-11.1332	-5.21706
F1035I.pdb_C	125	-10.61	-11.1436	-5.31528
Y36E.pdb_A	136	-10.5102	-9.20892	-6.60413
N140V.pdb_A	146	-10.5247	-9.20772	-6.72731
C121E.pdb_A	155	-10.5243	-9.24014	-7.43697
R124T.pdb_A	163	-10.4543	-9.20446	-8.51635
T91L.pdb_A	171	-10.4566	-9.07128	-8.76967
G1036Q.pdb_C	178	-10.4541	-11.2692	-4.3412
K1051E.pdb_C	193	-10.4797	-11.2687	-4.14488
M1060L.pdb_C	208	-10.5882	-11.1383	-4.09825
W103Y.pdb_A	222	-10.5403	-9.08215	-7.58371
E63F.pdb_A	235	-10.5395	-9.2137	-8.48902
N66F.pdb_A	246	-10.5478	-9.21332	-7.4635
I102V.pdb_A	257	-10.5785	-9.21259	-6.64581
G55A.pdb_A	268	-10.5813	-9.31918	-6.8337
V43C.pdb_A	281	-10.7398	-7.76749	-7.73564
T61R.pdb_A	295	-11.044	-7.11482	-9.02181
R61S.pdb_A	304	-10.7001	-6.46126	-6.66315
E1034R.pdb_C	325	-11.2397	-10.4291	-2.90832
G1054H.pdb_C	332	-11.1698	-9.7187	-4.05346
K141E.pdb_A	338	-11.2186	-6.8431	-8.52426
G143N.pdb_A	343	-10.9289	-9.02648	-9.34925
N149R.pdb_A	351	-10.6825	-8.96444	-11.3423
M104Q.pdb_A	359	-10.6707	-8.96008	-8.67275
V1075Y.pdb_C	373	-10.6923	-9.65126	-5.21195
I1070G.pdb_C	388	-11.0189	-9.74515	-2.74691
R1071F.pdb_C	397	-10.9876	-9.71766	-4.59533
Q10V.pdb_A	412	-10.806	-9.07143	-6.60946
N1046A.pdb_C	421	-11.8316	-9.78271	-5.14663
M11L.pdb_A	434	-12.2693	-10.0956	-6.91991
Y144L.pdb_A	446	-12.3157	-10.0801	-9.85995
R150G.pdb_A	454	-12.3189	-10.0707	-8.06702
G1036L.pdb_C	461	-12.3243	-9.78623	-4.03495
Y101N.pdb_A	468	-11.5109	-10.0501	-6.8936
L1036A.pdb_C	485	-11.5001	-9.02929	-3.0231
H1082E.pdb_C	495	-11.7875	-10.198	-5.96057
I1095A.pdb_C	504	-12.6551	-9.94893	-6.58538
V135T.pdb_A	515	-12.4317	-11.0442	-7.77446
A1059T.pdb_C	521	-12.4316	-9.32075	-6.02023
Q88G.pdb_A	527	-12.3499	-11.0682	-10.9866
R139W.pdb_A	533	-11.4193	-10.1952	-8.10055
P1093K.pdb_C	543	-11.2146	-8.58114	-3.15533
M123F.pdb_A	555	-11.2309	-10.0247	-7.22853
W154Q.pdb_A	562	-11.028	-9.82573	-7.90146
T100I.pdb_A	570	-10.7353	-9.84033	-7.58221
Q154C.pdb_A	581	-10.7847	-9.7927	-7.03595
R1034F.pdb_C	589	-10.8407	-8.1604	-2.30159
D1085S.pdb_C	599	-13.4354	-8.22198	-2.90527
Q1094K.pdb_C	609	-13.7977	-8.33021	-3.06452
V1023G.pdb_C	622	-12.1057	-8.41794	-4.47319
T135Q.pdb_A	632	-11.6778	-8.41252	-9.16966
I1035Q.pdb_C	640	-11.7193	-8.47919	-2.79197
S130Y.pdb_A	646	-11.7324	-8.49836	-9.57577
N64E.pdb_A	653	-11.6582	-8.2102	-9.21453
V49K.pdb_A	658	-11.9	-8.51934	-10.7693
R3M.pdb_A	668	-11.8751	-8.46783	-10.2381
K14E.pdb_A	675	-12.2256	-8.49959	-8.66321
L1090M.pdb_C	695	-12.1192	-8.53287	-3.05048
M3Q.pdb_A	703	-11.0135	-8.25851	-7.74413
R1025E.pdb_C	712	-11.0499	-7.34399	-5.52278
Y131R.pdb_A	720	-11.0583	-8.25744	-7.88881
G1023R.pdb_C	729	-11.0742	-7.37861	-3.8014
V43C.pdb_A	741	-10.9828	-7.76749	-7.73564
I67N.pdb_A	752	-10.9477	-7.75617	-8.20742
V1023R.pdb_C	759	-11.0085	-7.17113	-3.25422
P65E.pdb_A	768	-10.6749	-8.1239	-7.41123
T15M.pdb_A	781	-10.746	-7.52624	-8.91001
E149Y.pdb_A	789	-10.6751	-7.45679	-8.34087
S1088E.pdb_C	802	-10.6654	-7.52382	-3.5492
D1079L.pdb_C	807	-10.6256	-7.50166	-4.1674
M119V.pdb_A	813	-10.6339	-7.79191	-9.52917
V140D.pdb_A	819	-10.6232	-7.63842	-13.2366
R1023K.pdb_C	825	-10.6602	-7.66116	-3.3991
P84A.pdb_A	831	-10.6642	-7.83412	-10.065
S137M.pdb_A	841	-10.658	-7.83774	-10.7155
A1036N.pdb_C	849	-10.7346	-7.69897	-3.40759
K1093N.pdb_C	857	-10.7265	-7.66917	-2.84102
K65L.pdb_A	863	-12.1715	-8.92906	-8.97121
N1093D.pdb_C	869	-12.1813	-8.26669	-3.40147
C154I.pdb_A	879	-12.1959	-9.16506	-8.62916
V113L.pdb_A	887	-12.3587	-9.13326	-9.61861
K131A.pdb_A	893	-12.3588	-8.76999	-8.09259
Q1072F.pdb_C	903	-12.3543	-8.34896	-2.85252
F51D.pdb_A	913	-11.6135	-8.71158	-7.51784
F29S.pdb_A	919	-11.5461	-8.78433	-7.51593
L4R.pdb_A	928	-11.5557	-8.80169	-7.69875
T1042D.pdb_C	944	-10.6191	-5.4053	-5.45793
W139Q.pdb_A	953	-10.6283	-10.1176	-8.43881
K8R.pdb_A	959	-10.7077	-10.2666	-9.93677
T40I.pdb_A	986	-10.4631	-10.323	-7.26342
E78H.pdb_A	1000	-10.5667	-10.1904	-6.96603
