name	count	evolved_interaction	ancestral_interaction	stability
D1075W.pdb_C	1	-10.4883	-10.5236	-8.61467
L119M.pdb_A	6	-10.5159	-10.4848	-20.5795
Y155T.pdb_A	11	-8.37323	-10.5375	-16.0093
L9N.pdb_A	16	-8.37451	-10.5602	-16.3633
Y81G.pdb_A	21	-8.20976	-10.26	-6.87791
K48T.pdb_A	32	-8.9717	-10.3679	-6.76355
I1089G.pdb_C	42	-8.97985	-9.01796	-5.66378
D1061V.pdb_C	49	-7.32637	-9.03906	-5.96977
M1060H.pdb_C	54	-7.2356	-8.87855	-4.36443
N1086Q.pdb_C	61	-5.82197	-7.4079	-4.58986
A142V.pdb_A	67	-5.89549	-8.55638	-6.93283
D102S.pdb_A	75	-5.99144	-8.62548	-7.00308
A79D.pdb_A	93	-6.01223	-8.63634	-8.20923
S122P.pdb_A	101	-6.02802	-8.70337	-7.78941
C82K.pdb_A	110	-6.02845	-8.70347	-10.3161
K15E.pdb_A	116	-5.68644	-8.3994	-9.52272
H83A.pdb_A	122	-6.32856	-8.92122	-6.74392
D27T.pdb_A	136	-7.67677	-10.3448	-11.1732
T91N.pdb_A	141	-6.04994	-7.54353	-12.1721
R13Y.pdb_A	147	-3.6755	-4.3893	-12.6583
Q1073K.pdb_C	153	-1.83151	-8.06817	-2.12869
E42L.pdb_A	161	-1.99034	-1.59689	-7.6431
Q1056N.pdb_C	173	-1.98714	-8.53445	-2.18789
K71R.pdb_A	181	-2.061	-1.5544	-6.84107
V1061Q.pdb_C	189	-0.282146	-8.1831	-3.96281
T108A.pdb_A	200	0.469976	0.339016	-7.06388
N66M.pdb_A	210	0.259775	0.233489	-7.17127
M25W.pdb_A	221	0.835472	-0.139999	-6.85073
E1059M.pdb_C	226	0.853146	-7.06649	-2.14625
G142K.pdb_A	237	0.536004	-0.368311	-6.90226
W25E.pdb_A	244	0.9849	1.2301	-7.48243
G115N.pdb_A	251	1.17967	1.47723	-12.4282
S138E.pdb_A	258	1.11219	1.59938	-7.63798
R23A.pdb_A	269	2.08268	2.60864	-7.48761
A51H.pdb_A	290	2.4173	2.58094	-7.56467
A32Y.pdb_A	307	2.63913	2.58544	-7.17938
M111S.pdb_A	321	2.68539	2.61732	-7.89629
K153T.pdb_A	328	2.95239	2.69815	-7.38289
N17T.pdb_A	350	1.81039	2.69926	-7.77302
Y1023A.pdb_C	361	1.88811	-5.95402	-1.99841
K76I.pdb_A	367	1.87854	2.70594	-8.69041
E8G.pdb_A	376	1.88589	2.73902	-7.93845
A1051C.pdb_C	389	2.0945	-5.95416	-1.35892
M1041L.pdb_C	398	4.73148	-5.84199	-1.78119
F1092H.pdb_C	410	5.06527	-5.54924	-2.05219
A129K.pdb_A	419	5.006	4.54941	-8.63797
E49V.pdb_A	432	4.90094	3.78447	-8.20017
E12F.pdb_A	440	4.82619	3.62553	-7.304
G14C.pdb_A	452	4.79303	3.81352	-8.02913
K30N.pdb_A	457	5.03224	4.06622	-8.928
M152S.pdb_A	467	4.80186	4.07034	-7.5973
Y32A.pdb_A	476	3.812	4.04864	-6.8726
G8E.pdb_A	489	4.76499	4.06731	-8.69295
Q6E.pdb_A	496	4.74741	4.04913	-8.67952
Q3G.pdb_A	502	4.78502	4.21536	-9.44611
K1038I.pdb_C	510	4.62698	-3.24402	-3.84625
S119N.pdb_A	520	4.30175	3.44492	-9.0791
K1076V.pdb_C	528	4.32375	-3.27852	-2.75481
R143F.pdb_A	536	4.29986	3.42363	-8.88597
N52Y.pdb_A	542	4.24004	3.46458	-13.55
M7K.pdb_A	547	3.87188	3.58919	-10.9166
K129Q.pdb_A	555	3.75119	3.56765	-7.02658
F1040D.pdb_C	562	1.3636	-1.84017	-12.3108
D100C.pdb_A	568	1.3772	0.805323	-7.08718
E6K.pdb_A	576	1.36965	0.848437	-6.7583
A1023T.pdb_C	586	1.36604	-1.97159	-8.04092
I1024F.pdb_C	596	1.28789	-2.26805	-4.67985
R149M.pdb_A	613	1.28482	0.88782	-10.6107
N123M.pdb_A	624	1.26085	0.967369	-7.91061
A27Q.pdb_A	629	1.42522	1.2289	-7.37651
N98L.pdb_A	635	1.71857	1.18279	-6.91603
F143W.pdb_A	641	1.63401	1.17358	-7.62945
C100P.pdb_A	650	1.47547	1.06975	-7.83672
K147H.pdb_A	659	1.45492	1.0699	-8.23226
R156T.pdb_A	670	1.64761	1.38193	-8.80032
V129N.pdb_A	680	3.43577	1.30205	-7.30257
S111D.pdb_A	693	3.41256	1.29404	-9.01263
H1092R.pdb_C	703	3.60935	-4.4395	-9.09722
R1081E.pdb_C	712	3.455	-3.57532	-9.33858
H1058F.pdb_C	718	3.33645	-4.33574	-9.94262
F1030A.pdb_C	730	3.25015	-5.01974	-5.96014
W55L.pdb_A	744	3.05503	1.19357	-6.98975
Y58M.pdb_A	754	2.92787	1.17163	-7.08867
T1042D.pdb_C	763	2.98363	-5.11627	-2.95998
A108E.pdb_A	771	3.07454	1.16206	-9.60166
G151R.pdb_A	779	3.20915	1.48918	-8.28139
C14M.pdb_A	786	3.81814	1.49096	-9.09746
N1095F.pdb_C	798	2.76726	-0.98184	-2.77893
S89A.pdb_A	804	2.77023	1.51428	-7.07359
S35R.pdb_A	811	2.7415	1.22299	-7.42372
G32R.pdb_A	825	2.69033	1.4681	-8.35335
N25E.pdb_A	832	2.53685	2.43614	-6.04075
A69I.pdb_A	840	2.98066	2.70416	-6.49073
G101S.pdb_A	855	3.05048	2.70909	-6.44306
C1029Y.pdb_C	864	3.19525	-0.992825	-2.81925
K6W.pdb_A	881	2.95488	2.70274	-6.03031
A89E.pdb_A	894	1.63026	2.66365	-6.12496
G1057N.pdb_C	906	1.6295	-2.219	-2.46567
I61V.pdb_A	921	1.50811	3.76178	-7.22232
Q31R.pdb_A	938	3.6185	6.6202	-7.94866
D55R.pdb_A	946	3.96543	4.7547	-8.51004
V1059H.pdb_C	952	2.86588	-3.06681	-3.36956
H120M.pdb_A	962	2.85552	4.96178	-6.97964
K113Q.pdb_A	971	2.86749	7.66413	-8.78186
F109L.pdb_A	979	2.3924	6.87395	-10.0776
V19L.pdb_A	984	2.35158	6.50221	-10.8199
W46L.pdb_A	993	2.52404	6.35427	-7.46399
