name	count	evolved_interaction	ancestral_interaction	stability
I1035N.pdb_C	1	-10.5199	-10.4211	-7.06268
A152K.pdb_A	6	-10.6387	-10.5372	-25.2593
P65Q.pdb_A	13	-10.6024	-10.4996	-17.7937
R1047F.pdb_C	18	-10.5433	-10.2814	-6.12672
S89C.pdb_A	24	-10.5408	-10.6717	-8.81566
C89Q.pdb_A	30	-10.4187	-10.6762	-9.01908
D121C.pdb_A	48	-10.5588	-10.8009	-8.52381
D102C.pdb_A	58	-10.5587	-10.8008	-8.22628
G152F.pdb_A	63	-10.5155	-10.8077	-8.06346
G115D.pdb_A	71	-10.6955	-10.7862	-8.2635
A1074M.pdb_C	76	-10.9361	-10.221	-4.01678
K48P.pdb_A	81	-10.8859	-10.7901	-9.671
D147E.pdb_A	91	-11.0738	-10.7732	-8.56736
Q154E.pdb_A	102	-11.1122	-10.7765	-7.82781
P1023C.pdb_C	113	-10.848	-10.3739	-2.59685
E1034C.pdb_C	123	-10.9868	-10.4503	-2.58348
W1085C.pdb_C	133	-11.4017	-10.9554	-3.05585
G37R.pdb_A	141	-11.5271	-10.7088	-8.4922
Y82W.pdb_A	151	-11.0832	-10.7086	-8.72534
E1094L.pdb_C	156	-11.5426	-10.8877	-6.52835
D1080H.pdb_C	262	-11.1916	-10.8125	-6.76474
S1033N.pdb_C	274	-10.9215	-10.7473	-6.72276
R1095H.pdb_C	284	-10.8428	-10.7743	-6.45231
D1030S.pdb_C	293	-10.8549	-10.7325	-3.4248
E49W.pdb_A	300	-10.8242	-10.5049	-8.91299
Y58M.pdb_A	306	-10.7451	-10.4196	-8.11416
E131P.pdb_A	312	-10.6282	-10.4184	-7.45278
I36F.pdb_A	321	-10.9342	-10.1269	-7.52435
A143T.pdb_A	332	-10.9658	-10.164	-7.43842
F29M.pdb_A	342	-10.8537	-10.1337	-9.05753
F36I.pdb_A	349	-10.9035	-10.0595	-9.91769
I1039M.pdb_C	359	-10.8955	-9.77012	-3.4878
N1035L.pdb_C	380	-10.7139	-9.54691	-4.5307
L1035M.pdb_C	392	-10.63	-9.48456	-3.83857
L1081F.pdb_C	407	-10.8668	-9.39141	-3.05793
P46N.pdb_A	413	-11.3432	-10.0327	-7.93637
C1034L.pdb_C	420	-11.3017	-9.29388	-4.49241
V1085F.pdb_C	431	-11.3493	-9.39442	-2.99719
Y95F.pdb_A	437	-11.4015	-9.55946	-8.11857
F137Y.pdb_A	449	-12.0414	-9.5065	-6.60311
Q36Y.pdb_A	463	-12.3747	-9.86532	-7.34981
Y1094I.pdb_C	472	-12.4849	-9.52178	-5.31966
S11A.pdb_A	481	-12.4741	-10.3541	-8.79602
K142R.pdb_A	491	-12.4439	-10.3544	-7.30427
D1087E.pdb_C	499	-11.3549	-8.5643	-6.79003
Q122R.pdb_A	504	-11.4164	-9.91415	-12.4065
F1037L.pdb_C	512	-11.0008	-7.93759	-4.83306
M1083I.pdb_C	522	-10.9956	-8.06154	-3.61854
E154M.pdb_A	536	-11.055	-8.7309	-8.04936
T143W.pdb_A	545	-10.9153	-9.21507	-6.73169
S1030K.pdb_C	563	-11.0069	-7.748	-2.96721
P78W.pdb_A	576	-10.5267	-9.33511	-7.5615
N67P.pdb_A	588	-10.5389	-9.2926	-8.1779
V1042K.pdb_C	597	-10.5372	-7.73664	-3.00155
W131M.pdb_A	604	-10.4492	-9.66944	-9.17654
F1085A.pdb_C	616	-10.5903	-8.07881	-3.25653
S1032F.pdb_C	626	-10.6314	-8.15787	-5.42154
V113Q.pdb_A	633	-10.6285	-7.98935	-8.19602
M1039N.pdb_C	639	-10.6533	-8.02462	-3.0577
M1074C.pdb_C	654	-10.6494	-8.0534	-2.11004
K15I.pdb_A	664	-10.5637	-8.49857	-7.3298
V57R.pdb_A	681	-10.8206	-9.54785	-7.71184
Q92L.pdb_A	687	-10.9304	-9.98034	-10.8395
P67E.pdb_A	695	-10.9541	-10.0295	-7.43723
D1040S.pdb_C	703	-11.0237	-8.494	-3.07217
F1032N.pdb_C	711	-10.8632	-7.91768	-3.23709
Y98C.pdb_A	720	-10.8812	-8.9443	-7.04969
S39T.pdb_A	729	-10.8686	-8.96049	-6.94713
C98G.pdb_A	737	-12.2465	-10.1931	-8.15005
L119Q.pdb_A	748	-11.6468	-10.2366	-6.84791
R1077T.pdb_C	758	-11.7604	-6.19899	-3.42394
L1063Y.pdb_C	771	-11.7947	-6.2722	-2.55953
S26L.pdb_A	783	-11.8241	-11.0304	-9.14853
T1043W.pdb_C	792	-11.7854	-6.27487	-2.73806
R29Y.pdb_A	798	-11.5601	-10.1207	-6.97309
Y1063F.pdb_C	806	-11.952	-6.71927	-5.00652
I99V.pdb_A	813	-11.3678	-10.7985	-6.10285
G18C.pdb_A	837	-11.0652	-11.3795	-6.83902
T91E.pdb_A	853	-10.9902	-11.2964	-6.0198
M124L.pdb_A	865	-10.9902	-11.2964	-7.66489
T39V.pdb_A	873	-11.217	-11.2933	-10.0215
T97Y.pdb_A	880	-11.1569	-11.2927	-5.96818
M1060I.pdb_C	910	-11.1564	-6.36024	-4.58012
G1074E.pdb_C	922	-11.0847	-6.35299	-4.46023
Q65S.pdb_A	929	-11.0847	-11.2918	-8.14425
K52M.pdb_A	937	-10.8713	-10.9293	-9.67858
I1051Y.pdb_C	943	-10.8876	-6.35468	-3.34243
V1028F.pdb_C	953	-10.835	-6.4431	-4.02824
Y108I.pdb_A	973	-10.8354	-9.42692	-8.6137
A144T.pdb_A	978	-10.8777	-9.48866	-6.7881
K146R.pdb_A	987	-10.6542	-9.49657	-8.60865
