name	count	evolved_interaction	ancestral_interaction	stability
K153I.pdb_A	1	-10.4885	-10.5138	-25.608
K31C.pdb_A	9	-10.507	-10.5066	-21.7434
A1091K.pdb_C	16	-10.6515	-10.4841	-9.48596
N52D.pdb_A	22	-10.6581	-10.6094	-10.3885
V57A.pdb_A	28	-10.5916	-10.5849	-8.83925
S70T.pdb_A	35	-10.5634	-10.5894	-7.85241
Y1067W.pdb_C	48	-10.7582	-10.6363	-4.89395
V113K.pdb_A	56	-11.095	-10.7798	-8.57497
Y1049N.pdb_C	65	-11.7132	-10.892	-5.03358
T108S.pdb_A	72	-11.8229	-11.4426	-7.96515
N140T.pdb_A	79	-11.7764	-11.4443	-9.31737
S1062V.pdb_C	85	-11.8462	-10.9856	-3.49457
T61E.pdb_A	92	-11.568	-11.3793	-6.97087
D1080E.pdb_C	104	-11.4142	-10.7006	-2.76448
W53M.pdb_A	113	-11.4783	-11.3075	-8.70162
T1075F.pdb_C	119	-11.1531	-10.6228	-3.43234
D19W.pdb_A	128	-11.1741	-10.8927	-7.49647
M83R.pdb_A	137	-11.0688	-10.8879	-9.61496
A1061Y.pdb_C	144	-10.792	-10.3713	-3.59075
S95L.pdb_A	152	-10.9061	-11.0697	-10.1185
H1092M.pdb_C	158	-10.4846	-10.0851	-2.38058
R1093H.pdb_C	167	-10.5965	-10.0641	-2.22198
E12Y.pdb_A	174	-10.6972	-11.1069	-8.19539
K40S.pdb_A	184	-10.6481	-11.1145	-7.5729
A4R.pdb_A	193	-10.9293	-10.7144	-8.51131
P128F.pdb_A	200	-10.5191	-11.0366	-9.83936
P132H.pdb_A	208	-10.5876	-10.8804	-8.59628
T1043Q.pdb_C	214	-10.6079	-10.063	-3.6497
D118M.pdb_A	225	-10.4618	-10.9165	-9.36455
A133G.pdb_A	234	-10.4635	-10.9132	-12.0674
E67D.pdb_A	246	-10.4987	-10.9001	-7.31033
S7V.pdb_A	260	-10.4814	-10.8964	-9.34028
Q153H.pdb_A	271	-10.4444	-10.942	-9.0246
L150R.pdb_A	279	-10.426	-10.942	-8.3143
F1075I.pdb_C	288	-10.4462	-9.38679	-3.31588
D100A.pdb_A	305	-10.3505	-10.8058	-7.17157
M1050L.pdb_C	318	-10.4003	-9.83502	-2.98991
H153A.pdb_A	324	-10.3869	-10.8502	-7.22088
I45M.pdb_A	332	-10.3983	-10.8735	-8.13841
P123M.pdb_A	342	-10.5299	-10.8735	-8.15279
D1047I.pdb_C	357	-10.5819	-9.95976	-5.03359
M122K.pdb_A	365	-10.582	-10.9211	-6.96814
A101G.pdb_A	375	-11.083	-10.7809	-7.81761
Y147W.pdb_A	381	-10.9576	-10.661	-7.62382
L1077G.pdb_C	389	-11.636	-11.2747	-3.92975
L1046W.pdb_C	398	-11.9369	-10.6176	-3.88476
E1055Y.pdb_C	407	-11.8441	-11.0435	-3.63487
Y89V.pdb_A	412	-12.1388	-10.6919	-7.60033
A153V.pdb_A	425	-10.9208	-10.4825	-7.11474
K1040N.pdb_C	437	-10.5137	-10.3408	-3.73631
S26C.pdb_A	448	-10.5185	-9.78462	-8.5383
W1042V.pdb_C	458	-10.5009	-10.3371	-3.19117
M1059Y.pdb_C	474	-10.5927	-11.862	-3.14973
T3S.pdb_A	482	-10.6258	-9.83074	-8.52355
N1051W.pdb_C	492	-10.6124	-11.8492	-4.39086
G34R.pdb_A	500	-10.7003	-9.986	-6.84997
G1061P.pdb_C	518	-10.8452	-11.8249	-3.45597
L109M.pdb_A	533	-10.5396	-9.96269	-7.35775
Q151W.pdb_A	547	-10.5389	-10.002	-8.80927
H137W.pdb_A	555	-10.5333	-9.91868	-6.98648
Q106P.pdb_A	583	-10.5263	-9.90886	-7.69824
M6F.pdb_A	594	-10.4939	-10.0207	-6.85016
P1078T.pdb_C	604	-11.8756	-11.3563	-2.15435
F1039Y.pdb_C	611	-10.725	-10.1318	-2.53855
C1025A.pdb_C	621	-10.6956	-10.103	-3.07125
L79F.pdb_A	643	-10.4815	-10.6541	-7.01025
S88E.pdb_A	662	-10.4816	-10.6254	-8.61056
G105K.pdb_A	672	-10.5673	-10.6755	-8.77237
P84G.pdb_A	679	-10.5795	-10.6732	-7.64528
Q39P.pdb_A	692	-10.5795	-10.6111	-7.70622
K3W.pdb_A	699	-10.5993	-10.5189	-7.16996
P143E.pdb_A	709	-10.6941	-10.5189	-8.10905
G84T.pdb_A	715	-11.2422	-11.0595	-9.6144
S1023C.pdb_C	721	-11.3352	-10.378	-4.76767
V71G.pdb_A	729	-10.9482	-10.2169	-7.24923
Y1055S.pdb_C	739	-10.9481	-10.3786	-4.12516
C128R.pdb_A	753	-10.9457	-10.2501	-7.44335
K1044Q.pdb_C	762	-10.9058	-10.3522	-3.62296
V150K.pdb_A	771	-10.6474	-10.2178	-7.15864
V1060Y.pdb_C	783	-10.9779	-9.73238	-2.47546
K1053C.pdb_C	792	-11.3966	-10.1645	-3.2579
A1025L.pdb_C	810	-11.0539	-10.2543	-3.78632
S1062Y.pdb_C	825	-11.3274	-10.1283	-4.08487
M1094E.pdb_C	831	-11.2416	-10.0058	-2.8142
E1084T.pdb_C	848	-10.4737	-8.99225	-2.54762
Y87G.pdb_A	855	-10.4769	-10.7878	-8.82221
K105L.pdb_A	862	-10.4739	-10.7491	-9.3569
K7I.pdb_A	872	-10.4739	-10.7808	-6.96306
T1054A.pdb_C	884	-10.4739	-9.10909	-2.56579
M67K.pdb_A	897	-10.4666	-10.7802	-6.79863
V1072L.pdb_C	909	-10.3573	-8.98026	-4.15222
L129K.pdb_A	919	-10.3573	-10.5865	-7.40567
R1070K.pdb_C	933	-10.4414	-9.21254	-2.71557
Q1085H.pdb_C	947	-10.4523	-9.26669	-2.52532
Y149I.pdb_A	955	-10.474	-10.5707	-7.85591
K1054T.pdb_C	966	-10.5919	-9.44571	-2.02861
T86M.pdb_A	988	-10.4812	-10.6946	-7.51633
G1077Q.pdb_C	1000	-10.4475	-9.23094	-4.09474
