name	count	evolved_interaction	ancestral_interaction	stability
S1062R.pdb_C	1	-10.489	-10.5174	-8.90621
A129N.pdb_A	6	-10.5269	-10.4985	-18.5652
D37M.pdb_A	11	-10.5408	-10.525	-20.7425
R17L.pdb_A	16	-7.73419	-7.53477	-21.268
K74A.pdb_A	21	-8.35493	-8.18824	-13.3234
D1087C.pdb_C	29	-8.75795	-8.27901	-4.15502
R1062L.pdb_C	43	-8.51461	-7.27787	-6.73119
N52W.pdb_A	54	-7.76899	-8.1359	-7.37068
E42L.pdb_A	59	-8.04477	-7.69426	-8.10035
E1090C.pdb_C	66	-5.95836	-4.97597	-2.82597
A1091L.pdb_C	75	-6.07393	-5.07462	-2.56692
T1043S.pdb_C	82	-6.11282	-7.61188	-5.14999
S1033G.pdb_C	90	-5.28512	-6.73604	-3.52013
D1075N.pdb_C	96	-4.92168	-6.6753	-3.63021
A109I.pdb_A	104	-4.96194	-7.00574	-10.0221
N98Y.pdb_A	111	-5.00628	-6.99247	-8.2514
R1093L.pdb_C	120	-4.95765	-6.6485	-2.63762
R1046M.pdb_C	126	-3.85578	-4.70991	-4.14114
Q1073Y.pdb_C	131	-3.83495	-4.73584	-4.55531
S1054G.pdb_C	137	-3.79659	-3.94277	-3.93479
M1088E.pdb_C	142	2.30223	-4.692	-2.91975
A1074S.pdb_C	149	2.63825	-4.42276	-3.7368
G1054N.pdb_C	172	2.6297	-4.56901	-3.69296
E11S.pdb_A	180	2.52686	1.97651	-8.86804
I1070G.pdb_C	186	2.82135	-4.12881	-2.49041
V29Y.pdb_A	195	2.87889	2.06217	-6.33693
A26L.pdb_A	201	2.8146	1.98432	-10.1363
H1089M.pdb_C	207	3.70534	-2.95876	-8.19084
K1038Y.pdb_C	213	3.43557	-3.23447	-6.16358
L1026M.pdb_C	222	3.68036	-3.22275	-3.21361
F24L.pdb_A	233	3.67445	2.09303	-6.33294
S122I.pdb_A	240	3.18299	2.09303	-5.93489
Q1064W.pdb_C	253	3.07864	-3.7448	-4.78939
N126Q.pdb_A	261	-0.716259	2.0956	-7.73855
R1056W.pdb_C	267	-0.764697	3.88611	-3.8491
Q15D.pdb_A	281	-0.898608	2.32936	-5.93533
V1045N.pdb_C	291	-0.670297	2.79264	-3.447
R100S.pdb_A	299	-0.672058	2.01758	-8.79058
M1059Y.pdb_C	306	-0.66843	2.86015	-4.72352
T110I.pdb_A	313	-0.393632	2.33547	-7.9067
P105Q.pdb_A	318	-2.56465	2.88165	-6.70571
M1050W.pdb_C	326	-2.12265	6.00712	-4.7933
L114K.pdb_A	331	-2.01837	-0.362992	-7.34027
T156A.pdb_A	337	-2.1809	-0.599167	-9.13804
Y1073A.pdb_C	347	-2.21108	7.02285	-4.48144
Y1038W.pdb_C	353	-1.87843	7.04776	-3.88079
R1085E.pdb_C	359	-1.74538	5.49712	-5.49823
L7R.pdb_A	366	-1.16133	0.395518	-6.63745
V1092D.pdb_C	376	-0.682045	3.98162	-3.33882
R104V.pdb_A	386	-1.06438	-0.602641	-9.2733
E150R.pdb_A	392	-0.873675	-0.930482	-10.5233
M1058I.pdb_C	397	-1.10824	5.26721	-2.70111
D9C.pdb_A	406	-1.10052	-0.586544	-9.48602
L24H.pdb_A	412	-1.17175	-0.623087	-8.19216
F1042Y.pdb_C	422	-1.19054	5.06918	-4.00171
S34N.pdb_A	430	-1.4961	-0.627818	-7.38201
H1023F.pdb_C	436	-1.73428	3.22061	-3.76822
P123M.pdb_A	443	-1.77498	-0.518993	-9.05969
V86C.pdb_A	450	-1.82355	-0.671518	-11.5619
A87E.pdb_A	460	-1.84029	-0.605042	-8.27591
I1079L.pdb_C	469	-1.81398	5.34797	-4.05913
A143N.pdb_A	476	-1.92927	-0.593539	-9.52733
D59I.pdb_A	484	-1.88691	-0.457131	-9.97871
G1070D.pdb_C	492	-1.74838	4.7706	-4.62294
G70R.pdb_A	502	-2.05803	-0.687651	-9.74027
L147K.pdb_A	508	-2.15284	-0.684919	-10.0338
A79W.pdb_A	514	-2.14961	-0.684996	-7.2544
D141F.pdb_A	526	-4.4392	-0.88378	-6.80221
M130R.pdb_A	540	-4.69391	-0.71654	-7.79538
A93G.pdb_A	547	-4.95848	-1.18278	-11.1792
E67A.pdb_A	556	-4.95842	-1.21546	-10.4059
F141T.pdb_A	561	-4.99907	-1.21289	-8.22825
M1056N.pdb_C	576	-4.89088	3.82939	-3.09652
W126F.pdb_A	587	-4.48006	-0.964088	-7.87038
K7W.pdb_A	594	-5.32413	-1.01401	-10.8893
R1088P.pdb_C	603	-4.79917	1.20181	-2.85964
Y25V.pdb_A	615	-4.06082	0.381035	-6.96635
W1081C.pdb_C	633	-4.12294	1.23258	-2.3278
I112N.pdb_A	640	-3.71248	0.369232	-7.10915
D1070S.pdb_C	657	-3.80726	1.33069	-2.59355
G36R.pdb_A	670	-4.01033	0.0316082	-8.37215
P1088T.pdb_C	680	-5.21182	-0.138538	-2.05159
K1085M.pdb_C	689	-4.66462	-0.143169	-2.82586
T1060P.pdb_C	700	-4.66335	-0.141939	-4.82844
L1062E.pdb_C	709	-4.10322	-0.339784	-2.53286
H153C.pdb_A	719	-4.11519	0.134754	-6.76647
H1059R.pdb_C	735	-4.1012	-0.188686	-2.17432
L17M.pdb_A	744	-4.4617	0.14565	-8.31639
A67Q.pdb_A	749	-4.62473	0.0675255	-9.82064
M1086N.pdb_C	758	-4.46317	-0.101998	-4.1574
P1044Q.pdb_C	764	-4.46317	-0.101998	-2.11217
G1045A.pdb_C	805	-4.55606	-0.094669	-2.01939
M129L.pdb_A	814	-4.88943	-0.0277878	-9.65525
E1050H.pdb_C	825	-4.74878	-0.283718	-2.26016
N135V.pdb_A	831	-4.62227	-0.0577657	-8.56751
D1038F.pdb_C	842	-4.62556	0.210987	-1.79079
A1045G.pdb_C	854	-4.66266	0.191866	-2.1366
T91F.pdb_A	870	-4.2301	0.173885	-10.2037
F1071Q.pdb_C	875	-4.70042	-0.154194	-1.94573
Q1044R.pdb_C	893	-4.69538	-0.141398	-2.0203
L1066M.pdb_C	916	-3.99342	1.38978	-2.86922
Y1087E.pdb_C	936	-2.32825	-2.22698	-2.90349
I1024R.pdb_C	947	-1.56651	-2.07378	-3.53584
W52M.pdb_A	960	-1.35158	1.61684	-9.79951
E150N.pdb_A	965	-1.37487	1.60102	-9.41464
G29C.pdb_A	973	-1.15504	1.59848	-7.56963
M22L.pdb_A	983	-0.334894	2.64784	-6.86285
C113K.pdb_A	991	-0.308932	2.55115	-8.3527
L79G.pdb_A	998	-0.298898	2.56249	-7.79553
