name	count	evolved_interaction	ancestral_interaction	stability
S89T.pdb_A	1	-10.4946	-10.5197	-25.0074
Y64D.pdb_A	8	-10.4446	-10.473	-17.4165
Q154V.pdb_A	14	-10.4324	-10.4864	-12.3387
G44T.pdb_A	20	-11.2691	-11.4296	-11.6988
L6A.pdb_A	26	-11.2755	-11.4382	-8.94484
K1041I.pdb_C	32	-11.6226	-10.5043	-3.43468
N66V.pdb_A	39	-11.702	-11.6743	-8.29492
F150Q.pdb_A	47	-11.3935	-11.6682	-8.91729
R1047W.pdb_C	59	-11.4087	-10.0956	-5.61191
K1054E.pdb_C	71	-11.0096	-9.55507	-5.21646
E49M.pdb_A	89	-11.1165	-11.8485	-6.6726
Q1095L.pdb_C	97	-11.2007	-9.61867	-2.86114
R1046K.pdb_C	109	-11.1905	-9.61134	-2.99
L119N.pdb_A	117	-11.2318	-12.4301	-9.02109
A106V.pdb_A	122	-11.2562	-12.4014	-7.32823
A6E.pdb_A	136	-12.0099	-12.1019	-8.85492
Q10N.pdb_A	143	-11.9056	-12.2816	-7.0275
S3Y.pdb_A	151	-11.8515	-11.9573	-6.62796
V148I.pdb_A	166	-12.1472	-11.9548	-7.8133
E94A.pdb_A	173	-12.9405	-11.8056	-7.59381
A134I.pdb_A	183	-12.9855	-11.7832	-7.79471
S1062M.pdb_C	191	-10.5851	-8.65193	-4.21467
S122D.pdb_A	197	-10.5843	-10.5461	-9.21988
A26C.pdb_A	203	-10.5301	-10.5138	-8.74261
T89M.pdb_A	211	-10.5478	-10.542	-8.03464
E1046F.pdb_C	235	-10.6154	-8.68554	-3.85048
N52K.pdb_A	254	-10.6272	-10.6042	-7.58943
E1034F.pdb_C	264	-10.5437	-9.63976	-3.40828
K110T.pdb_A	269	-10.5835	-10.5125	-11.3393
S66V.pdb_A	275	-10.5834	-10.5154	-10.9967
Y58H.pdb_A	286	-10.5361	-10.484	-9.48183
S1036T.pdb_C	301	-10.7199	-9.83344	-4.77713
Q1056Y.pdb_C	307	-10.7935	-10.0489	-4.27756
E1094S.pdb_C	327	-10.6301	-10.0948	-4.31228
P1028L.pdb_C	342	-10.6428	-10.0056	-10.6174
N140R.pdb_A	365	-10.6154	-10.42	-6.50868
N1057H.pdb_C	380	-10.5454	-9.98182	-4.41929
W1041H.pdb_C	393	-10.5224	-10.0724	-4.30993
Y87D.pdb_A	405	-10.5966	-10.3943	-7.62774
F1033C.pdb_C	415	-10.5561	-10.1114	-2.063
G135W.pdb_A	422	-10.5336	-10.5474	-9.71715
E124G.pdb_A	427	-10.6302	-10.846	-6.87524
Y38F.pdb_A	444	-10.6109	-11.0312	-8.539
T1042H.pdb_C	452	-10.5985	-10.0087	-3.10098
D95S.pdb_A	465	-10.5713	-11.093	-8.26132
V106M.pdb_A	476	-10.538	-11.0603	-9.05916
L149E.pdb_A	487	-10.5533	-10.9516	-8.78891
A113T.pdb_A	494	-10.6001	-13.4088	-13.2682
F127I.pdb_A	504	-10.8612	-12.2373	-10.4875
V73Y.pdb_A	510	-10.8578	-12.2361	-10.8638
Q146E.pdb_A	518	-10.8639	-12.2844	-8.8299
H40S.pdb_A	527	-11.0637	-12.3941	-7.18622
S1029C.pdb_C	538	-10.9982	-10.2742	-2.82156
G11I.pdb_A	551	-10.9985	-12.3893	-10.8121
V66G.pdb_A	558	-10.864	-12.1972	-7.56294
D31K.pdb_A	565	-11.0354	-12.375	-9.2884
L103H.pdb_A	623	-10.6419	-11.7961	-9.21354
E100W.pdb_A	635	-10.6398	-11.8335	-7.87789
C1029Q.pdb_C	648	-10.8783	-10.1152	-4.48627
A1062T.pdb_C	655	-10.7054	-10.0447	-3.75808
N103Y.pdb_A	666	-10.7077	-12.0939	-9.65026
G112P.pdb_A	673	-10.7914	-12.334	-9.94764
L1076V.pdb_C	680	-10.7443	-10.0662	-3.62125
L66R.pdb_A	686	-11.6291	-11.9163	-7.63545
Q1029C.pdb_C	692	-10.7967	-9.2815	-4.50142
I1053Q.pdb_C	698	-10.7258	-9.26768	-3.73026
R1071S.pdb_C	711	-10.9327	-7.79291	-2.1914
V11I.pdb_A	732	-10.9766	-11.648	-7.38649
E1082G.pdb_C	739	-10.8525	-8.32125	-5.75614
I148V.pdb_A	749	-10.84	-12.1317	-7.65245
M134I.pdb_A	757	-10.7472	-11.9353	-7.1365
C1094A.pdb_C	773	-10.8307	-8.58379	-5.57759
Q48S.pdb_A	781	-10.8466	-11.9407	-8.45611
P105M.pdb_A	787	-10.7546	-11.9697	-8.36062
C5T.pdb_A	798	-10.7463	-11.9839	-7.70607
Y114G.pdb_A	808	-10.7272	-11.9572	-9.55873
Y130D.pdb_A	818	-10.5341	-10.9326	-8.9836
C1052E.pdb_C	829	-10.5065	-6.53755	-4.18311
M112A.pdb_A	841	-10.6432	-10.9981	-11.2579
M71A.pdb_A	847	-10.6631	-11.1458	-6.86765
Y144M.pdb_A	860	-11.0598	-10.6818	-7.16843
Y1038H.pdb_C	868	-11.0562	-6.70837	-3.64605
L93Q.pdb_A	880	-11.2024	-10.5914	-8.04723
K31H.pdb_A	886	-10.6836	-10.109	-5.54794
Y129R.pdb_A	912	-10.6924	-9.91355	-7.09504
M1076A.pdb_C	926	-10.6463	-6.97853	-2.49635
T143V.pdb_A	940	-10.6463	-10.51	-8.49323
C83S.pdb_A	950	-10.6627	-10.5295	-6.4768
A1082G.pdb_C	978	-10.7355	-6.86194	-5.07981
L115K.pdb_A	986	-10.7336	-9.90501	-10.3358
I1061P.pdb_C	997	-10.7352	-7.07493	-4.77154
