name	count	evolved_interaction	ancestral_interaction	stability
L109M.pdb_A	1	-10.3447	-10.3664	-26.9406
G1031H.pdb_C	6	-10.0096	-10.3525	-5.81762
W16I.pdb_A	11	-9.84284	-9.94872	-15.8919
T1042S.pdb_C	17	-9.94521	-10.4049	-5.43452
L114C.pdb_A	22	-9.98199	-10.0589	-10.7805
I1035H.pdb_C	29	-9.98246	-10.4049	-4.73191
D1080Y.pdb_C	34	-9.83345	-10.2248	-5.54305
E131H.pdb_A	39	-9.89505	-9.15084	-8.10575
A142K.pdb_A	45	-9.482	-10.1201	-7.79527
S1042A.pdb_C	53	-9.59033	-9.4844	-5.21859
E143G.pdb_A	60	-9.65041	-9.14976	-7.06336
A129W.pdb_A	67	-8.48974	-9.14976	-6.93768
G115M.pdb_A	102	-8.49026	-9.19706	-8.85229
A106Y.pdb_A	108	-7.44518	-9.27051	-7.65012
A34E.pdb_A	115	-7.35872	-8.62115	-6.04776
M12V.pdb_A	121	-5.44721	-4.46972	-10.1089
N136R.pdb_A	128	-5.92581	-4.44298	-11.5029
S127L.pdb_A	134	-5.9441	-5.56224	-10.5511
V12A.pdb_A	139	-5.78814	-6.05392	-8.31523
C5P.pdb_A	147	-4.46951	-5.92919	-7.74343
Y33R.pdb_A	161	-4.46265	-5.90928	-8.26237
P78R.pdb_A	170	-4.31799	-5.3058	-11.4598
G143P.pdb_A	176	-2.25173	-5.25035	-12.2581
K15T.pdb_A	185	-2.2353	-5.13936	-7.76189
L119T.pdb_A	190	-2.23559	-5.18238	-7.83834
S102F.pdb_A	205	-2.39446	-3.61611	-8.1454
K1040P.pdb_C	211	-1.52987	-3.3948	-4.64548
P1048C.pdb_C	219	-2.28647	-4.35155	-3.64089
D100M.pdb_A	228	-2.28178	-3.45131	-8.06027
F1036C.pdb_C	234	-3.06335	-5.40178	-3.66192
T71H.pdb_A	241	-3.26665	-3.46021	-8.71208
T15F.pdb_A	247	-1.38722	-1.39159	-8.94675
C1036T.pdb_C	256	-1.85094	-3.15294	-2.84236
D67V.pdb_A	267	-2.05959	-2.30401	-7.49363
Q42G.pdb_A	275	-2.1496	-2.05017	-7.67527
V116C.pdb_A	281	-1.40898	-1.93057	-7.21575
I149H.pdb_A	289	-1.4412	-1.93757	-7.13357
S1062P.pdb_C	300	-1.3465	-3.13154	-4.33991
V19S.pdb_A	312	-1.85541	-2.41001	-9.34959
P69Q.pdb_A	317	-2.84897	-2.43876	-8.24006
Q1084C.pdb_C	322	-2.71896	-4.24248	-4.44277
K27L.pdb_A	330	-2.58833	-2.17354	-8.83224
E63K.pdb_A	338	-3.03858	-2.15846	-7.93934
M100E.pdb_A	346	-4.01985	-2.69865	-8.35445
R8L.pdb_A	353	-4.24668	-2.73379	-9.01369
W1042K.pdb_C	358	-4.24527	-5.27192	-3.7991
S1029V.pdb_C	365	-5.0029	-4.93253	-4.82238
K63A.pdb_A	377	-5.1867	-2.77228	-7.24512
P132W.pdb_A	388	-4.55827	-2.70801	-7.08235
N1055A.pdb_C	400	-3.94558	-4.33834	-3.36833
V145R.pdb_A	410	-4.42242	-2.91851	-7.08512
H17N.pdb_A	431	-3.20181	0.604623	-6.48716
Q101D.pdb_A	438	-3.3426	0.339667	-6.18515
S1027H.pdb_C	446	-3.18913	-4.76255	-4.39971
R22I.pdb_A	459	-3.9538	-0.0710427	-6.42467
I119E.pdb_A	470	-4.12166	-0.0248542	-8.51261
P21Q.pdb_A	480	-3.40367	0.0136802	-6.90813
Q1095L.pdb_C	494	-3.60689	-4.20443	-2.34015
L88P.pdb_A	499	-3.62372	1.34165	-10.2511
L4F.pdb_A	509	-4.32412	0.811706	-10.5002
R78T.pdb_A	519	-4.30524	0.86961	-7.42523
F142V.pdb_A	524	-4.30391	0.883351	-8.48495
Q1072C.pdb_C	538	-4.32614	-4.18593	-2.85407
R1064C.pdb_C	554	-4.41551	-4.92506	-3.87109
I1051R.pdb_C	564	-4.7139	-4.57978	-3.6888
H34M.pdb_A	572	-4.91595	1.32895	-8.44969
N86C.pdb_A	586	-4.77705	1.33597	-8.65594
Q132C.pdb_A	596	-4.69835	1.15242	-7.41841
S1071D.pdb_C	610	-4.85772	-4.82722	-3.36129
K17G.pdb_A	619	-3.00454	1.58637	-7.36216
E61A.pdb_A	631	-3.43796	1.58383	-7.22606
E119F.pdb_A	639	-3.43404	1.48788	-8.84353
Y68H.pdb_A	647	-1.70945	1.69768	-7.52577
R39A.pdb_A	655	-1.66717	1.69762	-7.46002
M124K.pdb_A	665	-1.90999	1.43366	-8.34831
G122N.pdb_A	673	-1.90999	1.43366	-9.41439
M1031G.pdb_C	680	0.10863	-1.86286	-6.23158
D1030H.pdb_C	686	-0.0685169	-2.25783	-3.71438
H1051V.pdb_C	703	0.97287	-1.79631	-3.08409
M1027Y.pdb_C	711	0.932086	-1.21288	-4.63821
L1023A.pdb_C	725	0.698941	-1.20373	-2.93909
D44A.pdb_A	734	0.746175	2.30791	-8.05882
Q59S.pdb_A	740	1.15638	2.40508	-7.52095
V111F.pdb_A	750	0.946896	2.39907	-8.21603
N140R.pdb_A	760	0.915284	2.34912	-6.91491
P1062Q.pdb_C	767	0.879198	-1.79852	-4.57929
S156L.pdb_A	778	2.11848	2.63353	-6.80053
H104S.pdb_A	785	2.49902	3.5056	-7.92044
F4V.pdb_A	790	2.49878	3.50213	-6.50164
H131L.pdb_A	798	2.49878	3.56826	-7.32751
D34N.pdb_A	803	2.23487	3.37371	-9.42048
C1086Y.pdb_C	810	0.0142284	-0.994026	0.658621
A57E.pdb_A	816	-0.269283	1.59844	-6.96279
N132D.pdb_A	840	-1.19424	3.0714	-8.35213
L107K.pdb_A	848	-0.980537	3.65191	-7.6156
I1079F.pdb_C	863	-0.980298	-1.93369	-4.32015
N1059Y.pdb_C	871	0.488563	-2.8822	-3.86775
L146M.pdb_A	885	0.412518	5.27398	-7.66847
I1074L.pdb_C	893	0.41273	-2.91619	-2.32132
R69C.pdb_A	909	0.645872	5.29579	-7.44082
V11M.pdb_A	919	0.62923	5.24022	-8.72926
V135W.pdb_A	929	0.620919	5.92495	-7.76519
V142W.pdb_A	936	0.567833	5.94982	-8.26278
G122I.pdb_A	941	0.567837	5.94987	-9.88013
T78E.pdb_A	946	0.736635	2.79338	-9.44248
E1025L.pdb_C	953	0.870875	-2.34513	-5.17786
H61S.pdb_A	962	2.29898	2.82503	-6.88903
C153G.pdb_A	972	1.77444	2.84379	-6.3851
W108L.pdb_A	981	1.76181	2.83609	-7.46775
K40H.pdb_A	989	2.4993	2.8544	-7.39551
T1089W.pdb_C	997	2.52482	-1.77953	-4.03807
