name	count	evolved_interaction	ancestral_interaction	stability
L4E.pdb_A	1	-10.4799	-10.5197	-26.089
R1055I.pdb_C	10	-10.4727	-10.4863	-7.59595
G115Y.pdb_A	16	-10.4858	-10.5006	-24.999
E1079Y.pdb_C	23	-10.428	-10.363	-8.30016
A152F.pdb_A	31	-10.5876	-10.7387	-16.9607
I92S.pdb_A	39	-10.5471	-10.728	-6.75036
G1066S.pdb_C	56	-10.9662	-10.3259	-3.23885
L1063Q.pdb_C	63	-10.9651	-10.3214	-2.28047
P69R.pdb_A	72	-11.0679	-10.6563	-7.62786
R1046Q.pdb_C	82	-10.9925	-10.3146	-2.13312
A129N.pdb_A	89	-10.9874	-9.24195	-7.41105
R1093H.pdb_C	108	-11.1064	-10.427	-2.47496
E78K.pdb_A	114	-11.0691	-9.31759	-8.64957
M1057R.pdb_C	120	-11.1048	-10.436	-5.06962
D100P.pdb_A	128	-11.0657	-9.31745	-7.58821
S1062K.pdb_C	142	-11.0942	-10.4429	-5.87626
N66W.pdb_A	151	-10.7583	-9.31662	-8.13951
Y144A.pdb_A	160	-11.5888	-9.98065	-7.9324
F1065R.pdb_C	167	-11.7764	-10.1819	-3.97398
H1092Y.pdb_C	179	-11.3622	-9.58383	-2.49509
V42C.pdb_A	197	-11.3141	-10.0282	-7.27391
S138A.pdb_A	205	-11.1293	-11.4426	-8.30014
G156M.pdb_A	213	-11.0473	-11.1117	-8.42755
E99W.pdb_A	231	-10.8901	-10.8567	-7.57774
Q154R.pdb_A	242	-10.9015	-10.8606	-7.42787
T51F.pdb_A	250	-10.8585	-10.5542	-7.41675
W16Y.pdb_A	257	-10.7642	-10.8963	-7.65124
Q29R.pdb_A	263	-10.8151	-10.7477	-8.49192
C42T.pdb_A	274	-10.793	-10.9551	-8.46294
T63Y.pdb_A	281	-10.8341	-11.0001	-10.1744
G148V.pdb_A	290	-10.7597	-11.3593	-10.0118
V33I.pdb_A	296	-10.6804	-11.3581	-7.19673
E1058W.pdb_C	314	-10.7243	-9.52462	-5.05478
Y63Q.pdb_A	325	-10.7213	-11.3399	-7.66475
Y68F.pdb_A	330	-10.6656	-11.283	-7.72687
K32H.pdb_A	342	-10.7116	-11.328	-6.97518
Q108C.pdb_A	357	-10.5186	-11.0058	-6.86104
D1087E.pdb_C	373	-11.7724	-10.4268	-4.99968
E131F.pdb_A	379	-11.4741	-10.3201	-7.35827
I1055K.pdb_C	394	-11.4639	-10.3406	-2.8182
Y1051L.pdb_C	403	-11.4622	-10.3667	-3.347
P21I.pdb_A	410	-11.5089	-11.4969	-8.51901
K138R.pdb_A	420	-11.6862	-11.4928	-7.45163
D76R.pdb_A	426	-11.6695	-11.4799	-9.83296
T14G.pdb_A	433	-11.0653	-10.4347	-6.9954
C145L.pdb_A	441	-11.1168	-10.3798	-8.66175
A130R.pdb_A	455	-11.4748	-11.0927	-7.90239
G1077L.pdb_C	463	-11.5267	-10.3772	-3.91259
T39F.pdb_A	472	-12.2551	-11.914	-9.15492
K1094Q.pdb_C	480	-12.3051	-10.4752	-4.95447
G14K.pdb_A	488	-12.6008	-12.2743	-7.81217
R5M.pdb_A	495	-12.7092	-12.0041	-9.89497
S1033V.pdb_C	506	-12.3418	-10.2098	-3.10182
L155F.pdb_A	514	-12.3302	-11.8811	-8.13273
N1086Y.pdb_C	523	-12.1005	-10.4858	-5.52158
M118N.pdb_A	530	-11.4208	-10.7406	-6.9805
G1075I.pdb_C	551	-11.624	-10.1177	-5.38796
L38F.pdb_A	560	-11.5388	-9.91631	-6.76467
D67K.pdb_A	565	-11.0843	-9.8906	-6.77121
F68M.pdb_A	573	-11.1024	-9.90027	-6.25105
A26G.pdb_A	586	-11.3419	-10.0028	-8.02273
K128M.pdb_A	598	-11.361	-10.0355	-7.4634
M101I.pdb_A	610	-12.2344	-10.27	-7.62713
L1091S.pdb_C	623	-12.2333	-8.76904	-2.48546
F27H.pdb_A	629	-12.4524	-9.66036	-10.499
C108I.pdb_A	635	-12.7394	-9.71504	-7.85372
E1050L.pdb_C	651	-10.4187	-9.24531	-3.39518
T107M.pdb_A	668	-10.7639	-9.17613	-7.41989
K1082F.pdb_C	686	-10.7934	-9.42397	-2.52001
H141V.pdb_A	696	-11.2131	-9.17599	-7.24383
A142T.pdb_A	710	-11.4286	-9.17599	-7.52458
T110G.pdb_A	718	-10.8383	-8.38883	-8.65837
T114F.pdb_A	724	-10.8704	-8.36188	-11.9845
R155V.pdb_A	735	-10.8639	-8.43485	-7.69834
I1071T.pdb_C	746	-11.0033	-10.5238	-2.36125
E140D.pdb_A	756	-10.9253	-8.46581	-7.82578
C122N.pdb_A	769	-10.8216	-8.4367	-9.70487
A133P.pdb_A	777	-10.5159	-8.10216	-8.73652
S94T.pdb_A	788	-10.516	-8.13353	-9.09967
I1063A.pdb_C	806	-10.5374	-10.3038	-3.1482
I1075G.pdb_C	822	-10.6195	-10.3181	-3.8295
R69Q.pdb_A	839	-10.6132	-8.04596	-8.08097
T1032Q.pdb_C	844	-10.5515	-10.1616	-3.61699
F102T.pdb_A	856	-10.5078	-8.60932	-7.50543
T114E.pdb_A	866	-10.3705	-8.6135	-7.28188
L35P.pdb_A	878	-10.4479	-8.61895	-7.56898
F71K.pdb_A	887	-10.4454	-8.35768	-8.02626
Q98S.pdb_A	896	-10.482	-8.7266	-9.45741
Q1094E.pdb_C	906	-10.5267	-10.3572	-4.09624
I15A.pdb_A	918	-10.5201	-8.85019	-7.56104
W149Q.pdb_A	929	-10.755	-8.86292	-7.27568
A7E.pdb_A	944	-10.7535	-8.8409	-9.23668
G36W.pdb_A	952	-11.0464	-8.74409	-10.622
W137L.pdb_A	960	-11.04	-8.76304	-6.84961
Y1043I.pdb_C	973	-10.9728	-10.5813	-2.64299
F1082A.pdb_C	984	-11.224	-10.4583	-2.60701
