name	count	evolved_interaction	ancestral_interaction	stability
R1047W.pdb_C	1	-10.4946	-10.3835	-9.46604
H1023W.pdb_C	8	-10.3187	-10.3322	-10.9231
P1078M.pdb_C	14	-10.359	-10.3838	-9.37341
E143M.pdb_A	21	-10.6822	-10.8996	-18.098
K1041C.pdb_C	28	-10.9465	-10.5991	-8.1821
L150W.pdb_A	33	-11.261	-11.1135	-8.40227
V57I.pdb_A	39	-11.7724	-11.0593	-8.86268
F81G.pdb_A	46	-10.9403	-11.109	-7.35239
D118H.pdb_A	53	-11.608	-10.3588	-6.65915
D1080W.pdb_C	62	-11.6133	-10.2339	-4.08451
K1054Q.pdb_C	75	-12.0672	-10.5232	-2.51684
C1041I.pdb_C	89	-11.8373	-10.4876	-5.10764
Q117M.pdb_A	98	-11.8393	-10.1261	-6.51754
S1032V.pdb_C	109	-11.6725	-8.40827	-3.32619
Y144N.pdb_A	118	-11.6545	-10.2428	-6.24934
Q130L.pdb_A	129	-11.6801	-10.2394	-7.35227
D1059F.pdb_C	135	-11.6392	-8.36167	-2.47548
C102Y.pdb_A	147	-11.662	-10.1864	-6.46769
K1038N.pdb_C	153	-11.7495	-8.36373	-2.43196
G115R.pdb_A	160	-11.2836	-10.3498	-8.70133
T51K.pdb_A	171	-10.9468	-10.4104	-6.58425
N9V.pdb_A	177	-10.9363	-9.18808	-10.2087
F1095M.pdb_C	270	-10.5191	-7.09761	-3.19962
P88W.pdb_A	275	-10.6235	-10.1442	-6.15221
M1083I.pdb_C	282	-10.6034	-7.26405	-2.84457
T1092V.pdb_C	298	-11.2375	-7.71203	-2.89096
S37N.pdb_A	309	-11.1276	-10.8291	-9.39094
A1051F.pdb_C	315	-11.3392	-7.75733	-3.8284
R1075E.pdb_C	322	-13.0478	-9.47007	-2.85515
K1027V.pdb_C	331	-13.2044	-9.03044	-2.78815
T91K.pdb_A	345	-12.7489	-11.0847	-9.14032
E1085I.pdb_C	353	-11.6254	-7.8057	-4.19834
W143S.pdb_A	362	-11.2024	-10.9684	-8.39686
T88F.pdb_A	370	-11.4283	-10.7551	-10.0187
M1044C.pdb_C	375	-11.2424	-7.44233	-2.63448
L1064T.pdb_C	383	-10.6641	-7.4362	-2.46443
M132D.pdb_A	395	-10.7245	-9.03144	-8.25972
K30W.pdb_A	415	-10.4429	-8.60472	-7.46636
C1045V.pdb_C	441	-10.7403	-7.60537	-4.98863
E128C.pdb_A	453	-10.7966	-9.27586	-9.09903
G44I.pdb_A	460	-11.8041	-10.1651	-10.4157
L109M.pdb_A	466	-10.8223	-10.1529	-9.47218
A48R.pdb_A	477	-10.6367	-9.26321	-9.68772
E42Y.pdb_A	483	-10.7713	-9.70595	-8.34062
Q64Y.pdb_A	497	-11.2174	-9.19404	-10.6316
E1034T.pdb_C	504	-10.9371	-6.70846	-6.17946
R148N.pdb_A	510	-10.7298	-10.5646	-7.00356
I150D.pdb_A	517	-11.1307	-10.6459	-9.22909
L127K.pdb_A	523	-11.5232	-10.1829	-7.56333
N12Y.pdb_A	533	-10.9842	-9.19471	-9.9656
V116I.pdb_A	540	-10.9204	-9.0773	-10.7308
M51I.pdb_A	546	-10.9372	-9.0839	-9.90094
V1025R.pdb_C	553	-11.0411	-7.12972	-4.92716
Y1054G.pdb_C	562	-11.244	-7.38657	-4.09617
E106L.pdb_A	571	-11.2231	-9.82231	-7.14948
P1023M.pdb_C	577	-10.4538	-7.24119	-5.36863
L83K.pdb_A	592	-10.4465	-9.8741	-7.11428
H1057N.pdb_C	605	-10.5806	-7.14038	-7.50566
K1033D.pdb_C	612	-10.4807	-6.9273	-5.02322
Y58M.pdb_A	618	-10.4803	-9.52368	-7.50276
N140R.pdb_A	628	-10.5769	-9.3784	-7.4106
E1061Y.pdb_C	636	-11.1611	-7.07288	-4.23265
G66R.pdb_A	643	-11.1629	-9.95344	-10.0955
S136A.pdb_A	654	-10.4518	-9.96873	-8.05782
A149V.pdb_A	670	-10.4312	-10.1281	-7.31425
I1055Q.pdb_C	680	-10.4532	-6.55049	-2.14178
I51W.pdb_A	694	-10.5464	-11.2122	-7.99459
W1047R.pdb_C	708	-10.644	-6.54759	-2.30391
G102V.pdb_A	724	-10.9703	-10.1921	-8.39386
E81L.pdb_A	738	-11.2416	-10.1947	-9.87509
C128G.pdb_A	748	-11.246	-10.4542	-9.13392
I1076L.pdb_C	758	-11.2405	-6.86467	-4.03543
T110I.pdb_A	777	-11.2245	-10.2664	-8.36386
S156R.pdb_A	788	-11.9361	-10.6746	-9.182
H1062L.pdb_C	796	-11.9356	-6.97819	-4.50034
G139V.pdb_A	802	-11.9204	-10.6849	-11.0484
V113Q.pdb_A	814	-11.8845	-10.8576	-7.83979
P65F.pdb_A	820	-12.1259	-10.8615	-7.4952
R1025L.pdb_C	835	-12.4771	-7.30024	-5.10863
L137F.pdb_A	847	-11.6182	-10.8453	-8.56527
P3I.pdb_A	855	-11.5652	-10.8535	-8.48005
Q1085F.pdb_C	873	-10.9782	-7.05262	-4.77123
N124P.pdb_A	888	-10.9761	-10.6215	-8.26028
Q1088S.pdb_C	896	-11.0885	-7.48365	-4.99159
Q1055P.pdb_C	902	-11.158	-7.55873	-3.3683
I142L.pdb_A	913	-11.1914	-10.6758	-8.18524
C61L.pdb_A	922	-11.1954	-10.6766	-9.46967
R115W.pdb_A	929	-10.6944	-10.3156	-12.167
G79M.pdb_A	938	-10.6846	-10.3274	-9.39361
Q131W.pdb_A	955	-10.6763	-11.2258	-8.25082
E33P.pdb_A	967	-10.6741	-11.2303	-7.83018
Y50D.pdb_A	976	-10.7608	-11.7535	-9.00141
Y40R.pdb_A	985	-10.7601	-11.5498	-8.00299
S1088T.pdb_C	995	-11.0914	-8.33038	-3.08646
