name	count	evolved_interaction	ancestral_interaction	stability
A1091N.pdb_C	1	-10.4686	-10.3516	-9.31247
T91G.pdb_A	9	-10.4513	-10.5182	-7.13034
S1032F.pdb_C	20	-10.5731	-10.4393	-8.94477
T108G.pdb_A	25	-11.5174	-11.6341	-11.3262
D118C.pdb_A	30	-10.9507	-11.6999	-14.6589
P84R.pdb_A	37	-11.0493	-11.8259	-9.20975
V29D.pdb_A	45	-10.7488	-11.5667	-8.2759
T1042D.pdb_C	50	-11.1511	-9.88644	-2.99518
T1043I.pdb_C	59	-11.0906	-9.88641	-4.13072
S1089Y.pdb_C	68	-10.8902	-9.72499	-6.83086
Q10K.pdb_A	73	-11.566	-11.9711	-8.83342
P125L.pdb_A	78	-11.3626	-12.0304	-9.21848
S156M.pdb_A	84	-10.6576	-11.5009	-9.30446
G50H.pdb_A	92	-11.8759	-11.9577	-7.81381
I1043Y.pdb_C	99	-11.872	-10.0792	-2.41171
D1093E.pdb_C	114	-11.7083	-9.91208	-3.11283
G108A.pdb_A	121	-11.6047	-11.9778	-9.06553
H35V.pdb_A	131	-11.4305	-11.9777	-6.98594
S3M.pdb_A	141	-10.7174	-11.9063	-6.84183
F106P.pdb_A	155	-10.7524	-12.0598	-7.43543
I60M.pdb_A	170	-10.6633	-12.0341	-7.72471
K153F.pdb_A	178	-10.6378	-11.9745	-7.28202
F144R.pdb_A	186	-10.9609	-11.9936	-6.77447
E124C.pdb_A	201	-10.9709	-12.0189	-7.07499
M29I.pdb_A	213	-11.0137	-12.0714	-9.1432
S70E.pdb_A	219	-10.9201	-12.0635	-9.53606
L50S.pdb_A	225	-10.9193	-12.0902	-9.29902
I1070N.pdb_C	239	-10.542	-9.2548	-1.85561
P128Y.pdb_A	252	-10.6057	-12.0325	-7.03884
N126A.pdb_A	263	-10.5859	-11.8915	-6.87306
I1088E.pdb_C	278	-10.7774	-9.91056	-1.90821
Q39T.pdb_A	291	-10.7607	-11.7633	-7.07958
K141M.pdb_A	311	-11.1888	-11.6978	-7.52595
A137C.pdb_A	322	-11.1985	-11.5165	-8.39435
C137S.pdb_A	330	-10.5471	-11.4634	-8.17333
G1046Y.pdb_C	341	-11.5515	-9.89925	-3.98121
R84V.pdb_A	346	-12.225	-11.8424	-11.1612
A1053Q.pdb_C	351	-12.2812	-10.0091	-2.38559
L33F.pdb_A	365	-12.308	-11.8512	-6.92892
A123P.pdb_A	374	-11.6782	-11.8243	-8.61587
G108S.pdb_A	382	-11.6907	-11.7846	-10.8537
Y99H.pdb_A	388	-11.6907	-11.7863	-8.14181
D11E.pdb_A	398	-11.3104	-12.0561	-9.57911
W1086L.pdb_C	405	-11.2008	-8.84179	-4.09853
H1047G.pdb_C	416	-11.1295	-8.76968	-2.43947
V1034W.pdb_C	427	-13.0674	-10.8181	-4.00143
G1047F.pdb_C	437	-13.3267	-9.01319	-6.49484
G76K.pdb_A	446	-14.09	-11.7319	-10.4232
F22I.pdb_A	453	-11.5016	-9.80789	-8.40481
Q63C.pdb_A	464	-11.5578	-9.93624	-8.24419
Y14Q.pdb_A	471	-11.6659	-10.0499	-6.96887
M1062W.pdb_C	481	-11.4498	-7.60773	-5.79929
R100G.pdb_A	494	-11.514	-9.93717	-7.36123
G118L.pdb_A	507	-11.4963	-9.91448	-8.38159
K146W.pdb_A	520	-11.4967	-9.9144	-9.29072
D102E.pdb_A	527	-11.4996	-10.1314	-8.97727
L118Y.pdb_A	536	-11.5681	-8.74439	-7.45656
V1051F.pdb_C	544	-12.406	-9.19438	-4.86461
L1065K.pdb_C	554	-12.2979	-8.5926	-3.08043
N4S.pdb_A	563	-12.5483	-9.20981	-7.7351
E1084S.pdb_C	572	-11.2807	-6.87315	-3.31481
D1042C.pdb_C	590	-11.2304	-6.92586	-3.86207
D74F.pdb_A	598	-11.1906	-8.73549	-7.65567
A112C.pdb_A	606	-11.1896	-8.57951	-7.98837
Y118I.pdb_A	614	-11.1899	-8.58035	-7.22597
K1071P.pdb_C	623	-12.9524	-9.69271	-3.68862
I5C.pdb_A	629	-12.8643	-8.5623	-8.00014
D1030L.pdb_C	643	-12.7316	-8.63217	-2.38252
M36A.pdb_A	654	-12.8258	-8.34083	-8.33788
M107R.pdb_A	666	-12.8131	-8.34158	-9.59284
Q35H.pdb_A	671	-12.3279	-8.53195	-10.6982
C112E.pdb_A	682	-12.3041	-8.66638	-9.59966
R65T.pdb_A	692	-12.7669	-8.40782	-8.37494
S1083E.pdb_C	703	-12.9321	-8.18577	-4.50976
Q141Y.pdb_A	714	-13.1773	-8.31844	-8.51919
H30L.pdb_A	721	-12.8775	-7.98846	-8.94347
G63I.pdb_A	731	-12.7153	-7.9614	-13.3012
Q128G.pdb_A	738	-12.831	-8.27071	-11.6273
S137L.pdb_A	754	-12.9469	-8.27049	-9.80064
H35W.pdb_A	761	-12.9335	-8.27021	-7.73186
L138I.pdb_A	769	-12.9245	-8.28194	-7.41645
F1051E.pdb_C	786	-12.3754	-7.81449	-3.47291
F1095K.pdb_C	796	-12.2094	-9.46655	-2.97188
I29H.pdb_A	815	-12.23	-9.29227	-7.06324
C1080V.pdb_C	827	-12.2974	-8.53113	-4.17935
Q1076N.pdb_C	837	-12.4002	-7.79049	-3.1424
M1075W.pdb_C	845	-12.4013	-7.79048	-3.2101
E1093P.pdb_C	855	-11.579	-8.53805	-3.8112
T1077R.pdb_C	862	-11.6221	-8.53297	-4.08492
A15L.pdb_A	873	-10.7178	-8.90346	-8.63145
K1073V.pdb_C	881	-10.7986	-8.2148	-4.49152
A1077H.pdb_C	890	-12.5089	-8.40008	-3.09301
M27K.pdb_A	897	-12.5564	-10.4043	-8.53373
Y1042M.pdb_C	911	-12.8718	-8.4204	-2.70837
I1035L.pdb_C	921	-13.0594	-8.37488	-2.45204
K143Q.pdb_A	935	-12.6563	-9.85387	-8.36529
N1076S.pdb_C	945	-12.3455	-7.52229	-3.68412
S114K.pdb_A	959	-12.2282	-9.93833	-9.75145
K44Y.pdb_A	967	-12.3688	-9.86423	-11.1135
G1061F.pdb_C	983	-11.6421	-7.71417	-2.42757
R6I.pdb_A	991	-11.6924	-10.4611	-8.16385
I105P.pdb_A	1000	-11.5774	-10.49	-9.79436
