name	count	evolved_interaction	ancestral_interaction	stability
S122R.pdb_A	1	-10.4933	-10.5191	-27.146
P1044N.pdb_C	7	-10.5804	-10.4751	-7.79199
Q130D.pdb_A	12	-10.5993	-10.5765	-25.498
D145A.pdb_A	20	-10.5123	-10.5441	-22.1589
Q1076S.pdb_C	27	-10.4542	-10.3557	-7.11537
E131D.pdb_A	34	-11.1441	-11.205	-11.9175
K1054M.pdb_C	40	-11.1741	-10.5305	-2.90439
I1035L.pdb_C	54	-11.1869	-9.19738	-3.153
S127D.pdb_A	63	-11.2348	-12.5971	-8.31282
E1034S.pdb_C	76	-12.1449	-10.5202	-3.46256
K1040D.pdb_C	82	-12.1417	-10.5399	-4.12049
K30P.pdb_A	92	-11.7177	-11.9926	-11.4549
Q100C.pdb_A	102	-12.2992	-12.6228	-8.84291
F1036I.pdb_C	114	-11.9501	-10.0792	-4.31537
L1048P.pdb_C	128	-11.9446	-10.0695	-4.17714
V8K.pdb_A	137	-11.7112	-12.0355	-7.26407
C34G.pdb_A	147	-11.8073	-12.0371	-10.317
D121F.pdb_A	153	-11.747	-11.9321	-9.85182
D1085P.pdb_C	159	-11.2118	-9.26392	-6.65797
A142T.pdb_A	167	-11.2279	-12.0947	-9.34736
I1070H.pdb_C	174	-11.268	-9.19208	-3.03308
H1047Q.pdb_C	184	-11.0385	-9.13932	-3.37906
K74I.pdb_A	192	-12.4993	-13.2882	-7.56033
Y87M.pdb_A	203	-12.4593	-13.2555	-7.63628
Y78V.pdb_A	211	-11.136	-13.0447	-6.62053
D131I.pdb_A	221	-10.9789	-13.0441	-8.72116
K1041C.pdb_C	232	-11.0963	-8.21692	-3.07071
P82Y.pdb_A	241	-11.3044	-13.2137	-9.78081
Q153K.pdb_A	250	-11.3195	-13.228	-7.60172
T35E.pdb_A	258	-10.9388	-13.0985	-7.68326
A1084D.pdb_C	267	-12.3794	-9.13753	-2.21432
M1024I.pdb_C	276	-12.4114	-9.13895	-2.056
F95P.pdb_A	285	-12.3711	-12.9596	-11.9206
V1094M.pdb_C	294	-12.2969	-9.13259	-3.27163
M1079N.pdb_C	300	-12.3431	-8.14287	-2.93515
K31H.pdb_A	307	-12.2953	-13.2974	-9.24693
C1093V.pdb_C	314	-12.3342	-9.02041	-3.7673
N1044D.pdb_C	320	-12.1601	-9.07713	-2.60434
K1086R.pdb_C	327	-12.1201	-8.95007	-3.13925
K8D.pdb_A	336	-12.2553	-13.2929	-7.51419
V61M.pdb_A	341	-12.0286	-13.4109	-9.54386
W1059M.pdb_C	347	-11.7268	-9.2015	-3.21693
L139H.pdb_A	354	-11.7248	-13.055	-8.14986
E99I.pdb_A	362	-11.7847	-12.7245	-8.11128
D117W.pdb_A	373	-11.9024	-12.7671	-7.23031
M24W.pdb_A	385	-11.767	-12.5762	-8.87148
K27C.pdb_A	392	-11.7708	-12.5459	-7.48836
M30H.pdb_A	400	-11.1443	-12.2269	-7.1712
C121M.pdb_A	409	-11.1529	-12.2137	-10.9514
H139N.pdb_A	415	-11.2477	-12.1814	-7.62579
S154H.pdb_A	424	-11.3472	-12.21	-7.76498
R104Y.pdb_A	435	-11.3683	-12.3429	-6.56758
V70L.pdb_A	456	-11.2882	-12.2011	-8.93028
P1048F.pdb_C	466	-11.2836	-8.92636	-3.01297
H1023L.pdb_C	478	-11.6244	-8.83711	-5.56922
Y104L.pdb_A	488	-11.6435	-12.74	-9.68652
K44C.pdb_A	495	-11.1885	-12.7093	-8.01182
V1062T.pdb_C	501	-11.1876	-8.4281	-7.04906
G1095M.pdb_C	508	-10.9213	-8.48717	-6.00959
C1085N.pdb_C	518	-11.2909	-8.63231	-5.08117
Y1074F.pdb_C	524	-11.3631	-8.64402	-5.45374
Q152G.pdb_A	529	-11.3857	-12.391	-9.61207
S1055I.pdb_C	542	-11.5617	-8.74848	-6.99032
S149H.pdb_A	548	-11.4237	-12.4267	-6.71965
L1066T.pdb_C	560	-10.8979	-7.62232	-3.89113
L119Y.pdb_A	565	-10.884	-12.2884	-9.76107
Y108Q.pdb_A	576	-10.944	-12.2675	-7.25079
N139C.pdb_A	587	-11.0628	-12.5126	-8.78467
A1071C.pdb_C	596	-11.0822	-7.56409	-2.31839
Q1046L.pdb_C	607	-11.0937	-7.57871	-3.68368
E1050L.pdb_C	618	-10.6389	-7.80855	-5.5425
G32I.pdb_A	627	-10.63	-12.4879	-7.41493
I1039F.pdb_C	637	-10.6307	-7.80165	-2.37477
E1043M.pdb_C	648	-10.6309	-7.78083	-3.0966
N1085L.pdb_C	659	-10.4663	-7.92902	-2.38188
L106K.pdb_A	678	-10.6054	-12.663	-6.84687
N126E.pdb_A	687	-10.9885	-13.2159	-7.62881
C1059A.pdb_C	699	-11.258	-7.92167	-2.51788
I1088M.pdb_C	710	-10.9477	-7.9357	-2.3145
S1092T.pdb_C	719	-10.9175	-7.88344	-2.93028
E143M.pdb_A	732	-10.9173	-12.6146	-8.51262
A1076W.pdb_C	742	-11.1121	-8.01892	-3.34847
Q7F.pdb_A	753	-11.4779	-13.6176	-7.00785
K141M.pdb_A	764	-11.6254	-13.7782	-6.7203
Y68F.pdb_A	771	-11.7291	-13.2614	-7.24132
R1027V.pdb_C	789	-12.3089	-8.41203	-3.38589
V54D.pdb_A	800	-12.1941	-13.8624	-8.12045
M40Y.pdb_A	806	-11.9639	-13.0542	-7.18309
A79G.pdb_A	811	-11.9559	-13.1123	-8.28774
K67M.pdb_A	820	-12.2602	-13.3626	-9.60497
F111L.pdb_A	831	-12.2619	-13.3629	-10.2817
I1024F.pdb_C	837	-11.51	-8.48182	-2.4847
G44L.pdb_A	845	-11.1121	-12.9716	-9.36559
L1039F.pdb_C	853	-12.7759	-7.48129	-4.90954
Q100P.pdb_A	858	-12.8883	-13.2293	-7.67513
V122E.pdb_A	864	-12.8991	-13.6048	-7.98241
K1073T.pdb_C	874	-13.5417	-7.47275	-2.03512
C139Q.pdb_A	884	-13.5426	-14.3766	-11.9663
D75C.pdb_A	893	-11.0048	-14.3644	-9.79767
S1044F.pdb_C	899	-10.9987	-6.2935	-2.52812
I133E.pdb_A	908	-10.8832	-13.9113	-10.7892
Q3W.pdb_A	916	-10.9224	-13.9304	-9.75148
M57K.pdb_A	924	-10.6261	-13.306	-9.29076
N152C.pdb_A	929	-10.5937	-13.408	-10.4768
K146W.pdb_A	935	-10.5805	-13.3677	-11.5272
M1094Q.pdb_C	941	-10.5815	-6.32681	-3.38295
R121W.pdb_A	953	-10.5812	-13.0786	-8.75645
V148M.pdb_A	967	-10.5132	-13.0789	-7.25084
F106M.pdb_A	974	-10.4615	-13.0561	-8.61489
W1093H.pdb_C	986	-10.5046	-6.22871	-2.1375
F79S.pdb_A	999	-10.5042	-13.0987	-6.5956
