name	count	evolved_interaction	ancestral_interaction	stability
R1055P.pdb_C	1	-10.4929	-10.3763	-4.19146
A142P.pdb_A	6	-9.94219	-10.5765	-25.1962
D1075P.pdb_C	11	-9.55695	-9.74005	-4.46643
D102C.pdb_A	16	-9.92744	-9.95232	-23.5871
A1053V.pdb_C	22	-5.96319	-6.16066	-3.99655
G50N.pdb_A	27	-5.74237	-9.65485	-15.4061
W16I.pdb_A	33	-4.8945	-9.23768	-14.4258
E1050K.pdb_C	39	-5.14445	-6.21471	-2.97728
R13I.pdb_A	53	1.39278	-2.4759	-8.75309
D100A.pdb_A	61	1.39903	-2.56992	-7.48641
T108V.pdb_A	67	1.11873	-2.34664	-7.37552
D1030G.pdb_C	77	0.823085	-6.089	-2.35556
C5G.pdb_A	95	0.996159	-2.57308	-7.20123
K76L.pdb_A	106	1.48622	-2.09801	-8.66561
R139G.pdb_A	112	0.458492	-3.24558	-6.95867
K31Q.pdb_A	117	0.404632	-3.24999	-10.1333
G62Y.pdb_A	122	-1.22412	-3.24373	-8.7194
G115L.pdb_A	133	-0.110608	-2.20965	-8.27302
D145F.pdb_A	143	-0.612497	-2.8181	-9.81035
G56A.pdb_A	150	0.952546	-2.139	-7.61006
L1058C.pdb_C	159	0.987637	-2.92854	-3.04146
E1034P.pdb_C	174	0.977626	-3.07719	-1.79608
S1032D.pdb_C	185	1.07541	-3.09163	-3.17357
D1082G.pdb_C	199	0.249778	-2.48386	-4.5698
Y119M.pdb_A	210	-0.4715	-1.88244	-9.18365
Q1095D.pdb_C	218	-0.120902	0.793477	-3.06391
C102R.pdb_A	225	-0.120792	-1.8798	-12.568
P1055H.pdb_C	233	-0.914069	0.114054	-5.5609
W18H.pdb_A	238	-2.10736	-3.99704	-10.1734
M85R.pdb_A	245	-1.75747	-4.00009	-8.86856
K1038N.pdb_C	252	-1.72027	-2.62071	-5.27374
I1043N.pdb_C	257	-5.17606	-2.64614	-5.38406
F145I.pdb_A	263	-5.59747	-2.1495	-9.45153
N1051K.pdb_C	269	-5.59418	-2.39374	-3.24905
R12V.pdb_A	279	-5.88371	-2.5695	-9.03083
D1095S.pdb_C	291	-5.67669	1.43598	-3.49652
P105M.pdb_A	297	-6.06286	-3.91712	-7.73907
I60V.pdb_A	304	-6.27403	-3.92336	-10.9442
W155L.pdb_A	310	-5.07074	-1.89099	-11.28
R1071V.pdb_C	317	-4.38018	1.75357	-4.13644
L6T.pdb_A	325	-4.16813	-1.99263	-8.18808
N50H.pdb_A	336	-2.10987	-1.75207	-7.33958
H1064T.pdb_C	343	-2.87195	1.58952	-4.8268
K74V.pdb_A	349	-1.48923	-2.48403	-7.88424
L1081K.pdb_C	356	-1.64633	-1.18148	-2.62413
Q57F.pdb_A	363	-2.50623	-2.84066	-11.1729
F29I.pdb_A	371	-2.55024	-2.83171	-11.5815
Y1042M.pdb_C	378	-2.55881	-2.17351	-3.50952
K1041I.pdb_C	384	-2.54332	-2.30965	-2.5725
V1053S.pdb_C	399	-3.26807	-2.42252	-2.00339
A1074T.pdb_C	404	-2.76017	-2.0883	-3.42083
E42V.pdb_A	418	-2.30048	-2.97808	-9.52107
Y144A.pdb_A	427	-2.32571	-3.0732	-10.1583
V104T.pdb_A	438	-2.33533	-3.07719	-10.4105
E9I.pdb_A	444	0.322281	-0.542789	-9.06368
K139M.pdb_A	451	0.264228	-0.485664	-8.29146
R135W.pdb_A	459	0.263053	-0.501787	-9.40803
D141A.pdb_A	469	0.265791	-0.441742	-8.24177
K21F.pdb_A	476	0.349503	0.318843	-9.64615
R1093V.pdb_C	481	0.332118	1.12479	-6.49164
T93R.pdb_A	488	0.326201	0.483525	-9.68735
S1046N.pdb_C	498	0.547376	1.1253	-4.27123
D1075Y.pdb_C	503	0.547484	1.18297	-3.65637
S74K.pdb_A	508	1.31917	1.30625	-10.6462
M139Y.pdb_A	513	1.32022	1.36122	-8.71807
N140E.pdb_A	521	1.34471	1.49835	-9.7886
P46M.pdb_A	526	1.30318	1.37175	-8.16521
Q1082E.pdb_C	539	1.04721	0.577592	-4.45616
K1054Y.pdb_C	546	0.564376	0.433623	-5.59706
Y139D.pdb_A	551	0.545318	1.31555	-12.5355
Q150N.pdb_A	559	0.530822	1.31554	-7.69465
L38P.pdb_A	569	0.719131	1.4686	-9.84401
V1093S.pdb_C	575	1.34873	0.774543	-2.14904
I31Y.pdb_A	584	-0.571715	-0.0920067	-8.53807
M117L.pdb_A	592	-0.0335799	-0.00652999	-8.2606
R8K.pdb_A	599	0.0508382	0.0656832	-7.89132
I95T.pdb_A	607	-0.0383967	0.19662	-7.4026
P67E.pdb_A	619	1.56212	1.29167	-6.93326
I91K.pdb_A	635	0.59502	0.865452	-8.76051
N150P.pdb_A	640	3.16161	0.774211	-7.85017
H57S.pdb_A	651	3.14207	0.378998	-7.5282
M154F.pdb_A	660	3.12909	0.470628	-7.09496
L1041Q.pdb_C	670	2.95661	3.03044	-2.05395
N99M.pdb_A	676	2.90536	0.26143	-9.01033
S21A.pdb_A	695	2.92166	0.281283	-7.6291
Q100R.pdb_A	706	3.52801	0.437407	-8.51944
I153H.pdb_A	716	3.23216	0.690364	-8.43245
H111Q.pdb_A	730	2.12492	0.497178	-8.74343
E1095T.pdb_C	738	1.46533	0.581732	-2.45831
T1047G.pdb_C	745	1.36906	0.581732	-3.25248
Y41M.pdb_A	755	1.54931	-0.0971912	-7.22397
Q145A.pdb_A	766	-0.253648	-2.04082	-6.69896
I1043L.pdb_C	774	-0.231221	0.618828	-3.5895
I29K.pdb_A	783	-0.0413269	-2.02917	-7.31715
Q1033Y.pdb_C	791	0.0253737	1.33257	-4.24948
A30F.pdb_A	798	0.097727	-0.646247	-9.36895
T51L.pdb_A	804	0.103507	-0.65109	-8.98245
Y40S.pdb_A	846	0.57938	-0.65078	-7.34176
L131P.pdb_A	860	0.580372	-0.65078	-9.33618
R129D.pdb_A	866	0.629719	-0.960367	-7.11696
N1046M.pdb_C	878	0.595936	1.49295	-3.02534
V14H.pdb_A	886	0.592289	-1.15061	-7.86348
W46L.pdb_A	898	0.428438	-0.458789	-7.64585
V22N.pdb_A	908	0.79449	-0.744086	-6.90054
N63I.pdb_A	915	0.793826	-0.692983	-10.5413
L8I.pdb_A	921	0.82095	-0.767845	-7.6293
H1070Q.pdb_C	931	0.782251	0.441662	-3.1898
C148K.pdb_A	942	0.40705	-0.819131	-6.81965
W1065Y.pdb_C	956	0.336111	1.03816	-2.54782
N7V.pdb_A	976	0.406914	-1.01226	-6.8021
A43S.pdb_A	981	-0.00814763	-0.736627	-6.28224
N1028T.pdb_C	994	0.0351712	-0.0530685	-2.52611
