name	count	evolved_interaction	ancestral_interaction	stability
P65E.pdb_A	1	-10.4624	-10.5074	-23.1669
L120V.pdb_A	6	-10.4423	-10.48	-14.3891
L119G.pdb_A	11	-10.459	-10.48	-13.1349
E143V.pdb_A	17	-10.5461	-10.5623	-16.7121
S95V.pdb_A	22	-10.5349	-10.5685	-18.4661
P73Y.pdb_A	31	-10.4391	-10.6062	-10.7048
I45V.pdb_A	39	-10.4521	-10.6122	-8.26955
R101W.pdb_A	45	-10.6705	-10.5069	-7.59096
S3G.pdb_A	61	-10.6837	-10.5596	-6.66891
I1035Q.pdb_C	68	-10.7403	-10.7793	-2.36168
H1092F.pdb_C	80	-10.5923	-10.6933	-2.98303
F22Y.pdb_A	87	-11.5677	-10.6975	-6.82723
A1074M.pdb_C	95	-11.5487	-10.5381	-3.67313
N98Y.pdb_A	104	-11.4852	-10.6801	-7.78033
K74M.pdb_A	111	-11.8947	-10.9504	-8.41536
L114I.pdb_A	121	-12.0409	-10.9786	-7.75219
P86Q.pdb_A	131	-10.4435	-8.64878	-9.56305
L6W.pdb_A	140	-10.4495	-8.6708	-8.22547
T1043I.pdb_C	150	-10.473	-10.6258	-4.83504
S70P.pdb_A	160	-10.8864	-8.73793	-9.41064
K136E.pdb_A	165	-10.9003	-8.76149	-9.51399
Q39W.pdb_A	173	-10.7529	-8.78856	-7.93567
V45L.pdb_A	185	-10.7458	-8.80023	-9.58452
K30I.pdb_A	202	-11.0021	-8.85061	-10.1976
D74C.pdb_A	211	-11.0177	-10.3464	-7.14624
K15M.pdb_A	217	-10.4486	-8.42712	-8.82875
L1040P.pdb_C	223	-10.443	-10.8321	-7.50876
D33M.pdb_A	230	-10.6256	-8.49215	-7.77451
L1032Q.pdb_C	239	-10.6434	-11.1256	-7.1333
Q10E.pdb_A	250	-10.6647	-8.50317	-6.50058
S87A.pdb_A	260	-11.0707	-8.52154	-8.99679
T108W.pdb_A	266	-11.2116	-8.25859	-9.11102
I111E.pdb_A	273	-11.1231	-8.21009	-10.2396
K117N.pdb_A	281	-10.8803	-8.02421	-8.10731
A7P.pdb_A	292	-10.8954	-8.01801	-7.50769
W106V.pdb_A	302	-11.0845	-8.02567	-6.80235
S71K.pdb_A	312	-11.0675	-8.02658	-7.51538
K1051G.pdb_C	319	-11.0622	-11.022	-3.48736
P7H.pdb_A	327	-11.1633	-8.26798	-8.80958
D118V.pdb_A	335	-10.6975	-8.18963	-10.5852
P1044A.pdb_C	341	-10.6985	-10.0829	-4.08851
E136A.pdb_A	359	-10.6455	-8.21484	-8.10954
Q54F.pdb_A	373	-10.7333	-8.19993	-8.21869
Q1073R.pdb_C	384	-10.6986	-10.139	-2.15129
A138T.pdb_A	405	-10.7945	-8.09334	-8.51684
R1074Q.pdb_C	410	-10.7929	-10.238	-3.53764
F81Y.pdb_A	419	-10.677	-7.81972	-7.74336
V75M.pdb_A	427	-10.6908	-7.83803	-7.5841
K76I.pdb_A	440	-10.9535	-8.59626	-7.69682
P46R.pdb_A	446	-11.0261	-9.07423	-6.98017
M24V.pdb_A	453	-12.9215	-10.6305	-7.66933
E4C.pdb_A	460	-12.489	-9.67254	-6.80936
D74C.pdb_A	469	-12.7033	-10.3464	-7.14624
Y57H.pdb_A	480	-13.2294	-10.2108	-6.91115
V106Q.pdb_A	495	-13.3215	-10.2137	-7.5528
I1048M.pdb_C	519	-11.6644	-9.65518	-2.89397
R1064Y.pdb_C	531	-11.4421	-9.49254	-3.55498
M50H.pdb_A	538	-11.397	-9.94368	-10.1665
S1070C.pdb_C	549	-10.7873	-9.45194	-2.70169
A32K.pdb_A	559	-10.723	-9.50929	-9.30632
W6Q.pdb_A	567	-10.7613	-9.59818	-8.05109
L139R.pdb_A	576	-10.7736	-9.59805	-8.50066
T1076W.pdb_C	588	-10.7919	-9.45592	-3.98134
I1024K.pdb_C	596	-10.869	-9.42538	-3.77825
P21K.pdb_A	603	-10.9762	-9.77491	-8.20252
V118H.pdb_A	613	-10.9597	-9.74327	-8.70216
Y66W.pdb_A	625	-10.9841	-9.87577	-8.31442
A1044W.pdb_C	636	-11.2082	-9.41715	-3.17522
Y1036L.pdb_C	644	-10.8712	-9.27551	-3.35081
K101W.pdb_A	660	-10.9695	-10.2034	-7.0007
I98C.pdb_A	667	-10.9877	-10.2156	-7.29228
G143R.pdb_A	682	-10.6779	-10.4149	-8.59911
K121L.pdb_A	705	-10.8388	-10.4143	-6.94918
E106L.pdb_A	720	-10.873	-10.3599	-7.49633
V1025P.pdb_C	733	-10.5712	-9.57189	-2.4266
L1084M.pdb_C	749	-11.0523	-9.76767	-2.47583
K129E.pdb_A	760	-11.1511	-10.3929	-7.66446
H11W.pdb_A	774	-12.2843	-10.493	-8.87829
M1034R.pdb_C	780	-12.153	-10.984	-3.27583
I1095K.pdb_C	788	-13.2895	-11.6189	-3.98217
W1050N.pdb_C	795	-13.5252	-11.2382	-4.13644
N142T.pdb_A	805	-13.5302	-10.8	-9.61525
S122T.pdb_A	810	-13.0203	-10.8025	-7.85124
W1064M.pdb_C	820	-13.1337	-11.4416	-5.09444
P52D.pdb_A	829	-13.1487	-10.8054	-7.69647
V116Q.pdb_A	837	-11.822	-10.535	-8.33005
H50G.pdb_A	845	-11.9174	-10.6196	-10.0023
W1043F.pdb_C	850	-11.9765	-8.51691	-5.4162
L7Q.pdb_A	855	-11.5712	-10.7473	-13.0672
E88H.pdb_A	865	-11.4013	-10.6851	-7.2048
Y155M.pdb_A	880	-11.3952	-10.8	-7.02582
T6F.pdb_A	889	-11.342	-10.5957	-9.45299
F1052I.pdb_C	895	-11.3923	-9.34527	-3.17864
M155W.pdb_A	915	-11.5431	-10.7879	-6.76056
G156M.pdb_A	927	-11.0039	-10.4714	-7.48403
T142K.pdb_A	937	-11.0796	-10.519	-6.91872
E106P.pdb_A	954	-11.2182	-10.4479	-6.78093
I76L.pdb_A	967	-11.3208	-10.575	-6.70985
A26C.pdb_A	978	-11.3219	-10.5594	-7.52261
A128E.pdb_A	987	-11.0845	-10.387	-7.66356
L38F.pdb_A	993	-11.254	-10.6565	-7.4945
