name	count	evolved_interaction	ancestral_interaction	stability
Q1056T.pdb_C	1	-10.5185	-10.3912	-6.10144
S1032L.pdb_C	6	-8.68426	-8.98631	-7.92002
F1037R.pdb_C	11	-8.63884	-9.00137	-5.45794
V75S.pdb_A	16	-8.35691	-9.98559	-16.1534
N66Q.pdb_A	22	-8.36296	-10.0113	-17.8402
H1092W.pdb_C	29	-8.89009	-8.7398	-3.64654
E67R.pdb_A	36	-6.17231	-6.86755	-8.54501
R1046G.pdb_C	43	-6.20819	-7.81806	-2.95697
V62F.pdb_A	51	-6.65953	-7.88762	-8.76801
S122K.pdb_A	59	-6.06972	-7.89094	-7.45955
E1034I.pdb_C	64	-6.40079	-8.37712	-5.62321
G1024R.pdb_C	69	-6.67537	-8.98494	-4.43325
C147T.pdb_A	76	-4.4937	-3.02681	-6.64112
A4Y.pdb_A	86	-4.49848	-3.02298	-7.31587
Q7D.pdb_A	99	-4.66107	-4.48634	-5.66124
Q1095M.pdb_C	119	-3.86387	-6.59025	-2.55232
I107M.pdb_A	130	-3.91729	-4.49113	-5.72198
K1054N.pdb_C	141	-2.58698	-4.43203	-4.18622
R135I.pdb_A	152	-2.62844	-4.12175	-8.58805
H3N.pdb_A	162	-2.68636	-4.11173	-7.64021
Y64R.pdb_A	173	-2.53229	-0.61977	-11.2161
G115L.pdb_A	186	-2.53048	-0.633909	-9.97338
M1061I.pdb_C	193	-2.57871	-4.05441	-3.96773
Y82W.pdb_A	205	-2.5717	-2.04747	-7.44265
Q130L.pdb_A	214	-2.63987	-2.11476	-7.67097
T111G.pdb_A	220	-1.74051	-1.52346	-7.5036
T1042S.pdb_C	226	-3.19805	-4.39764	-5.38288
L1063C.pdb_C	233	-3.68732	-4.51623	-3.91087
R64K.pdb_A	240	-3.35403	-3.52059	-7.43599
N1054Y.pdb_C	250	-3.46914	-3.85024	-4.91176
S1055K.pdb_C	259	-3.48409	-3.5617	-5.27994
A1091G.pdb_C	265	-3.4711	-3.47447	-3.47097
R1071H.pdb_C	279	-1.60973	-2.49385	-2.39108
Q117V.pdb_A	284	0.238872	0.59827	-8.0203
C37K.pdb_A	295	1.16861	0.600329	-8.81362
Q39N.pdb_A	303	1.20839	0.707642	-6.06268
V57F.pdb_A	311	-0.895069	1.08354	-9.4778
T1055E.pdb_C	335	-0.954261	-3.78137	-1.92849
M17L.pdb_A	344	-1.21301	0.260925	-10.3153
Y131H.pdb_A	353	-1.20543	0.319652	-7.491
K153W.pdb_A	366	-1.77912	-1.76399	-8.45294
T76H.pdb_A	376	-2.02995	-1.87172	-10.0835
I1070Y.pdb_C	383	-2.27564	-3.19943	-3.28403
D33Q.pdb_A	391	-2.25691	-1.98533	-8.47698
K30R.pdb_A	402	-1.89964	-2.14065	-8.01515
H131F.pdb_A	412	-1.62684	-2.09419	-8.40217
L1026V.pdb_C	424	-1.68105	-2.93901	-2.83957
K1047T.pdb_C	432	-1.70512	-2.87893	-2.76489
F15W.pdb_A	440	-1.77157	-1.63039	-8.74777
N3T.pdb_A	447	-1.46735	-1.64808	-7.46352
I1061Q.pdb_C	460	-1.58869	-2.12053	-2.56857
R27L.pdb_A	467	-1.7064	-0.585501	-8.07105
L115R.pdb_A	479	-1.7068	-0.620237	-6.64448
I1088D.pdb_C	495	0.158854	-1.52816	-2.09353
K74Y.pdb_A	514	0.126954	-0.600531	-7.30901
Y1033K.pdb_C	525	-0.246583	-1.82506	-2.84018
G1091D.pdb_C	532	-0.357985	-1.97977	-3.55037
F1071S.pdb_C	541	-1.01816	-2.05563	-2.92373
Y147Q.pdb_A	549	-1.3419	-0.231209	-7.3286
Q10Y.pdb_A	563	-1.47047	-0.259845	-8.31796
K127V.pdb_A	571	-1.49479	-0.256718	-7.60635
A40L.pdb_A	579	-1.9087	-1.23436	-9.02274
R136H.pdb_A	588	-2.03584	-1.19877	-7.69183
D29H.pdb_A	601	-2.06353	-1.30597	-6.88951
T91R.pdb_A	618	-2.43974	-1.87261	-7.01255
Q1061P.pdb_C	625	-2.44767	-2.17982	-4.91234
G4H.pdb_A	632	-2.44737	-1.99299	-6.90341
E140L.pdb_A	646	-0.495706	-0.041872	-6.94876
C52M.pdb_A	656	-0.0813424	0.0391839	-9.47145
R145M.pdb_A	667	-0.154463	-0.154185	-7.54007
G1062T.pdb_C	677	-0.187622	-1.27148	-4.33754
R1088L.pdb_C	688	-0.3209	-3.06184	-5.94682
E1023I.pdb_C	696	0.556395	-2.20521	-2.59592
E1090V.pdb_C	715	-0.243445	-2.72097	-3.92189
M52Q.pdb_A	728	-0.518437	2.04499	-7.37634
G54V.pdb_A	740	-0.229922	1.9968	-8.97074
K1077M.pdb_C	750	1.63221	-2.8885	-2.77675
Q111V.pdb_A	759	1.68972	1.82562	-6.34557
H155R.pdb_A	765	1.75972	1.82298	-8.43471
V106E.pdb_A	773	-0.394273	2.6387	-7.95744
E19L.pdb_A	788	0.705513	4.11008	-7.11056
D1093P.pdb_C	800	1.11396	-1.30643	-4.81212
N154D.pdb_A	808	1.11644	4.58071	-6.83338
M1033S.pdb_C	814	1.11701	-1.30932	-2.32867
E128C.pdb_A	821	0.917646	4.4619	-7.53134
L146Q.pdb_A	836	1.47212	4.45533	-9.64382
H1055T.pdb_C	846	1.47227	-0.612463	-2.70163
P125C.pdb_A	855	1.35821	4.62645	-6.7324
L1032Q.pdb_C	872	1.5663	-0.900695	-3.16561
N1075D.pdb_C	887	1.55005	-0.940895	-3.84552
F1038R.pdb_C	894	1.45725	-1.05349	-2.15537
I142E.pdb_A	903	0.613077	4.31491	-12.0317
F24L.pdb_A	909	0.638485	4.4234	-9.03247
L40R.pdb_A	916	0.635834	4.40048	-7.30964
M76K.pdb_A	923	-2.7094	1.55089	-8.73626
K1023I.pdb_C	933	-2.7185	-2.63488	-2.2429
D154C.pdb_A	942	-2.60664	1.64403	-8.58953
G51R.pdb_A	950	-2.61868	1.63267	-7.85672
W1043E.pdb_C	961	-2.64425	-2.63507	-2.10599
S1076H.pdb_C	977	-2.55916	-2.51178	-2.01757
N1074Q.pdb_C	989	-2.65751	-2.80509	-4.41595
