name	count	evolved_interaction	ancestral_interaction	stability
P123H.pdb_A	1	-10.4881	-10.5196	-22.3432
L94E.pdb_A	7	-10.4843	-10.4767	-20.9754
D145N.pdb_A	13	-10.4503	-10.4731	-12.8635
S95M.pdb_A	20	-10.4419	-10.4767	-12.7158
A106T.pdb_A	31	-10.4714	-10.5348	-9.87365
W53Y.pdb_A	41	-10.4272	-10.5438	-8.97567
A129C.pdb_A	49	-10.4207	-10.551	-11.3684
D121L.pdb_A	55	-10.4176	-10.5276	-17.6067
I112R.pdb_A	65	-10.5731	-10.6102	-13.6309
K1027L.pdb_C	71	-12.5536	-10.7739	-4.01941
F24C.pdb_A	77	-12.2844	-11.725	-11.3845
G80W.pdb_A	85	-12.2918	-11.7321	-6.7515
L114Y.pdb_A	98	-12.3866	-11.7632	-8.41652
I1035L.pdb_C	103	-12.3906	-10.8878	-2.78609
N1062A.pdb_C	110	-12.3829	-10.8748	-2.90168
S1029T.pdb_C	115	-12.9993	-11.1978	-4.54311
T108V.pdb_A	127	-12.7558	-11.9591	-7.19797
P21K.pdb_A	132	-11.5222	-12.0124	-8.42543
K74T.pdb_A	140	-11.268	-10.0737	-7.30666
V113T.pdb_A	151	-13.2534	-12.33	-7.21857
K1054R.pdb_C	161	-13.2641	-9.40562	-3.31214
E1034Y.pdb_C	172	-11.2047	-7.10859	-3.20146
Q63G.pdb_A	179	-10.6534	-13.107	-8.49331
H1023K.pdb_C	190	-10.6549	-6.32053	-2.83407
K1058F.pdb_C	206	-10.9748	-6.36261	-2.58572
R70P.pdb_A	217	-10.6658	-12.9367	-9.98787
L7T.pdb_A	224	-10.6844	-12.4682	-8.98335
E1059I.pdb_C	231	-10.6183	-6.00615	-3.48526
G101E.pdb_A	240	-10.6585	-12.3496	-8.76643
T7Q.pdb_A	281	-10.5797	-12.3557	-7.75522
Q1038N.pdb_C	301	-10.6593	-5.95294	-2.17587
R1064F.pdb_C	311	-10.7028	-5.93116	-1.83167
Q127F.pdb_A	324	-11.2011	-12.6279	-9.08537
F127L.pdb_A	336	-10.4899	-11.933	-9.80852
I39W.pdb_A	342	-10.496	-11.6006	-8.65426
E21W.pdb_A	361	-10.5937	-11.7787	-8.56668
V1043Q.pdb_C	373	-10.6907	-6.19892	-4.78534
F1065Y.pdb_C	379	-10.7004	-6.20554	-3.07479
V1046E.pdb_C	392	-10.5946	-6.19167	-2.75135
K1023M.pdb_C	397	-10.5898	-6.20697	-3.27663
K36Y.pdb_A	408	-10.729	-11.6729	-7.93065
C1042W.pdb_C	425	-10.7623	-6.20535	-3.16649
Q78L.pdb_A	437	-10.5898	-11.6701	-8.1464
E143R.pdb_A	446	-10.7406	-11.6826	-7.46218
V62W.pdb_A	452	-10.7226	-11.4732	-7.94436
W1031F.pdb_C	460	-11.3244	-6.59207	-3.16739
P126A.pdb_A	467	-11.1821	-9.88869	-7.93824
V118E.pdb_A	474	-10.5928	-10.114	-11.8403
R8I.pdb_A	480	-10.9756	-8.88235	-10.5982
F35K.pdb_A	487	-11.1977	-8.39929	-8.23365
L78D.pdb_A	501	-10.6791	-8.92037	-7.97816
S76G.pdb_A	510	-11.1654	-10.4552	-8.92773
W141I.pdb_A	521	-11.2719	-10.6843	-9.40291
L6H.pdb_A	528	-10.8767	-10.5554	-7.84962
W39N.pdb_A	540	-12.5187	-10.9704	-7.83231
M1095W.pdb_C	552	-11.9978	-8.20633	-2.06553
M153W.pdb_A	572	-12.0135	-10.9433	-8.58801
H20K.pdb_A	582	-10.5818	-9.98702	-7.88739
W1071Y.pdb_C	595	-11.0565	-8.29138	-2.32357
N1092A.pdb_C	606	-10.4768	-8.1279	-4.63867
C78T.pdb_A	629	-10.481	-9.87469	-7.52228
P132D.pdb_A	639	-10.4938	-9.86095	-7.38754
K1042I.pdb_C	656	-10.4929	-8.7162	-2.19229
R52Q.pdb_A	680	-10.489	-9.87608	-7.81376
K96L.pdb_A	695	-10.4831	-9.86169	-7.75494
F32M.pdb_A	706	-10.4323	-9.96521	-7.39975
K61C.pdb_A	720	-10.4316	-9.9728	-7.38977
V1047M.pdb_C	732	-10.4979	-8.71695	-2.73843
L150H.pdb_A	755	-10.4686	-9.51262	-7.21791
Y37F.pdb_A	771	-10.9927	-9.63539	-7.99234
Q130C.pdb_A	783	-10.7141	-9.8485	-7.32061
K15W.pdb_A	789	-10.6754	-9.68271	-8.10535
G23Y.pdb_A	797	-11.5192	-10.1301	-7.22901
E118C.pdb_A	803	-11.4893	-10.1249	-7.92135
T1029C.pdb_C	815	-11.1156	-8.13731	-2.13609
Q1043E.pdb_C	823	-11.7562	-8.19547	-3.47654
E1079D.pdb_C	833	-11.8306	-8.27942	-3.21026
I8C.pdb_A	841	-11.8711	-10.3742	-8.89532
C130R.pdb_A	846	-11.7917	-10.7051	-9.03199
N104M.pdb_A	857	-11.8473	-10.6241	-9.83575
L121D.pdb_A	862	-11.8563	-10.6947	-9.72696
N48V.pdb_A	874	-11.8686	-10.6457	-9.45151
W11M.pdb_A	881	-11.8771	-10.677	-7.56458
K71F.pdb_A	888	-11.8757	-10.6523	-8.27809
L52W.pdb_A	896	-11.8757	-10.7037	-7.96505
Y1071V.pdb_C	903	-11.9125	-8.3495	-2.93171
Y36D.pdb_A	912	-11.7666	-10.8546	-7.46446
F1026I.pdb_C	928	-12.0865	-7.97553	-7.10641
I1024W.pdb_C	936	-11.5036	-8.06665	-5.18429
R27T.pdb_A	942	-10.7713	-9.74136	-7.28997
C8I.pdb_A	956	-11.2939	-9.77083	-11.5339
N102D.pdb_A	961	-11.3187	-9.84845	-12.7345
C88P.pdb_A	966	-11.2479	-9.73306	-14.6286
C1025M.pdb_C	972	-11.3052	-8.69613	-4.63392
A7V.pdb_A	977	-11.486	-9.73843	-8.02981
E138T.pdb_A	982	-11.558	-9.49893	-8.0511
K1040R.pdb_C	988	-11.2113	-7.74721	-3.29979
