name	count	evolved_interaction	ancestral_interaction	stability
E42N.pdb_A	1	-10.6182	-10.6504	-24.6983
E1034W.pdb_C	7	-11.3425	-10.4555	-9.5251
I1088L.pdb_C	13	-10.3666	-9.78593	-10.1291
Q130I.pdb_A	61	-10.3918	-11.0719	-14.5723
Y155P.pdb_A	67	-10.3786	-11.2465	-6.69766
S3E.pdb_A	141	-11.4514	-10.5991	-6.52162
M132V.pdb_A	150	-11.2538	-10.415	-7.06106
E99F.pdb_A	158	-11.1751	-9.92002	-7.03115
R1055E.pdb_C	168	-10.4912	-10.108	-2.14856
D118L.pdb_A	177	-10.6575	-9.53017	-11.7235
Y25E.pdb_A	183	-10.6222	-9.35724	-7.01275
K31M.pdb_A	195	-10.6809	-9.35964	-7.80044
I1024L.pdb_C	207	-10.7252	-10.1616	-2.88811
I1036R.pdb_C	216	-10.6719	-10.232	-3.43405
S1032M.pdb_C	222	-10.6673	-9.85842	-5.54157
R1046E.pdb_C	234	-10.6194	-9.82422	-5.01766
E1046I.pdb_C	252	-10.593	-9.81825	-3.85686
T108L.pdb_A	261	-10.8034	-9.28955	-7.11857
R104W.pdb_A	270	-10.7839	-9.26251	-6.99228
H59T.pdb_A	279	-10.8413	-9.30511	-7.77433
S136Q.pdb_A	289	-11.0223	-9.40754	-7.18419
L1066M.pdb_C	311	-11.9114	-10.6641	-3.91283
R1093M.pdb_C	337	-12.3528	-9.13065	-5.66004
W104F.pdb_A	346	-11.6891	-11.3133	-9.27335
P125E.pdb_A	356	-11.6996	-11.3054	-7.42616
M1044F.pdb_C	365	-11.7025	-8.40829	-3.84471
K1038W.pdb_C	385	-11.9142	-8.4233	-2.35411
F24L.pdb_A	394	-11.8567	-11.5396	-6.88338
T93S.pdb_A	400	-11.6587	-11.5259	-6.61938
G1059T.pdb_C	407	-11.5984	-8.40366	-2.20941
S156A.pdb_A	415	-11.5937	-11.2284	-7.05853
D1080P.pdb_C	429	-11.6049	-7.54386	-5.01468
I1070M.pdb_C	440	-10.9547	-5.53706	-4.67816
K40N.pdb_A	446	-10.792	-11.5977	-7.20666
N130M.pdb_A	459	-10.7089	-11.5977	-6.00304
A14Q.pdb_A	470	-11.648	-12.5267	-8.40847
A1090K.pdb_C	477	-11.7311	-5.042	-7.27862
Q1056V.pdb_C	485	-11.5459	-5.03337	-7.2059
Q14L.pdb_A	496	-12.0279	-12.0059	-6.8396
D1060H.pdb_C	509	-12.0485	-5.03635	-5.26018
I98A.pdb_A	520	-11.3736	-11.9273	-6.42778
K145Q.pdb_A	540	-11.2901	-11.8926	-6.13194
A106D.pdb_A	550	-11.0618	-10.6413	-5.6863
N1035I.pdb_C	564	-11.0387	-5.01336	-4.35968
L94Q.pdb_A	582	-11.0297	-10.3035	-5.12917
L1088M.pdb_C	590	-10.6992	-5.27532	-4.3342
R128N.pdb_A	599	-10.7376	-10.2595	-7.88797
R121L.pdb_A	608	-10.6923	-10.2736	-7.61056
I102D.pdb_A	615	-10.5271	-10.2656	-8.64135
Q154K.pdb_A	621	-10.5525	-10.4244	-6.35185
S134Q.pdb_A	630	-10.4377	-10.4296	-4.90481
H1060A.pdb_C	647	-10.4774	-6.27059	-3.55743
G108W.pdb_A	658	-10.6064	-10.4404	-5.35366
E12N.pdb_A	677	-10.6315	-10.4906	-4.71661
A1060R.pdb_C	698	-10.523	-6.20612	-3.04532
F1040Y.pdb_C	708	-10.4512	-6.53731	-3.68929
E1075D.pdb_C	718	-10.489	-6.44073	-3.84343
G55K.pdb_A	724	-10.4998	-10.4425	-8.13891
V45A.pdb_A	734	-10.5792	-10.5449	-5.87685
A67N.pdb_A	748	-10.4853	-10.4922	-5.49199
Q1076K.pdb_C	769	-10.4814	-5.6294	-3.97485
E11D.pdb_A	808	-10.4401	-10.5582	-7.87794
W129Y.pdb_A	820	-10.6255	-10.644	-6.42586
F99H.pdb_A	830	-11.0209	-10.8118	-6.81182
S1029M.pdb_C	849	-11.8892	-6.3108	-4.77106
I54H.pdb_A	858	-11.5141	-10.6487	-5.91836
V148G.pdb_A	869	-11.483	-10.6069	-5.1371
C19G.pdb_A	881	-11.1367	-10.4516	-5.5792
S1032G.pdb_C	890	-11.5514	-6.79916	-3.74149
H1073F.pdb_C	900	-11.5711	-6.67948	-5.69078
Y1040M.pdb_C	909	-11.9034	-6.25253	-4.25755
G1040F.pdb_C	916	-11.9176	-6.40627	-5.63221
I1035F.pdb_C	929	-10.9806	-5.81357	-4.59888
E55K.pdb_A	942	-11.121	-10.7468	-6.16734
R1071F.pdb_C	959	-11.2507	-5.86124	-3.56479
K1041V.pdb_C	971	-11.345	-5.96035	-4.2202
F42Y.pdb_A	977	-11.2556	-10.4892	-7.59685
E146R.pdb_A	988	-11.2816	-10.5757	-6.33364
V1041Q.pdb_C	995	-10.7829	-5.72202	-6.07795
