name	count	evolved_interaction	ancestral_interaction	stability
R1071A.pdb_C	1	-10.4582	-10.3452	-8.17896
Q39P.pdb_A	11	-10.49	-10.5507	-23.0886
L114A.pdb_A	16	-10.5395	-10.5676	-19.0238
S1029H.pdb_C	22	-10.9313	-10.8371	-3.94425
D19A.pdb_A	28	-10.8867	-10.777	-13.7286
K76D.pdb_A	37	-12.312	-12.0561	-6.59358
M1093L.pdb_C	52	-12.2563	-10.5534	-2.75091
A1074W.pdb_C	61	-12.3262	-10.5403	-2.40791
K27S.pdb_A	69	-11.3446	-11.2439	-10.1021
P88W.pdb_A	75	-11.1707	-11.0604	-8.16556
A32E.pdb_A	86	-11.13	-10.9964	-6.6741
C1054G.pdb_C	100	-11.129	-10.3332	-3.00815
V62L.pdb_A	113	-11.1025	-10.967	-8.20939
E99Q.pdb_A	121	-12.6535	-11.908	-7.39879
L121H.pdb_A	139	-11.0151	-10.0553	-7.23879
H1029K.pdb_C	148	-11.3238	-10.8204	-6.318
K1029V.pdb_C	167	-11.6075	-10.7801	-6.68703
Q118L.pdb_A	176	-11.7206	-10.4066	-7.36217
I1070C.pdb_C	185	-11.699	-10.6072	-6.49987
L1051Q.pdb_C	194	-11.7021	-10.6103	-7.87175
L97N.pdb_A	201	-11.6909	-10.4076	-9.11536
L118S.pdb_A	207	-11.7255	-10.4255	-9.83816
M1060G.pdb_C	216	-12.4163	-10.6026	-6.6191
Q63R.pdb_A	231	-12.9379	-10.4387	-7.47451
T1074E.pdb_C	245	-12.8239	-10.1797	-3.60119
G1054L.pdb_C	259	-12.6001	-10.2883	-7.12719
I1073D.pdb_C	266	-12.8095	-10.4368	-3.9063
H121K.pdb_A	283	-12.8079	-10.2469	-8.21877
E145D.pdb_A	289	-11.9776	-7.8661	-6.9502
R72S.pdb_A	299	-11.9217	-7.86766	-7.80526
K141M.pdb_A	307	-11.9568	-7.8693	-7.29467
Q99D.pdb_A	315	-11.5481	-7.86731	-8.08138
L62M.pdb_A	327	-11.6603	-8.03913	-7.48552
E33Y.pdb_A	337	-11.6192	-8.1958	-7.27451
G1061P.pdb_C	348	-11.2712	-9.51702	-4.38673
D145E.pdb_A	362	-11.2518	-8.18317	-8.32859
Q1076L.pdb_C	371	-11.2584	-9.54562	-3.413
V19W.pdb_A	376	-10.934	-8.36879	-10.1005
E1094R.pdb_C	382	-11.0055	-9.40817	-3.6112
M1049Q.pdb_C	391	-11.0309	-9.4125	-4.79872
N148T.pdb_A	401	-11.0496	-8.28922	-7.84228
L114W.pdb_A	412	-11.0449	-8.27919	-7.26978
R15F.pdb_A	421	-10.7919	-8.20077	-8.23119
T133P.pdb_A	430	-10.8185	-8.1659	-8.55322
M154Y.pdb_A	439	-10.674	-9.03095	-7.98044
N1062H.pdb_C	458	-10.6743	-9.10706	-4.93493
M66S.pdb_A	465	-10.6492	-9.00892	-6.53973
P1061N.pdb_C	472	-11.0307	-9.12132	-2.21321
I1024F.pdb_C	486	-11.0712	-9.15029	-3.66437
F39Q.pdb_A	493	-11.276	-9.41552	-8.91733
T1042D.pdb_C	500	-11.4131	-9.47351	-3.32085
N50R.pdb_A	506	-11.4223	-9.7573	-6.64668
F156C.pdb_A	512	-11.3371	-11.3432	-6.63999
A30P.pdb_A	525	-12.1333	-11.9119	-7.61897
V20N.pdb_A	535	-11.6823	-11.2296	-8.04292
Y68M.pdb_A	546	-11.4604	-10.8867	-6.995
Q31R.pdb_A	556	-11.0571	-11.4748	-7.0677
K1038R.pdb_C	563	-11.0344	-9.52455	-3.62416
T1058W.pdb_C	575	-11.0205	-9.50897	-3.55378
A136W.pdb_A	588	-11.0407	-11.4309	-9.03625
Y42Q.pdb_A	593	-11.1183	-11.5033	-7.25231
W136R.pdb_A	601	-10.6424	-11.5095	-6.99604
D49R.pdb_A	611	-10.8994	-11.769	-7.56254
N35D.pdb_A	637	-10.6946	-11.293	-7.91151
S1032Q.pdb_C	649	-10.63	-9.51059	-6.17506
L1077I.pdb_C	659	-10.4636	-9.33154	-6.63152
A4Q.pdb_A	677	-10.3831	-11.309	-7.93319
F81S.pdb_A	684	-10.4007	-11.309	-8.87526
R154K.pdb_A	692	-10.4661	-11.4536	-8.13728
R50N.pdb_A	700	-10.5021	-11.3438	-7.94938
R1038K.pdb_C	707	-10.4919	-8.97236	-3.84736
P1039K.pdb_C	726	-10.4672	-8.72951	-3.69289
E114Q.pdb_A	735	-10.5466	-11.6149	-8.71256
H1049Y.pdb_C	746	-10.4808	-8.98915	-4.2583
D1075V.pdb_C	766	-10.7404	-9.09934	-2.95248
S145T.pdb_A	773	-10.7493	-11.8223	-6.66466
Y1079H.pdb_C	786	-10.7652	-9.53699	-2.48874
M140I.pdb_A	799	-10.7649	-11.8567	-10.2437
Q7R.pdb_A	808	-10.7852	-12.0373	-11.5374
F111P.pdb_A	814	-10.8462	-11.9054	-8.37124
C1058H.pdb_C	822	-10.8276	-9.154	-2.78377
W81Y.pdb_A	831	-10.8328	-11.9252	-7.83905
K49D.pdb_A	839	-10.7689	-11.8931	-9.05089
G10H.pdb_A	844	-10.8568	-11.7904	-6.97375
R91Q.pdb_A	859	-10.8209	-11.8199	-10.26
M11R.pdb_A	867	-10.7735	-11.8364	-11.5453
F62E.pdb_A	874	-11.0134	-11.8142	-8.16565
K153Y.pdb_A	881	-10.8896	-11.6926	-6.77965
S1055R.pdb_C	891	-10.8759	-9.97606	-3.53761
D49S.pdb_A	909	-11.0718	-11.3889	-6.63707
W142S.pdb_A	926	-11.025	-11.3001	-8.19242
T1034W.pdb_C	936	-10.9601	-9.83473	-3.13271
Q114S.pdb_A	943	-10.9707	-11.4656	-9.8601
M61Y.pdb_A	951	-10.8444	-11.247	-9.28413
Q1093P.pdb_C	965	-10.825	-9.26482	-4.35122
N1043G.pdb_C	972	-10.8915	-9.23378	-2.77354
D100S.pdb_A	983	-10.6782	-11.3021	-7.91546
E151M.pdb_A	988	-10.6776	-11.2891	-8.25159
Q1089A.pdb_C	997	-10.9348	-9.58922	-2.78363
