name	count	evolved_interaction	ancestral_interaction	stability
V75M.pdb_A	1	-10.4929	-10.5177	-26.9433
H83G.pdb_A	6	-10.5237	-10.5152	-21.4843
E143K.pdb_A	13	-10.6785	-10.5173	-16.2511
K71V.pdb_A	21	-10.5155	-10.544	-11.9027
E63T.pdb_A	26	-10.7295	-10.4252	-8.74976
E1059I.pdb_C	34	-10.8908	-10.9519	-10.2564
E1034T.pdb_C	44	-11.1322	-11.147	-7.78269
E12L.pdb_A	51	-11.2904	-10.4553	-6.68171
G115V.pdb_A	56	-11.4265	-10.6413	-7.85065
K15E.pdb_A	66	-11.1254	-10.4456	-7.45486
N98L.pdb_A	71	-11.3459	-10.2361	-9.37212
Y146M.pdb_A	79	-11.5266	-10.5402	-9.04674
E1079Y.pdb_C	89	-11.3123	-11.171	-4.13882
L98A.pdb_A	97	-11.3109	-10.4284	-7.91351
L1081P.pdb_C	107	-12.1685	-11.815	-5.48163
M146K.pdb_A	116	-13.6414	-11.6755	-9.46648
M71L.pdb_A	121	-13.6702	-11.6708	-9.13017
L1066I.pdb_C	131	-13.2833	-12.0146	-6.15265
G83R.pdb_A	139	-12.406	-11.255	-7.43854
Q39L.pdb_A	149	-12.3956	-11.2597	-7.0758
H20Y.pdb_A	162	-12.1432	-11.0763	-7.04997
A152M.pdb_A	176	-12.0714	-11.6504	-6.85435
I1089L.pdb_C	192	-11.3556	-9.80622	-3.84867
R139D.pdb_A	201	-11.4861	-11.1239	-7.94637
Y99C.pdb_A	211	-11.464	-11.0553	-8.09585
E15Q.pdb_A	220	-11.7404	-11.3405	-6.57641
K105L.pdb_A	231	-11.7906	-11.3114	-6.96559
L1033K.pdb_C	238	-12.149	-11.3403	-2.99007
R1064Y.pdb_C	250	-11.9619	-11.0214	-4.08847
Q15F.pdb_A	259	-11.8917	-11.4116	-6.82154
K1033G.pdb_C	265	-11.8509	-10.828	-5.9175
D1085I.pdb_C	274	-10.564	-9.66868	-7.14096
R42T.pdb_A	283	-12.061	-10.9137	-6.75508
K143V.pdb_A	291	-11.8295	-10.9137	-9.91091
A1053M.pdb_C	298	-11.7722	-9.87986	-3.7535
A144F.pdb_A	305	-11.8518	-11.4419	-7.57062
A1082L.pdb_C	313	-12.2419	-9.60166	-4.79034
V37L.pdb_A	328	-12.2099	-11.4488	-8.37949
V1048E.pdb_C	341	-11.2406	-8.41896	-2.62369
A32I.pdb_A	351	-11.0722	-10.637	-7.42242
K74V.pdb_A	366	-11.0697	-11.8093	-9.2467
S35Y.pdb_A	376	-11.3238	-11.8095	-7.06862
R1047N.pdb_C	386	-11.3402	-8.56933	-4.2138
T1028F.pdb_C	392	-11.3913	-8.8891	-4.87911
N1081V.pdb_C	407	-11.3159	-8.56197	-4.39371
M1034F.pdb_C	417	-11.2219	-8.74551	-3.09935
Q19G.pdb_A	426	-11.2125	-12.4887	-6.92824
T1026V.pdb_C	437	-11.2509	-8.44085	-4.85541
G19F.pdb_A	444	-11.4221	-11.0868	-7.34093
A106G.pdb_A	455	-11.4037	-11.2297	-7.75838
D1023C.pdb_C	465	-11.3247	-8.33082	-3.88749
K153Q.pdb_A	480	-11.2895	-11.2116	-8.0219
W10Y.pdb_A	486	-11.5047	-11.2557	-6.78826
T108M.pdb_A	501	-11.4937	-11.1589	-7.99045
T82K.pdb_A	517	-11.2631	-11.1483	-7.80663
S140D.pdb_A	532	-10.9392	-11.1512	-9.31924
N135Q.pdb_A	538	-12.0312	-11.2136	-7.76268
E85S.pdb_A	545	-12.0471	-11.2136	-7.10661
S85D.pdb_A	557	-12.0713	-11.2103	-8.65567
Q135T.pdb_A	579	-12.0517	-10.0651	-8.98426
C138G.pdb_A	586	-11.9147	-11.252	-7.96501
E1095W.pdb_C	595	-12.183	-9.14974	-2.88372
L120Y.pdb_A	607	-12.19	-12.098	-6.5506
R1047V.pdb_C	623	-12.2739	-9.2966	-3.34361
H63C.pdb_A	645	-12.0791	-12.065	-7.84711
N126K.pdb_A	664	-12.0194	-12.0274	-7.35839
M78Q.pdb_A	673	-12.9678	-11.9755	-7.36267
C57V.pdb_A	688	-12.8948	-11.862	-8.43719
T61R.pdb_A	695	-13.0179	-12.0706	-7.53662
Q130M.pdb_A	753	-13.0051	-12.0851	-7.9885
A66R.pdb_A	760	-12.9527	-12.0798	-8.28573
M46C.pdb_A	766	-13.1728	-12.2968	-8.4004
S1071E.pdb_C	778	-13.116	-9.55063	-3.6071
E72M.pdb_A	785	-13.1072	-11.7985	-10.4696
Y1038M.pdb_C	791	-13.1161	-9.55047	-3.52091
H1076E.pdb_C	799	-13.1886	-10.0123	-4.31762
K102V.pdb_A	805	-13.3145	-11.8094	-11.3247
Y20C.pdb_A	811	-11.3912	-9.58596	-11.3096
D154M.pdb_A	816	-10.5856	-9.89562	-8.77648
A148W.pdb_A	824	-10.6796	-10.1151	-6.95589
E101K.pdb_A	830	-10.7095	-10.1368	-6.61559
L1060W.pdb_C	847	-10.6754	-9.53996	-5.36678
I31K.pdb_A	859	-10.7066	-10.1665	-7.80316
W1095H.pdb_C	870	-11.0521	-10.1503	-5.42527
D1030S.pdb_C	879	-10.9364	-9.53818	-4.9109
C20A.pdb_A	891	-10.601	-10.1306	-7.37289
F127L.pdb_A	913	-10.6094	-10.1585	-8.24004
L85V.pdb_A	922	-10.7483	-10.3115	-10.127
C63R.pdb_A	928	-10.8165	-10.0508	-9.49371
Y1073K.pdb_C	936	-10.8285	-9.90445	-3.89322
C143W.pdb_A	944	-10.7912	-9.97342	-8.68232
W1061A.pdb_C	953	-10.6698	-11.2994	-2.91556
R1070D.pdb_C	962	-10.6783	-11.2994	-3.30481
P141L.pdb_A	969	-10.6806	-10.1704	-7.71383
L141R.pdb_A	980	-10.6364	-10.0651	-8.55866
L9M.pdb_A	987	-10.6497	-10.0836	-7.02307
F144I.pdb_A	996	-10.6025	-10.0556	-7.19246
