name	count	evolved_interaction	ancestral_interaction	stability
S35A.pdb_A	1	-10.4767	-10.5061	-26.4426
P123V.pdb_A	6	-10.5931	-10.6068	-14.0676
L94I.pdb_A	13	-10.6083	-10.6094	-10.8564
E1084M.pdb_C	20	-10.6929	-10.5626	-5.4919
K27W.pdb_A	26	-11.1784	-10.5756	-12.1671
V57T.pdb_A	35	-10.7949	-10.5749	-8.04104
K48C.pdb_A	44	-11.1953	-10.5392	-7.05533
I45M.pdb_A	54	-11.2548	-10.5066	-7.00264
R1071Y.pdb_C	67	-11.1329	-11.2898	-2.0281
T108W.pdb_A	77	-10.9691	-12.3499	-6.94166
T101I.pdb_A	94	-10.8784	-12.3391	-9.75383
R1047E.pdb_C	103	-11.171	-8.87127	-3.88696
K74I.pdb_A	114	-12.3472	-11.852	-6.89024
P140R.pdb_A	127	-12.1354	-11.9819	-9.85733
L1063Y.pdb_C	134	-11.0493	-8.59652	-3.73374
E1079G.pdb_C	145	-10.9633	-8.50414	-3.75418
Y104T.pdb_A	158	-11.6981	-11.9821	-7.22998
S70K.pdb_A	169	-11.7846	-12.1363	-8.27863
W1073R.pdb_C	176	-11.8907	-9.5873	-4.05161
M1049A.pdb_C	188	-11.8806	-9.58012	-2.79744
S3D.pdb_A	197	-11.9795	-11.7838	-7.46277
E1025Y.pdb_C	206	-11.8816	-9.5048	-4.58234
K130S.pdb_A	220	-11.9929	-11.7122	-17.0094
A1049S.pdb_C	227	-10.8854	-8.58866	-3.24647
K146C.pdb_A	233	-11.0178	-11.5432	-10.5308
T91M.pdb_A	238	-11.0399	-11.5173	-10.5977
C35I.pdb_A	244	-10.8408	-11.5406	-7.57256
G111P.pdb_A	252	-10.7253	-11.8666	-11.8837
D102E.pdb_A	259	-10.6498	-12.4542	-8.69503
K1040E.pdb_C	264	-11.3579	-9.08238	-3.17289
G1074Y.pdb_C	275	-10.7212	-9.1546	-4.15178
R1051M.pdb_C	283	-10.6398	-9.14883	-4.73167
D121L.pdb_A	297	-10.5113	-12.024	-7.9953
W53H.pdb_A	304	-10.4376	-11.9037	-7.62312
K19Y.pdb_A	311	-11.0516	-12.5397	-8.07953
A142K.pdb_A	324	-10.9025	-12.601	-7.0915
Y1074F.pdb_C	331	-10.814	-7.89222	-3.75369
I101Q.pdb_A	340	-10.8147	-12.5779	-8.70113
R1046H.pdb_C	354	-10.8043	-7.81174	-3.09156
P35R.pdb_A	366	-10.7395	-12.6504	-8.21728
R122F.pdb_A	372	-10.9411	-12.6335	-6.69084
K31R.pdb_A	390	-11.3938	-12.6619	-7.0025
N128P.pdb_A	395	-10.6965	-12.6612	-8.64886
K1038Y.pdb_C	401	-10.9562	-8.18307	-1.93494
T79M.pdb_A	415	-11.3682	-12.1516	-6.79138
Q117F.pdb_A	422	-11.3613	-12.1313	-8.23235
K71Q.pdb_A	432	-11.0825	-12.1061	-8.31323
C1039M.pdb_C	441	-11.118	-8.14638	-7.67503
F1059Y.pdb_C	446	-11.1789	-8.17747	-7.29653
M1084A.pdb_C	457	-11.1592	-8.07952	-4.29252
V33Y.pdb_A	465	-11.6132	-11.7632	-7.7563
I30H.pdb_A	475	-11.7721	-12.3486	-9.27196
T57L.pdb_A	483	-11.1128	-12.4662	-9.22774
N52K.pdb_A	491	-10.6677	-12.454	-9.50968
A1062I.pdb_C	500	-10.6665	-7.46156	-3.50185
Q10A.pdb_A	506	-10.8841	-12.0492	-7.33285
V1094D.pdb_C	518	-10.6674	-7.38485	-2.04356
E75L.pdb_A	530	-10.6746	-12.1942	-9.09288
M66K.pdb_A	538	-10.6917	-12.0916	-8.43764
T153Y.pdb_A	550	-10.6734	-12.6624	-8.6748
T1048L.pdb_C	558	-10.8992	-7.2505	-7.20765
G1079Y.pdb_C	566	-10.9086	-7.24644	-6.35414
E102L.pdb_A	571	-10.9313	-12.625	-9.91812
A11S.pdb_A	581	-10.693	-12.6116	-8.01684
M149D.pdb_A	587	-10.6063	-12.4607	-8.00437
M1039K.pdb_C	593	-10.6506	-7.63364	-2.85648
R146H.pdb_A	603	-10.9585	-12.8565	-8.42635
M18R.pdb_A	608	-10.8617	-12.4351	-8.67335
R32D.pdb_A	624	-10.8421	-12.418	-7.88708
K1054M.pdb_C	633	-10.8776	-7.63459	-2.61579
K66R.pdb_A	643	-10.9364	-12.4216	-7.11983
C1063D.pdb_C	649	-10.8478	-7.70274	-2.22514
W131V.pdb_A	661	-10.8456	-12.4887	-7.07603
Q1075C.pdb_C	674	-11.3027	-7.9765	-2.27245
Y109I.pdb_A	691	-10.9071	-11.0809	-6.78616
R155W.pdb_A	703	-10.7515	-10.7624	-7.25508
M106S.pdb_A	711	-10.9483	-10.7978	-6.72812
T1080E.pdb_C	726	-11.3385	-7.86658	-2.61169
Q49R.pdb_A	736	-11.385	-10.454	-7.17377
D37L.pdb_A	759	-11.4922	-10.0397	-8.52238
Y1025M.pdb_C	774	-10.7301	-7.05919	-4.44356
L120M.pdb_A	780	-11.3587	-9.93358	-6.84196
N115C.pdb_A	788	-11.3404	-9.93385	-6.70694
P111V.pdb_A	805	-10.9717	-10.0667	-6.74661
V1040C.pdb_C	815	-10.9043	-8.44974	-3.61796
C1075L.pdb_C	823	-10.7969	-8.83483	-4.09297
H1023K.pdb_C	829	-10.8136	-8.01847	-3.5845
N1029S.pdb_C	835	-10.94	-8.19896	-4.81259
W119F.pdb_A	840	-10.9334	-10.4696	-8.99784
Y1086N.pdb_C	845	-10.7094	-9.00152	-5.34799
P78M.pdb_A	851	-10.8565	-10.3751	-6.93623
E1073R.pdb_C	859	-10.9079	-9.31991	-3.81693
L57I.pdb_A	867	-11.08	-10.4923	-6.75151
G1039M.pdb_C	883	-11.192	-8.30674	-7.21398
K136N.pdb_A	896	-11.2108	-10.7304	-6.95535
R1055V.pdb_C	903	-11.0745	-8.41183	-5.46918
F1061S.pdb_C	910	-11.3706	-8.93705	-5.63386
W1056I.pdb_C	921	-11.6102	-8.61828	-4.95216
G1094S.pdb_C	940	-11.7504	-8.67425	-4.14461
N136G.pdb_A	946	-10.6152	-9.65429	-6.55682
Y1028F.pdb_C	960	-10.6118	-8.25869	-3.41295
D1054W.pdb_C	979	-10.6595	-8.28332	-2.93429
T83G.pdb_A	986	-10.6413	-9.67437	-6.75741
K146L.pdb_A	992	-10.6039	-9.67391	-7.66499
