name	count	evolved_interaction	ancestral_interaction	stability
S89P.pdb_A	1	-10.4946	-10.519	-25.7393
E67I.pdb_A	6	-10.5363	-10.5387	-26.0722
S35N.pdb_A	12	-10.5617	-10.5248	-23.1902
S136Y.pdb_A	22	-10.5204	-10.5225	-25.7584
V100L.pdb_A	27	-10.576	-10.5008	-25.7834
I67A.pdb_A	33	-10.6036	-9.5807	-14.5538
D121H.pdb_A	40	-10.4276	-9.38104	-10.2513
Y136E.pdb_A	45	-10.4226	-9.37334	-8.29131
S138F.pdb_A	58	-10.4295	-9.38406	-7.00422
I1039F.pdb_C	64	-10.4069	-10.6517	-2.66901
K1041H.pdb_C	70	-10.7467	-10.8033	-4.67723
P1044Q.pdb_C	79	-10.6087	-10.727	-4.15476
Q16Y.pdb_A	93	-10.6968	-9.53007	-7.21488
Y45K.pdb_A	105	-11.204	-9.51982	-9.92681
H83D.pdb_A	112	-10.802	-9.49288	-7.25631
D37K.pdb_A	118	-10.8553	-9.52914	-6.80423
D1075L.pdb_C	126	-10.7874	-10.8063	-4.13012
G44N.pdb_A	138	-11.4688	-10.6489	-7.68464
V29M.pdb_A	149	-11.7001	-10.3575	-5.77114
E38V.pdb_A	159	-10.7503	-10.4331	-6.99726
I1070Y.pdb_C	169	-11.0319	-9.85158	-4.05638
V57A.pdb_A	177	-10.861	-11.6657	-6.94982
T51V.pdb_A	186	-10.9555	-11.6659	-8.14416
K40R.pdb_A	191	-10.6359	-11.6237	-7.75951
F145Q.pdb_A	200	-10.7872	-11.7556	-6.75824
M118L.pdb_A	209	-10.7648	-11.7571	-7.31663
F1039M.pdb_C	217	-10.8093	-9.89687	-3.58464
I96Y.pdb_A	229	-11.6893	-10.5272	-8.57198
L114M.pdb_A	236	-11.2802	-10.5247	-7.69203
K1042F.pdb_C	243	-11.2061	-8.68841	-2.48862
T60A.pdb_A	257	-11.3159	-10.5833	-7.74203
M49G.pdb_A	267	-11.2164	-10.5151	-6.99402
G49L.pdb_A	277	-11.2286	-10.5796	-7.02672
D1079T.pdb_C	292	-11.2049	-9.38707	-3.39124
R1025M.pdb_C	303	-11.2093	-9.29702	-4.58333
I10M.pdb_A	313	-11.4987	-10.9737	-7.97098
E1071Q.pdb_C	324	-12.342	-10.2253	-6.05181
A1074H.pdb_C	330	-12.427	-9.46559	-4.85848
T1079A.pdb_C	337	-11.1603	-8.57095	-6.65819
E71K.pdb_A	343	-11.214	-10.6315	-9.01569
V116T.pdb_A	349	-11.2164	-10.6339	-8.52118
Q1071E.pdb_C	356	-11.0482	-8.4292	-5.97067
W26C.pdb_A	361	-11.2559	-10.6032	-8.20201
N126W.pdb_A	368	-10.6318	-9.99926	-8.53712
Q1095W.pdb_C	385	-10.7245	-7.49399	-2.80362
T154K.pdb_A	391	-10.7166	-10.1502	-13.0861
W1035F.pdb_C	407	-10.7917	-7.49306	-4.35283
Y147N.pdb_A	420	-10.471	-10.5659	-7.84342
M1025V.pdb_C	428	-10.5059	-7.19265	-4.0963
N1027L.pdb_C	437	-10.6017	-7.20994	-6.60899
T1058D.pdb_C	443	-10.5976	-7.2153	-3.81859
L1026I.pdb_C	453	-10.4559	-7.24999	-2.412
S6G.pdb_A	462	-10.5079	-10.3838	-7.58208
F1094R.pdb_C	478	-10.5993	-7.30908	-2.93783
L42Y.pdb_A	489	-11.8235	-10.3903	-7.75925
S1062F.pdb_C	497	-11.7113	-8.04062	-3.5436
F1062N.pdb_C	509	-11.9938	-7.733	-4.37136
K12H.pdb_A	520	-11.9483	-10.5467	-6.98328
H1023P.pdb_C	527	-11.9236	-7.68741	-3.54461
H1044S.pdb_C	532	-11.6177	-7.53093	-4.59714
V75L.pdb_A	537	-11.6822	-10.209	-7.74789
K1071E.pdb_C	548	-11.1445	-7.37501	-2.58987
S32R.pdb_A	569	-11.0916	-10.2447	-7.08808
H139M.pdb_A	586	-11.5101	-10.2477	-7.66082
C1040F.pdb_C	595	-11.0218	-6.92504	-4.7302
L118G.pdb_A	610	-10.888	-10.4586	-7.24421
N1039F.pdb_C	618	-11.044	-6.88625	-5.93437
D1068E.pdb_C	624	-11.9432	-8.41639	-6.81193
H74M.pdb_A	630	-12.8012	-9.8	-8.67059
Q145D.pdb_A	637	-12.6999	-9.83247	-7.61047
E1084S.pdb_C	653	-11.7625	-7.84697	-4.34736
W126K.pdb_A	658	-11.759	-9.81607	-8.98311
C1074R.pdb_C	663	-11.008	-7.22569	-6.04734
S95V.pdb_A	671	-12.4706	-9.77101	-8.07722
T1043V.pdb_C	679	-12.4454	-7.49763	-6.44564
W1071Q.pdb_C	697	-12.5565	-7.29653	-6.40426
K31Y.pdb_A	711	-12.4888	-9.86326	-7.66192
S156M.pdb_A	724	-11.8623	-9.79119	-8.44456
H66I.pdb_A	730	-11.8632	-9.88508	-11.4954
F138Y.pdb_A	742	-11.2572	-9.30094	-8.3039
G1081Y.pdb_C	752	-10.57	-2.93781	-6.74015
T1082A.pdb_C	769	-10.5716	-2.98741	-4.53544
E82C.pdb_A	776	-10.5975	-9.35834	-9.17185
V95H.pdb_A	784	-10.5734	-9.38708	-8.88851
H52L.pdb_A	791	-10.5781	-9.38906	-8.77609
Q125C.pdb_A	807	-10.9397	-9.72773	-8.23818
H48G.pdb_A	817	-11.293	-9.72633	-7.52536
V1038F.pdb_C	826	-11.3323	-3.55474	-4.34809
P61K.pdb_A	832	-12.0601	-9.91232	-11.7307
G1094T.pdb_C	839	-11.8186	-4.44419	-4.27498
K5N.pdb_A	847	-11.6897	-9.60992	-7.49883
M128R.pdb_A	860	-12.3226	-9.91429	-8.84673
D1058I.pdb_C	868	-12.4477	-5.08081	-3.79841
A154V.pdb_A	876	-12.5222	-10.2759	-8.41979
R1029Q.pdb_C	881	-12.1262	-4.91816	-1.88202
I1047F.pdb_C	897	-12.1091	-4.00876	-3.8045
Y1062S.pdb_C	910	-11.967	-4.21061	-2.61268
H35R.pdb_A	917	-11.6279	-10.8596	-8.79045
C1084K.pdb_C	926	-11.229	-3.80184	-2.84615
C38K.pdb_A	936	-11.2358	-11.0373	-7.94551
I107W.pdb_A	943	-11.2463	-10.9194	-8.69277
L120I.pdb_A	951	-11.1703	-10.5085	-9.26044
W1082Q.pdb_C	958	-11.1863	-4.18893	-4.95166
D1057C.pdb_C	972	-11.1928	-4.19597	-4.28476
K38P.pdb_A	985	-11.298	-11.1396	-9.34852
L1092M.pdb_C	990	-12.0462	-4.49744	-3.40304
T1094Q.pdb_C	996	-12.9272	-5.11808	-3.90598
