name	count	evolved_interaction	ancestral_interaction	stability
S122F.pdb_A	1	-10.4845	-10.5086	-26.3351
A152R.pdb_A	7	-11.0722	-11.0884	-23.7965
E63C.pdb_A	13	-11.0297	-11.0075	-28.1344
A1091C.pdb_C	18	-10.9792	-10.4957	-4.28664
F24M.pdb_A	23	-10.9286	-10.8966	-24.0162
K1038D.pdb_C	28	-10.9483	-10.4889	-4.88473
Q117W.pdb_A	34	-11.0752	-11.2738	-15.8008
V1028T.pdb_C	43	-11.0613	-10.4575	-2.79486
I60L.pdb_A	55	-11.1413	-11.3553	-7.39791
F137M.pdb_A	66	-10.7455	-11.0003	-9.97408
K147G.pdb_A	72	-10.738	-11.0083	-7.45903
T1043R.pdb_C	77	-11.1428	-10.3675	-3.17994
S136D.pdb_A	84	-11.6547	-10.7544	-9.98005
L149Y.pdb_A	90	-11.3497	-11.1366	-7.75693
R1071F.pdb_C	96	-11.3525	-10.2189	-3.55016
A32T.pdb_A	103	-11.9067	-11.1082	-13.1481
D1075K.pdb_C	111	-11.9082	-10.8053	-4.83389
A142E.pdb_A	117	-11.9998	-11.0885	-7.69647
M1060P.pdb_C	124	-10.7661	-9.04168	-4.45266
G147F.pdb_A	134	-10.7659	-11.0961	-9.78139
K76C.pdb_A	144	-10.76	-11.1361	-6.28458
E140N.pdb_A	149	-10.6734	-11.1561	-8.64866
T1028D.pdb_C	155	-11.0367	-10.2911	-2.99449
I118D.pdb_A	161	-11.258	-11.3038	-6.4893
A49Y.pdb_A	169	-11.099	-11.1967	-7.78437
R1095T.pdb_C	177	-10.7097	-9.88649	-3.37298
L150E.pdb_A	182	-10.7451	-11.2159	-7.26619
I1089L.pdb_C	193	-10.7817	-9.07873	-3.33264
K74L.pdb_A	205	-10.7741	-11.2186	-7.23939
L6K.pdb_A	214	-10.914	-11.1397	-6.61151
Y144F.pdb_A	226	-10.7183	-11.1274	-9.36131
Q1091N.pdb_C	236	-11.1173	-9.36787	-6.16164
D100T.pdb_A	246	-11.3156	-11.2079	-5.96506
D1038V.pdb_C	255	-10.7638	-9.96581	-2.4395
A149W.pdb_A	263	-10.9935	-11.1987	-6.00677
G109S.pdb_A	277	-11.7514	-11.2684	-6.57999
Y49K.pdb_A	294	-11.7616	-11.2988	-6.02195
I99R.pdb_A	303	-10.6716	-10.3501	-7.05991
K31M.pdb_A	311	-11.1034	-10.6803	-6.439
Q1056R.pdb_C	321	-10.9215	-10.6669	-2.09872
D115I.pdb_A	327	-10.4935	-10.38	-6.3832
K1046L.pdb_C	335	-10.4996	-10.6454	-3.38553
M1027T.pdb_C	342	-10.3994	-10.4656	-5.77292
Q138S.pdb_A	378	-10.409	-10.4011	-7.26348
M120L.pdb_A	386	-10.3992	-10.3891	-7.15873
K63N.pdb_A	401	-10.3993	-10.3702	-5.82453
M122F.pdb_A	416	-10.3998	-10.5081	-7.10796
H154K.pdb_A	423	-10.7469	-10.4088	-6.51942
G89V.pdb_A	434	-10.7875	-10.4193	-6.821
A100M.pdb_A	472	-10.5849	-10.2852	-6.88832
M1081K.pdb_C	484	-10.5784	-8.48794	-3.33847
T67P.pdb_A	492	-10.8314	-10.3601	-7.39158
Y68L.pdb_A	505	-10.7796	-10.3163	-6.54042
M85C.pdb_A	519	-10.7744	-10.2917	-7.90986
E42R.pdb_A	528	-10.5558	-10.2436	-6.19937
M1085I.pdb_C	536	-10.7888	-8.26807	-3.23813
A1027C.pdb_C	550	-10.8089	-8.33837	-3.2882
V1038S.pdb_C	565	-10.8117	-8.4414	-4.40611
V89R.pdb_A	573	-11.3272	-10.7191	-7.03794
E61T.pdb_A	579	-11.4994	-10.7634	-6.43227
D145Y.pdb_A	590	-11.5037	-10.7628	-9.74292
V43L.pdb_A	595	-11.3573	-10.3357	-9.37602
Y1050F.pdb_C	602	-10.6423	-7.99274	-2.51044
S138A.pdb_A	617	-10.6176	-9.59896	-7.26253
V15K.pdb_A	629	-10.6647	-9.54187	-8.91157
N100F.pdb_A	634	-10.7532	-9.01897	-10.3388
Q106R.pdb_A	645	-10.7524	-9.02775	-7.97088
D1080F.pdb_C	657	-10.7371	-7.8919	-5.62147
M67L.pdb_A	671	-10.6238	-9.12147	-6.75624
S86C.pdb_A	676	-10.6183	-9.13796	-12.1475
C1076D.pdb_C	688	-10.3666	-7.5807	-4.18808
R1025P.pdb_C	701	-10.3836	-7.55677	-4.52316
A153R.pdb_A	711	-10.5905	-9.20491	-8.45905
Q34K.pdb_A	719	-10.8784	-9.55313	-7.67079
K110Y.pdb_A	725	-10.7173	-9.39237	-10.1555
F100M.pdb_A	730	-10.6787	-9.34707	-7.43032
W30P.pdb_A	741	-10.5949	-10.2902	-7.25919
Q136Y.pdb_A	748	-11.0474	-10.543	-9.29819
C85I.pdb_A	755	-11.4135	-10.6271	-6.90612
R8Y.pdb_A	764	-11.1002	-10.7056	-8.55243
K151H.pdb_A	774	-11.0835	-10.7169	-9.32691
V138E.pdb_A	785	-10.5607	-9.91043	-8.39468
I85V.pdb_A	795	-10.7705	-10.071	-8.80252
V52M.pdb_A	819	-10.7456	-10.1213	-7.8009
I1035H.pdb_C	833	-10.7226	-6.8466	-2.20853
H1034D.pdb_C	850	-10.6954	-6.92658	-2.24765
A1073V.pdb_C	867	-11.0675	-6.91385	-2.51366
T3I.pdb_A	877	-11.093	-10.5926	-7.08788
Y110L.pdb_A	889	-10.9596	-10.6021	-7.18346
L63M.pdb_A	902	-11.0063	-10.5972	-7.27274
W1080E.pdb_C	910	-11.6422	-6.60271	-4.29472
R1059I.pdb_C	915	-11.732	-6.59917	-2.54736
M91G.pdb_A	925	-11.595	-11.1613	-6.80766
R1043S.pdb_C	936	-11.9959	-6.62125	-2.44373
D1030N.pdb_C	944	-11.9108	-6.65685	-2.89363
W149E.pdb_A	956	-12.5421	-11.6243	-7.83356
I142F.pdb_A	966	-11.9593	-11.6462	-7.71064
R14E.pdb_A	973	-11.3211	-10.7115	-7.62047
Q1053T.pdb_C	982	-11.1961	-6.41664	-4.46021
H1035I.pdb_C	990	-10.9972	-6.3723	-4.02752
W137M.pdb_A	999	-12.2989	-12.6367	-7.80373
