name	count	evolved_interaction	ancestral_interaction	stability
K31M.pdb_A	1	-10.4741	-10.5029	-26.8377
I107R.pdb_A	8	-10.4717	-10.4515	-19.2617
S35Q.pdb_A	18	-10.4553	-10.4366	-15.0241
M1060G.pdb_C	23	-10.4365	-10.4705	-6.88111
T1077L.pdb_C	30	-10.4457	-10.4762	-5.90256
K14D.pdb_A	40	-10.9878	-10.1231	-7.67414
S70A.pdb_A	48	-11.0076	-10.1132	-8.30289
D121Y.pdb_A	54	-10.8566	-10.1024	-7.48734
S122T.pdb_A	62	-10.747	-10.1491	-7.00582
A106Y.pdb_A	73	-10.7755	-10.1488	-7.87416
K147F.pdb_A	88	-10.7627	-10.1703	-7.40838
Q39W.pdb_A	105	-10.7497	-10.1703	-7.13535
R104L.pdb_A	111	-10.5978	-10.0468	-8.81382
S1033F.pdb_C	124	-10.4231	-10.6514	-3.40487
Y107H.pdb_A	130	-10.5266	-10.0478	-8.32284
Q101Y.pdb_A	142	-10.5297	-10.0529	-9.67315
D1085I.pdb_C	153	-10.8397	-11.5704	-4.88313
K1040A.pdb_C	165	-10.8599	-11.6195	-5.20887
L1048N.pdb_C	171	-10.8789	-11.6204	-2.8817
T70E.pdb_A	182	-11.3893	-10.566	-7.09829
F151W.pdb_A	187	-11.3975	-10.5654	-8.91087
K105R.pdb_A	193	-10.5393	-10.3431	-8.61209
E49V.pdb_A	201	-10.5049	-10.3451	-8.31191
Y51E.pdb_A	208	-10.8952	-10.3108	-6.80434
P125Y.pdb_A	218	-10.9421	-10.3349	-6.90302
E116K.pdb_A	225	-10.8747	-10.2197	-8.50548
S14Y.pdb_A	236	-10.9619	-9.58763	-11.3125
D118W.pdb_A	247	-11.1614	-9.72156	-7.6684
K40H.pdb_A	255	-11.5843	-9.71653	-8.16659
K146W.pdb_A	262	-11.5078	-9.62304	-8.73558
M36L.pdb_A	268	-11.0916	-9.637	-7.83491
Y106K.pdb_A	274	-11.0656	-9.60483	-7.50944
P1071L.pdb_C	280	-11.1251	-12.2315	-3.90326
F1037C.pdb_C	288	-11.1201	-12.2287	-2.89783
I152T.pdb_A	297	-11.0348	-9.48197	-8.71764
V3Y.pdb_A	307	-11.0346	-9.48174	-7.75744
E1079T.pdb_C	314	-10.838	-12.1878	-2.85422
Y3E.pdb_A	321	-10.8397	-9.36863	-7.76333
S1037I.pdb_C	330	-10.8162	-12.1769	-4.56815
R4S.pdb_A	336	-11.7309	-9.44377	-8.35538
N89G.pdb_A	347	-11.7495	-9.45725	-7.35892
H1038S.pdb_C	357	-11.7583	-12.2728	-4.34556
K116T.pdb_A	369	-11.503	-9.46557	-8.23034
L104A.pdb_A	378	-11.4735	-9.48208	-7.17048
Y101R.pdb_A	386	-11.4049	-9.48191	-7.44662
N140F.pdb_A	395	-11.4423	-9.56713	-7.71434
F117K.pdb_A	403	-11.4649	-9.65291	-7.61166
C42N.pdb_A	415	-11.4102	-9.52542	-7.25224
F1044Q.pdb_C	434	-11.0749	-11.5544	-2.88193
I10N.pdb_A	441	-11.0768	-9.52551	-8.70708
S1038Y.pdb_C	453	-11.0744	-11.5539	-3.67511
V100N.pdb_A	462	-10.8983	-9.82334	-7.79633
L1033F.pdb_C	474	-10.9029	-11.4164	-4.98135
W99Y.pdb_A	481	-11.0636	-9.89524	-8.36614
V29Q.pdb_A	487	-11.09	-9.90053	-7.50775
I1039F.pdb_C	496	-11.1212	-11.2125	-3.97851
A5L.pdb_A	503	-11.0971	-9.92556	-9.95042
M1023L.pdb_C	511	-11.1407	-11.2401	-5.21498
T108S.pdb_A	521	-11.2454	-9.92756	-10.1107
N138F.pdb_A	526	-11.5343	-9.8534	-9.84478
G76V.pdb_A	532	-11.4877	-9.78291	-9.67193
T1080C.pdb_C	543	-11.5148	-11.9468	-6.38123
L1026M.pdb_C	549	-11.5194	-11.9433	-6.88214
H154R.pdb_A	559	-11.7972	-9.67704	-7.60933
M31Y.pdb_A	566	-11.7904	-9.62894	-10.1931
H98R.pdb_A	574	-11.7865	-9.70122	-7.72159
E67S.pdb_A	581	-11.608	-10.2043	-9.10425
H1055T.pdb_C	588	-11.6038	-11.6577	-2.98827
I1046E.pdb_C	597	-11.6017	-11.6577	-2.46974
W61C.pdb_A	605	-12.5904	-10.3678	-8.59564
I1073D.pdb_C	613	-11.2816	-11.8084	-3.52499
S1044R.pdb_C	622	-11.1847	-10.7074	-4.06732
S1082C.pdb_C	634	-11.1585	-10.6173	-3.8812
G1076E.pdb_C	645	-11.1798	-11.7858	-5.53639
L1071P.pdb_C	658	-11.5153	-11.561	-2.76594
C8S.pdb_A	670	-11.5498	-8.08926	-8.00905
C1050L.pdb_C	682	-11.117	-11.4787	-3.62571
S61H.pdb_A	694	-11.248	-8.1536	-6.70271
L131C.pdb_A	709	-11.2069	-8.15459	-7.29819
E149Y.pdb_A	718	-11.2231	-8.15994	-7.65279
F1044E.pdb_C	725	-11.2391	-11.3926	-2.49834
T150P.pdb_A	733	-11.328	-8.3169	-6.5897
P150W.pdb_A	743	-11.492	-8.3169	-9.07533
G89E.pdb_A	748	-11.4952	-8.32792	-7.63993
F127L.pdb_A	757	-11.4913	-8.30917	-6.98321
E50L.pdb_A	768	-11.5739	-8.28652	-7.61742
D1046W.pdb_C	781	-11.5718	-11.6947	-3.19201
G115Y.pdb_A	800	-11.4777	-8.28334	-10.4303
Q124V.pdb_A	816	-11.4679	-8.30359	-7.18342
D30N.pdb_A	826	-11.8312	-8.63602	-12.4989
N30V.pdb_A	838	-11.6276	-8.74748	-9.30122
R1034T.pdb_C	845	-11.8944	-11.5943	-5.93526
V14D.pdb_A	855	-11.161	-7.85695	-8.44941
R98S.pdb_A	865	-11.304	-7.85226	-7.93983
A104E.pdb_A	870	-11.0284	-7.90218	-7.07937
P123T.pdb_A	877	-10.5132	-7.52981	-6.55599
S82N.pdb_A	889	-10.5246	-7.55557	-8.47184
D14K.pdb_A	901	-11.2669	-8.64868	-8.01918
T1034N.pdb_C	908	-10.762	-11.9379	-2.80981
R139H.pdb_A	916	-10.5729	-8.49693	-7.34524
M74R.pdb_A	935	-10.604	-8.54703	-7.54518
W142Y.pdb_A	954	-10.7257	-8.71253	-7.35676
P52Q.pdb_A	972	-10.7528	-8.71204	-7.46032
D1027A.pdb_C	987	-10.8132	-11.6349	-2.34492
H1042I.pdb_C	998	-10.8943	-11.6077	-2.51005
