name	count	evolved_interaction	ancestral_interaction	stability
I96W.pdb_A	1	-10.4928	-10.5178	-24.2397
L149T.pdb_A	7	-11.0286	-10.6289	-20.6589
D102H.pdb_A	14	-11.1439	-10.725	-13.1335
E131S.pdb_A	24	-11.1527	-10.7172	-7.58568
Y68M.pdb_A	45	-10.669	-9.92778	-6.2355
Y143N.pdb_A	54	-10.7593	-9.92142	-6.24451
H102G.pdb_A	65	-10.5987	-9.92879	-5.15719
T149M.pdb_A	83	-11.2419	-9.92609	-6.67215
A79P.pdb_A	91	-11.2341	-10.8403	-10.0362
L38I.pdb_A	97	-11.5782	-10.919	-12.3583
K110P.pdb_A	102	-11.3618	-10.9246	-12.5464
L91G.pdb_A	107	-11.0972	-10.3884	-13.272
P117R.pdb_A	112	-11.6252	-11.2325	-18.0007
W103D.pdb_A	119	-11.646	-11.2651	-11.2053
G34C.pdb_A	125	-11.6023	-11.5975	-11.2964
S138H.pdb_A	133	-11.4496	-11.5835	-7.88354
V82Q.pdb_A	140	-11.4366	-11.3439	-6.71179
F1051N.pdb_C	153	-11.4182	-10.8505	-2.63843
P108Q.pdb_A	166	-11.4428	-11.5921	-6.93258
N1085P.pdb_C	181	-11.3439	-10.6342	-2.80462
S156M.pdb_A	192	-12.1076	-12.1158	-8.22634
Q10L.pdb_A	201	-12.1219	-12.0309	-9.05855
N1051M.pdb_C	210	-12.1884	-10.6842	-2.78958
H153F.pdb_A	217	-11.9551	-12.117	-7.28048
H1054T.pdb_C	232	-11.5118	-10.3002	-2.78163
G1046R.pdb_C	244	-11.3937	-10.1615	-3.37304
T1073H.pdb_C	251	-11.1521	-10.196	-3.32629
L1066F.pdb_C	263	-10.9912	-10.288	-2.30163
H1089L.pdb_C	275	-11.0554	-10.4508	-5.67176
K141W.pdb_A	281	-10.5714	-11.7635	-8.00205
F153T.pdb_A	293	-10.5939	-11.7504	-7.82001
D3H.pdb_A	302	-10.5925	-11.3098	-7.29616
K1029Q.pdb_C	311	-10.6026	-10.6546	-7.12632
T1077A.pdb_C	328	-10.8216	-9.99774	-5.19109
R133L.pdb_A	338	-11.02	-11.126	-9.88512
S127M.pdb_A	343	-10.7432	-11.1297	-10.4067
A32D.pdb_A	351	-10.8206	-11.1147	-6.83514
S1082Q.pdb_C	357	-10.9094	-10.121	-7.69901
K18T.pdb_A	362	-10.962	-11.4007	-7.63533
Q1040A.pdb_C	378	-10.8488	-10.0534	-7.82141
A99R.pdb_A	383	-10.8635	-10.971	-9.78167
Q1080D.pdb_C	389	-10.9881	-10.1698	-5.52734
W141E.pdb_A	398	-11.2285	-11.0774	-10.4816
K1094T.pdb_C	404	-11.212	-10.1682	-4.86661
N11Y.pdb_A	412	-11.3423	-10.9663	-6.7537
K54N.pdb_A	427	-11.2787	-10.8905	-7.43042
F1036P.pdb_C	437	-11.2043	-10.5564	-1.80321
V143M.pdb_A	446	-11.2148	-10.8654	-7.64069
E49N.pdb_A	457	-10.8865	-11.1105	-6.92381
L1059K.pdb_C	467	-10.7179	-10.2516	-2.03109
D145I.pdb_A	478	-10.7509	-11.0184	-8.59658
R135N.pdb_A	484	-10.7944	-11.0065	-10.6904
Y11S.pdb_A	490	-10.7831	-11.0468	-7.10686
F1086Q.pdb_C	500	-10.8143	-10.0425	-3.82147
L4A.pdb_A	518	-10.7741	-11.044	-6.81823
T32S.pdb_A	529	-10.7568	-11.0445	-6.97793
R15I.pdb_A	551	-10.5434	-10.7837	-7.54525
N100V.pdb_A	562	-10.5554	-10.4773	-8.16655
E42V.pdb_A	568	-10.4285	-10.2989	-9.66092
D103E.pdb_A	593	-10.4798	-10.3084	-7.47971
N49V.pdb_A	602	-10.5066	-10.3046	-7.77924
H1071L.pdb_C	619	-10.5496	-10.025	-4.12873
N40A.pdb_A	628	-10.5235	-10.2659	-8.64844
C1040K.pdb_C	641	-11.5748	-9.93038	-5.04224
K54P.pdb_A	647	-11.606	-11.9689	-6.93686
W7Y.pdb_A	655	-11.7013	-12.0735	-8.35214
I63K.pdb_A	663	-11.7058	-12.0722	-6.9276
H1058L.pdb_C	676	-11.3599	-9.596	-4.3751
P1023V.pdb_C	682	-11.9475	-9.47022	-5.12709
M1077I.pdb_C	691	-12.185	-9.44078	-4.4068
V1028L.pdb_C	702	-12.1055	-9.31593	-3.45986
K4R.pdb_A	718	-12.5244	-12.3487	-6.62778
L1048I.pdb_C	726	-12.6549	-9.26778	-3.17533
E142Q.pdb_A	738	-12.6549	-11.5651	-7.38782
M104V.pdb_A	750	-12.5382	-11.5651	-9.06131
H20P.pdb_A	761	-11.0387	-10.5677	-9.31721
T18K.pdb_A	769	-11.487	-11.1581	-7.11653
G71E.pdb_A	777	-11.511	-10.7051	-10.6415
Q150T.pdb_A	784	-11.3192	-10.7151	-11.9895
I93H.pdb_A	790	-11.4478	-10.9096	-9.18619
P1030R.pdb_C	796	-11.1729	-8.05467	-7.11803
I1050A.pdb_C	803	-11.2024	-8.05682	-6.04139
R1039K.pdb_C	811	-11.2687	-8.63319	-6.89678
R1075M.pdb_C	826	-10.3834	-7.8997	-4.02015
S70I.pdb_A	834	-10.3888	-11.0197	-8.26771
M1060K.pdb_C	859	-10.391	-8.02307	-2.29938
H93F.pdb_A	881	-10.3689	-10.8187	-8.12512
D59Y.pdb_A	889	-10.461	-10.8998	-6.60696
W1034F.pdb_C	905	-10.6793	-7.83087	-4.94241
L1049F.pdb_C	917	-12.013	-8.25835	-5.29654
G144D.pdb_A	923	-12.0167	-12.8691	-10.7944
F34N.pdb_A	928	-12.0679	-12.8502	-8.85177
G1062W.pdb_C	942	-11.7278	-7.87473	-7.0554
P46S.pdb_A	948	-11.6641	-12.3836	-6.9149
Q142D.pdb_A	957	-11.3621	-12.2705	-8.359
M1075D.pdb_C	967	-11.4208	-8.12337	-4.37853
I4G.pdb_A	982	-10.8585	-12.2296	-7.02919
I1093T.pdb_C	992	-10.8766	-7.67293	-4.36859
