name	count	evolved_interaction	ancestral_interaction	stability
K71C.pdb_A	1	-10.5028	-10.5149	-25.7883
V1028L.pdb_C	7	-10.7702	-10.3581	-12.9682
E12T.pdb_A	12	-11.7659	-11.0686	-14.6115
Q130G.pdb_A	17	-11.79	-11.0463	-11.7679
S127D.pdb_A	22	-11.7266	-11.0635	-12.4925
Y87K.pdb_A	27	-11.9188	-11.3233	-7.9652
S89F.pdb_A	33	-11.9278	-11.333	-7.93679
N98Q.pdb_A	46	-11.8184	-11.2259	-6.95346
A32R.pdb_A	53	-11.8248	-11.2349	-7.5487
E143K.pdb_A	62	-11.8165	-11.2288	-8.84731
T36S.pdb_A	72	-11.9357	-11.3701	-8.31373
L97I.pdb_A	78	-12.699	-12.0153	-8.11945
D1080L.pdb_C	83	-12.0558	-10.9853	-5.30977
E1079H.pdb_C	89	-12.0264	-10.8973	-4.77214
P1044Y.pdb_C	94	-11.3007	-10.8837	-4.35538
C5L.pdb_A	101	-11.3955	-10.8953	-10.6687
M1042H.pdb_C	108	-11.2558	-10.5843	-4.46473
W1039F.pdb_C	121	-11.2705	-10.8374	-2.98695
D100S.pdb_A	127	-11.7676	-11.2591	-7.99774
Q32A.pdb_A	133	-12.0373	-10.9962	-7.69279
D1082T.pdb_C	140	-11.2342	-10.3264	-5.70925
Q139A.pdb_A	164	-11.9015	-11.2613	-7.33734
F1036I.pdb_C	176	-11.5035	-10.6127	-5.35784
G120V.pdb_A	184	-10.6082	-10.725	-9.70188
Q109I.pdb_A	189	-10.6864	-10.7232	-8.48877
K93W.pdb_A	202	-10.6849	-10.7631	-7.43432
A139S.pdb_A	213	-10.5616	-10.7393	-8.01546
D1077G.pdb_C	220	-10.5553	-10.2304	-5.43521
K146L.pdb_A	232	-10.7467	-10.7657	-8.54039
I33E.pdb_A	244	-10.6839	-10.7331	-7.24106
K1038T.pdb_C	257	-10.8891	-10.5046	-6.45764
Q155R.pdb_A	267	-10.8677	-10.9277	-10.4003
M1091C.pdb_C	274	-10.9033	-10.3878	-11.3198
Q1073Y.pdb_C	282	-10.9393	-10.3742	-11.0925
K87L.pdb_A	296	-10.9408	-10.9551	-7.56419
T108L.pdb_A	302	-11.0127	-10.9497	-8.99095
Q1029V.pdb_C	310	-10.7915	-10.2357	-2.69818
G156K.pdb_A	319	-10.5328	-10.6036	-7.31025
P125K.pdb_A	334	-10.5244	-10.572	-8.66431
L1040Q.pdb_C	342	-10.5449	-10.2584	-2.29637
M74D.pdb_A	348	-11.0799	-10.1364	-7.04127
H70K.pdb_A	357	-10.8613	-10.6552	-7.56489
I96P.pdb_A	364	-10.8542	-10.6571	-6.87584
Q142G.pdb_A	373	-10.9293	-10.6702	-7.67783
D127K.pdb_A	385	-10.9211	-10.3192	-8.54203
Q101G.pdb_A	402	-10.9417	-10.3327	-7.63202
R4V.pdb_A	410	-10.8972	-10.0752	-6.67065
S1033H.pdb_C	423	-10.8631	-10.5958	-3.36798
E1034I.pdb_C	433	-10.6333	-10.4229	-4.03871
T76E.pdb_A	440	-10.7656	-8.99859	-8.11134
Y8Q.pdb_A	449	-10.7492	-8.93828	-7.71256
D52S.pdb_A	460	-10.7093	-9.65588	-8.19509
A131F.pdb_A	470	-11.1051	-9.54568	-8.97424
L87M.pdb_A	479	-11.1727	-10.0003	-6.80688
I60M.pdb_A	488	-11.038	-9.63241	-5.10928
G1057Y.pdb_C	503	-10.8994	-10.4776	-4.05279
V57I.pdb_A	509	-10.8748	-9.77209	-9.75962
Y142T.pdb_A	518	-10.8917	-9.76552	-7.78014
L1035R.pdb_C	529	-10.8505	-10.3993	-2.88714
T61P.pdb_A	545	-10.546	-9.3602	-7.75427
T66M.pdb_A	568	-10.5183	-8.80571	-8.3045
W103S.pdb_A	577	-10.5242	-8.78079	-6.83382
Q74C.pdb_A	586	-10.5281	-8.79338	-7.40946
W125P.pdb_A	599	-11.4451	-8.73187	-9.48269
I57P.pdb_A	608	-11.2331	-8.70105	-6.64889
R1027L.pdb_C	624	-10.587	-9.70633	-3.92611
L108G.pdb_A	640	-10.7025	-9.99013	-7.89661
M21W.pdb_A	648	-10.6726	-9.89129	-8.00428
R1039I.pdb_C	655	-11.6515	-9.92315	-5.84609
S152V.pdb_A	663	-10.453	-10.687	-6.99182
Y1044S.pdb_C	673	-10.4525	-8.60914	-3.95807
K143C.pdb_A	683	-10.6076	-11.2032	-7.15537
L33W.pdb_A	699	-10.6082	-11.2988	-7.255
W33Y.pdb_A	714	-10.5871	-11.2892	-6.29972
P57R.pdb_A	722	-11.1256	-12.159	-12.1425
F1052T.pdb_C	727	-11.2045	-8.40344	-6.18179
R1023T.pdb_C	736	-11.1497	-8.4011	-6.42283
V148I.pdb_A	745	-11.1037	-12.0949	-7.16689
V1095P.pdb_C	763	-11.2033	-8.33486	-4.92871
M96H.pdb_A	774	-11.1956	-11.8781	-8.70948
K1054M.pdb_C	782	-11.2531	-8.39901	-6.80784
A26M.pdb_A	787	-11.5082	-11.7749	-6.79325
F1060K.pdb_C	794	-11.5062	-8.18965	-3.53122
A1036N.pdb_C	807	-12.0742	-8.52827	-3.41257
S103I.pdb_A	822	-11.1062	-11.4799	-7.58261
L107V.pdb_A	833	-11.1364	-11.4794	-7.51111
L1048A.pdb_C	847	-11.065	-8.46264	-3.6752
L150F.pdb_A	858	-11.0911	-11.4654	-8.30369
G50C.pdb_A	863	-11.0898	-11.5986	-7.26816
Q23C.pdb_A	870	-11.0763	-11.2181	-8.08299
C18M.pdb_A	878	-11.9231	-11.5657	-7.24922
T139S.pdb_A	884	-11.6578	-11.705	-6.6022
H126F.pdb_A	894	-11.614	-11.5463	-9.20738
K100N.pdb_A	901	-11.6075	-11.9333	-7.43638
M124F.pdb_A	914	-11.7588	-11.8138	-7.11936
C1091T.pdb_C	930	-11.7653	-8.54013	-5.18434
C134R.pdb_A	936	-11.5877	-11.8525	-8.01979
K122N.pdb_A	942	-11.2951	-9.99497	-7.29395
D1040K.pdb_C	948	-11.2745	-8.08742	-4.43912
K1032C.pdb_C	957	-11.3988	-8.06234	-2.83658
M91H.pdb_A	963	-11.5375	-7.84343	-6.65136
R30E.pdb_A	992	-11.1547	-7.41346	-7.06777
C1075N.pdb_C	1000	-11.1686	-8.27316	-3.45099
