name	count	evolved_interaction	ancestral_interaction	stability
K1027H.pdb_C	1	-10.3493	-10.0957	-5.9923
K76S.pdb_A	8	-10.2546	-10.4798	-17.1547
Q7K.pdb_A	13	-10.6055	-10.345	-14.7699
L120I.pdb_A	19	-10.6182	-10.3763	-8.79093
S1032F.pdb_C	27	-10.6104	-9.3173	-4.45031
D1082N.pdb_C	33	-9.90233	-9.70813	-5.00133
M1049F.pdb_C	39	-10.2395	-9.7559	-7.5528
W1036S.pdb_C	47	-7.74259	-9.70358	-7.49908
F22S.pdb_A	54	-5.33417	-4.89273	-7.09676
K71H.pdb_A	59	-5.06399	-5.43727	-8.48406
K105L.pdb_A	69	-4.92229	-5.15115	-7.67946
S1033W.pdb_C	74	-4.83256	-9.79134	-5.19599
L1045M.pdb_C	85	-3.77311	-8.27428	-4.39836
Q39W.pdb_A	97	-3.64442	-4.92206	-7.51969
N66R.pdb_A	106	-3.90236	-4.92319	-8.25975
I1088D.pdb_C	111	-1.94856	-5.90262	-4.29175
N140D.pdb_A	116	-2.28354	-4.62679	-12.3732
K1041A.pdb_C	128	-2.20246	-5.08469	-3.13312
G106C.pdb_A	144	-2.09532	-4.42359	-6.57494
L148V.pdb_A	151	-1.72488	-3.93921	-7.88458
Q145W.pdb_A	158	-1.37286	-3.94811	-6.30865
Q10W.pdb_A	171	-1.37059	-3.71331	-7.25107
N124S.pdb_A	179	-1.38235	-3.71134	-7.876
R1047V.pdb_C	192	-2.44547	-4.10404	-2.18875
M1032L.pdb_C	202	-2.46249	-4.49721	-3.41231
Q1059L.pdb_C	221	-2.08107	-3.99057	-5.16903
D100M.pdb_A	229	-1.56978	-3.48653	-11.4273
K1055C.pdb_C	234	-0.510587	-3.16536	-5.25098
R1024Q.pdb_C	239	-1.28615	-4.47946	-4.41706
Q117D.pdb_A	244	-1.27845	-2.71225	-7.08868
R17A.pdb_A	250	1.82933	1.63767	-7.41165
W1076Y.pdb_C	259	2.018	-4.75269	-3.1911
A98L.pdb_A	266	2.03206	1.96045	-9.00803
V57R.pdb_A	272	2.12432	1.12034	-9.8117
R8Q.pdb_A	279	2.10356	1.13178	-6.53526
G50Q.pdb_A	291	2.08675	1.16515	-8.56333
P142M.pdb_A	304	2.29335	1.93555	-6.87604
K31E.pdb_A	317	2.12501	1.62097	-7.41044
S1062C.pdb_C	323	2.10326	-4.5217	-2.19213
C1075E.pdb_C	338	0.087244	-5.89134	-2.50001
M1045L.pdb_C	354	0.15103	-5.78566	-4.06335
D1068K.pdb_C	361	-0.773196	-2.54553	-4.89686
D118H.pdb_A	383	-0.844016	0.569515	-9.18091
N1026V.pdb_C	389	-0.766824	-2.42557	-5.04104
A1091N.pdb_C	396	-0.755137	-2.43569	-3.98271
R1093W.pdb_C	404	-0.750203	-2.26248	-3.73317
I1055F.pdb_C	413	-0.696205	-2.4786	-8.18173
T42I.pdb_A	425	1.10752	0.553332	-8.60829
F1037S.pdb_C	432	1.10901	1.16195	-3.48739
K66C.pdb_A	444	1.21569	0.532665	-6.80692
K27C.pdb_A	461	1.47921	0.95174	-7.05234
V62C.pdb_A	471	1.49857	1.15063	-7.83374
S1036T.pdb_C	480	1.36999	2.1247	-2.6465
G92M.pdb_A	490	1.36753	1.16003	-12.2995
C93D.pdb_A	499	1.42278	1.10933	-8.801
E1088A.pdb_C	505	1.64973	1.23652	-2.43965
E18V.pdb_A	511	1.25011	0.293538	-6.9283
G44M.pdb_A	519	1.94096	-0.652474	-11.9949
L105Q.pdb_A	524	1.96661	-0.688244	-10.5208
Y101K.pdb_A	532	1.99413	-0.707963	-7.69999
D102L.pdb_A	539	0.324614	-0.229233	-7.2122
P82D.pdb_A	546	0.279382	-0.384056	-6.84527
F114R.pdb_A	563	0.584917	-0.832886	-6.94255
R1046Q.pdb_C	573	0.546276	0.912352	-2.51231
H22C.pdb_A	596	1.77466	0.583605	-6.98662
M1084F.pdb_C	606	3.19164	1.91301	-3.23115
N1079M.pdb_C	615	5.17437	3.02124	-3.42126
C22S.pdb_A	623	5.06204	3.35487	-7.59359
F4W.pdb_A	647	5.05161	3.38288	-8.35559
F1084W.pdb_C	661	4.16163	3.5843	-2.17564
I1061C.pdb_C	682	4.32385	3.01082	-2.90879
I73A.pdb_A	698	5.01657	2.23354	-8.74948
M1079R.pdb_C	715	5.07292	3.25397	-1.99444
V1095R.pdb_C	722	4.27476	4.97332	1.60038
Q1082S.pdb_C	728	4.23474	4.43491	1.99229
L98I.pdb_A	736	4.83173	2.35094	-8.44067
N120M.pdb_A	744	4.72198	2.34595	-9.73937
K153N.pdb_A	754	4.43212	2.36656	-9.38954
Q13H.pdb_A	760	4.0208	1.77173	-6.92506
G7H.pdb_A	771	4.15575	1.72342	-7.56154
M30I.pdb_A	778	3.00904	1.72478	-7.20022
Q40T.pdb_A	791	2.00821	1.82323	-6.55458
R144L.pdb_A	798	1.88055	1.94238	-11.123
W4E.pdb_A	808	3.07208	3.53056	-9.33603
Y113L.pdb_A	817	3.66899	3.50123	-8.77622
F131W.pdb_A	822	3.07285	3.56717	-9.41905
H1035C.pdb_C	828	2.86573	3.28134	-5.28721
I96Q.pdb_A	839	2.87534	3.49827	-7.58884
L136F.pdb_A	848	2.85958	3.66978	-7.52623
G67K.pdb_A	855	2.87946	3.57636	-8.74238
D1059I.pdb_C	864	2.88898	5.21035	-3.54373
V1084E.pdb_C	878	2.91605	-2.37612	-2.66395
D61W.pdb_A	893	2.13199	3.46593	-8.38348
N130R.pdb_A	899	2.26682	3.57789	-7.95537
M148V.pdb_A	918	2.26622	3.67346	-8.44802
Y145G.pdb_A	928	2.86062	3.45112	-9.20612
K1094V.pdb_C	938	2.78119	-1.90888	-2.86038
V1023R.pdb_C	950	2.89335	-1.89234	-3.19686
N1037I.pdb_C	955	2.89581	-1.88717	-4.24385
Y91C.pdb_A	964	2.86199	2.03678	-7.28198
T1027R.pdb_C	971	3.06015	-3.27615	-6.515
Q15V.pdb_A	979	3.04501	2.14702	-7.25661
L109H.pdb_A	986	3.00107	2.1423	-7.94453
F134C.pdb_A	998	4.6999	1.47753	-7.5046
